62 -1 60 -1 795 -1 60 -1 60 -1 -2
62 -1 60 -1 795 -1 60 -1 60 -1 -2
62 -1 60 -1 692 -1 60 -1 60 -1 -2
62 -1 60 -1 532 -1 60 -1 60 -1 -2
62 -1 60 -1 795 -1 60 -1 60 -1 -2
62 -1 60 -1 795 -1 60 -1 60 -1 -2
62 -1 60 -1 532 -1 60 -1 60 -1 -2
62 -1 60 -1 532 -1 60 -1 60 -1 -2
62 -1 60 -1 532 -1 60 -1 60 -1 -2
62 -1 60 -1 532 -1 60 -1 60 -1 -2
62 -1 60 -1 532 -1 60 -1 60 -1 -2
62 -1 60 -1 532 -1 60 -1 60 -1 -2
62 -1 60 -1 795 -1 60 -1 60 -1 -2
62 -1 60 -1 602 -1 60 -1 60 -1 -2
62 -1 60 -1 795 -1 60 -1 60 -1 -2
62 -1 60 -1 532 -1 60 -1 60 -1 -2
62 -1 60 -1 795 -1 60 -1 60 -1 -2
62 -1 60 -1 978 -1 60 -1 60 -1 -2
62 -1 60 -1 532 -1 60 -1 60 -1 -2
62 -1 60 -1 532 -1 60 -1 60 -1 -2
62 -1 60 -1 795 -1 60 -1 60 -1 -2
62 -1 60 -1 795 -1 60 -1 60 -1 -2
62 -1 60 -1 703 -1 60 -1 60 -1 -2
62 -1 60 -1 60 -1 532 -1 60 -1 -2
62 -1 60 -1 795 -1 60 -1 60 -1 -2
62 -1 60 -1 683 -1 60 -1 60 -1 -2
62 -1 60 -1 795 -1 60 -1 60 -1 -2
62 -1 60 -1 532 -1 60 -1 60 -1 -2
62 -1 60 -1 795 -1 60 -1 60 -1 -2
62 -1 60 -1 795 -1 60 -1 60 -1 -2
62 -1 60 -1 532 -1 60 -1 60 -1 -2
62 -1 60 -1 532 -1 60 -1 60 -1 -2
62 -1 60 -1 795 -1 60 -1 60 -1 -2
62 -1 60 -1 532 -1 60 -1 60 -1 -2
62 -1 60 -1 532 -1 60 -1 60 -1 -2
62 -1 60 -1 532 -1 60 -1 60 -1 -2
62 -1 60 -1 795 -1 60 -1 60 -1 -2
62 -1 60 -1 532 -1 60 -1 60 -1 -2
62 -1 60 -1 532 -1 60 -1 60 -1 -2
62 -1 60 -1 795 -1 60 -1 60 -1 -2
62 -1 60 -1 795 -1 60 -1 60 -1 -2
62 -1 60 -1 532 -1 60 -1 60 -1 -2
62 -1 60 -1 795 -1 60 -1 60 -1 -2
62 -1 60 -1 532 -1 60 -1 60 -1 -2
62 -1 60 -1 374 -1 60 -1 60 -1 -2
62 -1 60 -1 532 -1 60 -1 60 -1 -2
62 -1 60 -1 703 -1 60 -1 60 -1 -2
62 -1 60 -1 532 -1 60 -1 60 -1 -2
62 -1 60 -1 374 -1 60 -1 60 -1 -2
62 -1 60 -1 532 -1 60 -1 60 -1 -2
62 -1 60 -1 795 -1 60 -1 60 -1 -2
62 -1 60 -1 692 -1 60 -1 60 -1 -2
62 -1 60 -1 795 -1 60 -1 60 -1 -2
62 -1 60 -1 374 -1 60 -1 60 -1 -2
62 -1 60 -1 532 -1 60 -1 60 -1 -2
62 -1 60 -1 703 -1 60 -1 60 -1 -2
62 -1 60 -1 795 -1 60 -1 60 -1 -2
62 -1 60 -1 703 -1 60 -1 60 -1 -2
62 -1 60 -1 795 -1 60 -1 60 -1 -2
62 -1 60 -1 795 -1 60 -1 60 -1 -2
62 -1 60 -1 532 -1 60 -1 60 -1 -2
62 -1 60 -1 532 -1 60 -1 60 -1 -2
62 -1 60 -1 795 -1 60 -1 60 -1 -2
62 -1 60 -1 795 -1 60 -1 60 -1 -2
62 -1 60 -1 795 -1 60 -1 60 -1 -2
62 -1 60 -1 532 -1 60 -1 60 -1 -2
62 -1 60 -1 692 -1 60 -1 60 -1 -2
62 -1 60 -1 795 -1 60 -1 60 -1 -2
62 -1 60 -1 532 -1 60 -1 60 -1 -2
62 -1 60 -1 532 -1 60 -1 60 -1 -2
62 -1 60 -1 978 -1 60 -1 60 -1 -2
62 -1 60 -1 532 -1 60 -1 60 -1 -2
62 -1 60 -1 692 -1 60 -1 60 -1 -2
62 -1 60 -1 795 -1 60 -1 60 -1 -2
62 -1 60 -1 692 -1 60 -1 60 -1 -2
62 -1 60 -1 532 -1 60 -1 60 -1 -2
62 -1 60 -1 532 -1 60 -1 60 -1 -2
62 -1 60 -1 795 -1 60 -1 60 -1 -2
62 -1 60 -1 795 -1 60 -1 60 -1 -2
62 -1 60 -1 692 -1 60 -1 60 -1 -2
62 -1 60 -1 692 -1 60 -1 60 -1 -2
62 -1 60 -1 978 -1 60 -1 60 -1 -2
62 -1 60 -1 795 -1 60 -1 60 -1 -2
62 -1 60 -1 532 -1 60 -1 60 -1 -2
62 -1 60 -1 795 -1 60 -1 60 -1 -2
62 -1 60 -1 532 -1 60 -1 60 -1 -2
62 -1 60 -1 532 -1 60 -1 60 -1 -2
62 -1 60 -1 692 -1 60 -1 60 -1 -2
62 -1 60 -1 532 -1 60 -1 60 -1 -2
62 -1 60 -1 795 -1 60 -1 60 -1 -2
62 -1 60 -1 532 -1 60 -1 60 -1 -2
62 -1 60 -1 532 -1 60 -1 60 -1 -2
62 -1 60 -1 978 -1 60 -1 60 -1 -2
62 -1 60 -1 795 -1 60 -1 60 -1 -2
62 -1 60 -1 532 -1 60 -1 60 -1 -2
62 -1 60 -1 795 -1 60 -1 60 -1 -2
