67 -1 44 -1 67 -1 44 -1 67 -1 61 -1 61 -1 -2
67 -1 44 -1 67 -1 44 -1 67 -1 44 -1 -2
44 -1 67 -1 44 -1 67 -1 44 -1 -2
44 -1 67 -1 44 -1 67 -1 44 -1 -2
44 -1 391 -1 44 -1 368 -1 44 -1 -2
44 -1 67 -1 44 -1 67 -1 44 -1 -2
44 -1 67 -1 44 -1 67 -1 44 -1 -2
44 -1 67 -1 44 -1 67 -1 44 -1 -2
67 -1 44 -1 67 -1 44 -1 67 -1 44 -1 -2
44 -1 67 -1 44 -1 67 -1 44 -1 -2
67 -1 80 -1 44 -1 61 -1 67 -1 44 -1 67 -1 80 -1 -2
44 -1 67 -1 44 -1 67 -1 44 -1 -2
67 -1 44 -1 67 -1 44 -1 67 -1 44 -1 -2
44 -1 67 -1 44 -1 67 -1 44 -1 -2
44 -1 44 -1 67 -1 44 -1 67 -1 -2
67 -1 44 -1 299 -1 67 -1 67 -1 44 -1 -2
67 -1 44 -1 67 -1 44 -1 67 -1 44 -1 -2
44 -1 67 -1 44 -1 67 -1 44 -1 -2
44 -1 67 -1 44 -1 44 -1 67 -1 -2
44 -1 67 -1 44 -1 67 -1 44 -1 67 -1 -2
44 -1 67 -1 44 -1 67 -1 44 -1 -2
