92 -1 92 -1 92 -1 92 -1 92 -1 92 -1 92 -1 92 -1 92 -1 92 -1 92 -1 92 -1 92 -1 -2
243 -1 252 -1 243 -1 243 -1 252 -1 243 -1 -2
62 -1 60 -1 143 -1 341 -1 175 -1 114 -1 338 -1 97 -1 93 -1 60 -1 -2
62 -1 60 -1 143 -1 341 -1 175 -1 114 -1 158 -1 97 -1 93 -1 60 -1 -2
62 -1 60 -1 143 -1 341 -1 175 -1 114 -1 122 -1 97 -1 93 -1 60 -1 -2
62 -1 60 -1 143 -1 341 -1 175 -1 114 -1 122 -1 97 -1 93 -1 60 -1 -2
62 -1 60 -1 143 -1 341 -1 175 -1 114 -1 122 -1 97 -1 93 -1 60 -1 -2
62 -1 60 -1 143 -1 341 -1 175 -1 114 -1 158 -1 97 -1 93 -1 60 -1 -2
62 -1 60 -1 143 -1 341 -1 175 -1 114 -1 338 -1 97 -1 93 -1 60 -1 -2
62 -1 60 -1 143 -1 341 -1 175 -1 114 -1 122 -1 97 -1 93 -1 60 -1 -2
62 -1 60 -1 143 -1 341 -1 175 -1 114 -1 122 -1 97 -1 93 -1 60 -1 -2
62 -1 60 -1 143 -1 341 -1 175 -1 114 -1 122 -1 97 -1 93 -1 60 -1 -2
62 -1 60 -1 143 -1 341 -1 175 -1 114 -1 122 -1 97 -1 93 -1 60 -1 -2
62 -1 60 -1 143 -1 341 -1 175 -1 114 -1 122 -1 97 -1 93 -1 60 -1 -2
62 -1 60 -1 143 -1 341 -1 175 -1 114 -1 122 -1 97 -1 93 -1 60 -1 -2
62 -1 60 -1 143 -1 341 -1 175 -1 114 -1 338 -1 97 -1 93 -1 60 -1 -2
62 -1 60 -1 143 -1 341 -1 175 -1 114 -1 158 -1 97 -1 93 -1 60 -1 -2
62 -1 60 -1 143 -1 341 -1 175 -1 114 -1 122 -1 97 -1 93 -1 60 -1 -2
62 -1 60 -1 143 -1 341 -1 175 -1 114 -1 158 -1 97 -1 93 -1 60 -1 -2
62 -1 60 -1 143 -1 341 -1 175 -1 114 -1 338 -1 97 -1 93 -1 60 -1 -2
62 -1 60 -1 143 -1 341 -1 175 -1 114 -1 122 -1 97 -1 93 -1 60 -1 -2
62 -1 60 -1 143 -1 341 -1 175 -1 114 -1 122 -1 97 -1 93 -1 60 -1 -2
62 -1 60 -1 143 -1 341 -1 175 -1 114 -1 122 -1 97 -1 93 -1 60 -1 -2
62 -1 60 -1 143 -1 341 -1 175 -1 114 -1 158 -1 97 -1 93 -1 60 -1 -2
62 -1 60 -1 143 -1 341 -1 175 -1 114 -1 338 -1 97 -1 93 -1 60 -1 -2
62 -1 60 -1 143 -1 341 -1 175 -1 114 -1 122 -1 97 -1 93 -1 60 -1 -2
62 -1 60 -1 143 -1 341 -1 175 -1 114 -1 122 -1 97 -1 93 -1 60 -1 -2
62 -1 60 -1 143 -1 341 -1 175 -1 114 -1 122 -1 97 -1 93 -1 60 -1 -2
62 -1 60 -1 143 -1 341 -1 175 -1 114 -1 338 -1 97 -1 93 -1 60 -1 -2
62 -1 60 -1 143 -1 341 -1 175 -1 114 -1 158 -1 97 -1 93 -1 60 -1 -2
62 -1 60 -1 143 -1 341 -1 175 -1 114 -1 122 -1 97 -1 93 -1 60 -1 -2
62 -1 60 -1 143 -1 341 -1 175 -1 114 -1 158 -1 97 -1 93 -1 60 -1 -2
62 -1 60 -1 156 -1 60 -1 60 -1 244 -1 195 -1 60 -1 60 -1 60 -1 60 -1 60 -1 60 -1 60 -1 60 -1 60 -1 60 -1 60 -1 155 -1 60 -1 -2
62 -1 60 -1 143 -1 60 -1 60 -1 125 -1 60 -1 -2
62 -1 60 -1 147 -1 60 -1 60 -1 60 -1 60 -1 60 -1 60 -1 60 -1 60 -1 60 -1 60 -1 60 -1 60 -1 60 -1 60 -1 60 -1 129 -1 60 -1 -2
60 -1 60 -1 60 -1 60 -1 60 -1 60 -1 60 -1 60 -1 60 -1 60 -1 60 -1 60 -1 60 -1 60 -1 60 -1 129 -1 60 -1 -2
62 -1 60 -1 124 -1 124 -1 60 -1 60 -1 60 -1 60 -1 60 -1 60 -1 60 -1 125 -1 60 -1 60 -1 126 -1 60 -1 60 -1 60 -1 117 -1 60 -1 60 -1 60 -1 133 -1 60 -1 60 -1 60 -1 60 -1 60 -1 60 -1 60 -1 60 -1 60 -1 60 -1 60 -1 60 -1 125 -1 60 -1 -2
62 -1 60 -1 156 -1 60 -1 60 -1 368 -1 170 -1 140 -1 60 -1 60 -1 66 -1 66 -1 66 -1 66 -1 66 -1 66 -1 60 -1 60 -1 60 -1 60 -1 60 -1 66 -1 66 -1 60 -1 162 -1 60 -1 60 -1 60 -1 60 -1 60 -1 60 -1 -2
62 -1 60 -1 140 -1 60 -1 60 -1 -2
62 -1 60 -1 156 -1 60 -1 60 -1 364 -1 60 -1 159 -1 60 -1 -2
62 -1 60 -1 125 -1 60 -1 60 -1 60 -1 60 -1 60 -1 60 -1 60 -1 60 -1 60 -1 60 -1 60 -1 60 -1 -2
62 -1 60 -1 163 -1 135 -1 60 -1 60 -1 60 -1 60 -1 60 -1 60 -1 60 -1 60 -1 60 -1 60 -1 60 -1 60 -1 -2
62 -1 60 -1 141 -1 60 -1 60 -1 60 -1 -2
62 -1 60 -1 172 -1 60 -1 60 -1 60 -1 60 -1 60 -1 120 -1 60 -1 60 -1 60 -1 60 -1 60 -1 60 -1 60 -1 60 -1 60 -1 132 -1 134 -1 136 -1 60 -1 133 -1 132 -1 132 -1 143 -1 60 -1 60 -1 60 -1 136 -1 60 -1 60 -1 60 -1 -2
62 -1 60 -1 132 -1 60 -1 60 -1 60 -1 60 -1 60 -1 60 -1 60 -1 60 -1 60 -1 60 -1 60 -1 60 -1 60 -1 60 -1 121 -1 60 -1 -2
62 -1 60 -1 142 -1 60 -1 60 -1 -2
62 -1 60 -1 156 -1 60 -1 60 -1 368 -1 183 -1 60 -1 60 -1 60 -1 60 -1 60 -1 60 -1 60 -1 60 -1 60 -1 60 -1 60 -1 60 -1 60 -1 60 -1 60 -1 156 -1 60 -1 60 -1 60 -1 60 -1 144 -1 167 -1 167 -1 167 -1 167 -1 170 -1 60 -1 60 -1 60 -1 60 -1 60 -1 60 -1 60 -1 60 -1 60 -1 60 -1 60 -1 60 -1 60 -1 60 -1 60 -1 60 -1 60 -1 -2
62 -1 60 -1 161 -1 60 -1 60 -1 -2
60 -1 60 -1 60 -1 60 -1 60 -1 -2
60 -1 60 -1 60 -1 60 -1 60 -1 -2
62 -1 60 -1 168 -1 60 -1 60 -1 60 -1 60 -1 60 -1 60 -1 60 -1 60 -1 60 -1 60 -1 -2
62 -1 60 -1 140 -1 156 -1 60 -1 -2
62 -1 60 -1 140 -1 60 -1 116 -1 60 -1 119 -1 117 -1 60 -1 116 -1 119 -1 60 -1 119 -1 119 -1 120 -1 120 -1 120 -1 120 -1 120 -1 120 -1 120 -1 120 -1 60 -1 -2
151 -1 60 -1 60 -1 60 -1 60 -1 60 -1 60 -1 60 -1 60 -1 60 -1 60 -1 60 -1 60 -1 60 -1 60 -1 60 -1 60 -1 60 -1 60 -1 60 -1 60 -1 60 -1 60 -1 60 -1 60 -1 60 -1 60 -1 145 -1 60 -1 60 -1 60 -1 60 -1 60 -1 60 -1 60 -1 60 -1 60 -1 60 -1 60 -1 149 -1 60 -1 60 -1 60 -1 60 -1 60 -1 60 -1 60 -1 60 -1 60 -1 60 -1 60 -1 60 -1 60 -1 60 -1 60 -1 60 -1 60 -1 60 -1 60 -1 60 -1 60 -1 60 -1 60 -1 60 -1 60 -1 60 -1 60 -1 153 -1 60 -1 60 -1 60 -1 60 -1 60 -1 60 -1 60 -1 60 -1 60 -1 60 -1 60 -1 60 -1 60 -1 60 -1 60 -1 60 -1 60 -1 60 -1 60 -1 60 -1 60 -1 60 -1 60 -1 60 -1 60 -1 60 -1 60 -1 60 -1 60 -1 60 -1 60 -1 60 -1 60 -1 60 -1 153 -1 60 -1 60 -1 60 -1 60 -1 60 -1 60 -1 60 -1 60 -1 60 -1 60 -1 60 -1 60 -1 60 -1 60 -1 -2
60 -1 60 -1 60 -1 60 -1 60 -1 60 -1 60 -1 60 -1 60 -1 60 -1 60 -1 60 -1 60 -1 60 -1 60 -1 60 -1 60 -1 60 -1 -2
