62 -1 60 -1 123 -1 60 -1 60 -1 -2
62 -1 60 -1 155 -1 60 -1 60 -1 60 -1 60 -1 60 -1 60 -1 60 -1 60 -1 60 -1 60 -1 60 -1 60 -1 60 -1 60 -1 60 -1 60 -1 66 -1 60 -1 60 -1 -2
62 -1 60 -1 410 -1 382 -1 60 -1 -2
62 -1 60 -1 131 -1 60 -1 60 -1 60 -1 60 -1 60 -1 60 -1 60 -1 60 -1 60 -1 60 -1 60 -1 60 -1 60 -1 60 -1 60 -1 60 -1 66 -1 60 -1 60 -1 -2
62 -1 60 -1 109 -1 60 -1 60 -1 60 -1 60 -1 60 -1 60 -1 60 -1 60 -1 60 -1 60 -1 60 -1 116 -1 60 -1 114 -1 125 -1 60 -1 113 -1 60 -1 60 -1 60 -1 60 -1 60 -1 127 -1 60 -1 122 -1 60 -1 122 -1 60 -1 60 -1 60 -1 60 -1 116 -1 60 -1 60 -1 60 -1 60 -1 119 -1 60 -1 60 -1 60 -1 60 -1 60 -1 60 -1 116 -1 60 -1 60 -1 112 -1 60 -1 60 -1 113 -1 60 -1 60 -1 60 -1 117 -1 120 -1 126 -1 120 -1 117 -1 120 -1 60 -1 60 -1 -2
62 -1 60 -1 117 -1 66 -1 60 -1 60 -1 60 -1 60 -1 60 -1 60 -1 60 -1 60 -1 60 -1 60 -1 116 -1 60 -1 114 -1 125 -1 60 -1 118 -1 60 -1 60 -1 60 -1 60 -1 60 -1 60 -1 60 -1 60 -1 60 -1 60 -1 60 -1 60 -1 60 -1 60 -1 123 -1 120 -1 126 -1 120 -1 117 -1 120 -1 60 -1 60 -1 -2
62 -1 60 -1 215 -1 60 -1 60 -1 60 -1 60 -1 60 -1 60 -1 60 -1 60 -1 60 -1 60 -1 134 -1 60 -1 134 -1 60 -1 142 -1 60 -1 131 -1 60 -1 60 -1 60 -1 60 -1 60 -1 131 -1 60 -1 60 -1 60 -1 60 -1 60 -1 136 -1 60 -1 139 -1 60 -1 149 -1 60 -1 60 -1 60 -1 60 -1 -2
62 -1 60 -1 137 -1 60 -1 60 -1 60 -1 60 -1 60 -1 60 -1 60 -1 60 -1 60 -1 60 -1 116 -1 60 -1 114 -1 125 -1 60 -1 122 -1 60 -1 60 -1 60 -1 117 -1 120 -1 126 -1 120 -1 117 -1 120 -1 126 -1 120 -1 117 -1 120 -1 60 -1 60 -1 -2
62 -1 60 -1 138 -1 60 -1 60 -1 60 -1 -2
62 -1 60 -1 155 -1 60 -1 60 -1 60 -1 60 -1 60 -1 60 -1 60 -1 60 -1 60 -1 60 -1 60 -1 60 -1 60 -1 60 -1 60 -1 60 -1 66 -1 60 -1 60 -1 -2
62 -1 60 -1 119 -1 60 -1 60 -1 60 -1 60 -1 60 -1 60 -1 60 -1 60 -1 114 -1 60 -1 60 -1 60 -1 119 -1 60 -1 123 -1 60 -1 123 -1 60 -1 123 -1 60 -1 117 -1 60 -1 112 -1 60 -1 60 -1 60 -1 -2
62 -1 60 -1 138 -1 60 -1 60 -1 60 -1 -2
