60 -1 60 -1 60 -1 60 -1 60 -1 -2
60 -1 60 -1 60 -1 60 -1 60 -1 -2
60 -1 60 -1 60 -1 60 -1 60 -1 60 -1 60 -1 60 -1 60 -1 137 -1 60 -1 60 -1 60 -1 60 -1 60 -1 60 -1 60 -1 60 -1 60 -1 157 -1 60 -1 60 -1 60 -1 60 -1 60 -1 60 -1 60 -1 60 -1 60 -1 60 -1 157 -1 224 -1 60 -1 221 -1 60 -1 212 -1 60 -1 199 -1 60 -1 60 -1 210 -1 60 -1 60 -1 210 -1 60 -1 60 -1 213 -1 60 -1 60 -1 213 -1 60 -1 60 -1 223 -1 60 -1 157 -1 60 -1 171 -1 60 -1 60 -1 60 -1 60 -1 60 -1 60 -1 60 -1 60 -1 60 -1 60 -1 60 -1 60 -1 60 -1 60 -1 60 -1 60 -1 156 -1 60 -1 148 -1 60 -1 147 -1 60 -1 -2
66 -1 60 -1 155 -1 60 -1 60 -1 60 -1 60 -1 60 -1 60 -1 60 -1 60 -1 60 -1 60 -1 60 -1 60 -1 60 -1 60 -1 60 -1 60 -1 60 -1 60 -1 60 -1 -2
66 -1 60 -1 154 -1 60 -1 60 -1 60 -1 60 -1 60 -1 60 -1 60 -1 60 -1 60 -1 -2
60 -1 60 -1 60 -1 60 -1 60 -1 60 -1 60 -1 60 -1 60 -1 60 -1 60 -1 60 -1 60 -1 60 -1 60 -1 60 -1 60 -1 60 -1 60 -1 60 -1 176 -1 60 -1 134 -1 60 -1 60 -1 -2
66 -1 60 -1 578 -1 66 -1 60 -1 -2
66 -1 60 -1 173 -1 60 -1 60 -1 60 -1 60 -1 60 -1 60 -1 60 -1 60 -1 60 -1 60 -1 60 -1 60 -1 60 -1 60 -1 60 -1 60 -1 60 -1 60 -1 60 -1 60 -1 60 -1 60 -1 60 -1 60 -1 60 -1 60 -1 60 -1 60 -1 60 -1 60 -1 60 -1 60 -1 60 -1 60 -1 60 -1 60 -1 60 -1 60 -1 60 -1 60 -1 60 -1 60 -1 60 -1 60 -1 144 -1 60 -1 60 -1 60 -1 60 -1 60 -1 60 -1 60 -1 60 -1 60 -1 60 -1 60 -1 60 -1 60 -1 60 -1 137 -1 60 -1 60 -1 60 -1 60 -1 60 -1 60 -1 60 -1 60 -1 60 -1 157 -1 60 -1 60 -1 60 -1 60 -1 60 -1 60 -1 60 -1 60 -1 60 -1 60 -1 157 -1 213 -1 60 -1 60 -1 212 -1 60 -1 60 -1 202 -1 60 -1 60 -1 202 -1 60 -1 60 -1 207 -1 60 -1 60 -1 210 -1 60 -1 60 -1 199 -1 60 -1 60 -1 198 -1 60 -1 198 -1 60 -1 157 -1 60 -1 66 -1 171 -1 60 -1 -2
60 -1 60 -1 60 -1 60 -1 60 -1 60 -1 60 -1 60 -1 60 -1 60 -1 60 -1 60 -1 60 -1 156 -1 60 -1 148 -1 60 -1 147 -1 60 -1 60 -1 -2
66 -1 60 -1 204 -1 448 -1 60 -1 -2
66 -1 60 -1 154 -1 60 -1 60 -1 60 -1 60 -1 60 -1 60 -1 60 -1 60 -1 60 -1 60 -1 60 -1 60 -1 60 -1 60 -1 60 -1 60 -1 -2
66 -1 60 -1 171 -1 221 -1 156 -1 248 -1 346 -1 346 -1 257 -1 60 -1 60 -1 60 -1 60 -1 60 -1 60 -1 60 -1 60 -1 60 -1 -2
66 -1 60 -1 179 -1 60 -1 60 -1 60 -1 60 -1 60 -1 60 -1 60 -1 60 -1 60 -1 60 -1 60 -1 60 -1 60 -1 60 -1 60 -1 60 -1 60 -1 60 -1 60 -1 60 -1 60 -1 60 -1 60 -1 60 -1 60 -1 60 -1 60 -1 60 -1 60 -1 60 -1 60 -1 60 -1 60 -1 60 -1 60 -1 60 -1 60 -1 60 -1 60 -1 60 -1 60 -1 60 -1 144 -1 60 -1 60 -1 60 -1 60 -1 60 -1 60 -1 60 -1 60 -1 60 -1 60 -1 60 -1 60 -1 60 -1 137 -1 60 -1 60 -1 60 -1 60 -1 60 -1 60 -1 60 -1 60 -1 60 -1 157 -1 60 -1 60 -1 60 -1 60 -1 60 -1 60 -1 60 -1 60 -1 60 -1 157 -1 216 -1 60 -1 60 -1 216 -1 60 -1 60 -1 211 -1 60 -1 212 -1 60 -1 60 -1 214 -1 60 -1 60 -1 215 -1 60 -1 60 -1 211 -1 60 -1 60 -1 216 -1 60 -1 60 -1 220 -1 60 -1 60 -1 157 -1 60 -1 171 -1 60 -1 60 -1 60 -1 60 -1 60 -1 60 -1 60 -1 60 -1 60 -1 60 -1 60 -1 60 -1 60 -1 60 -1 60 -1 156 -1 60 -1 148 -1 60 -1 147 -1 60 -1 137 -1 60 -1 60 -1 60 -1 60 -1 60 -1 60 -1 60 -1 60 -1 60 -1 60 -1 60 -1 60 -1 60 -1 60 -1 60 -1 -2
66 -1 60 -1 204 -1 236 -1 405 -1 60 -1 -2
66 -1 60 -1 157 -1 60 -1 60 -1 60 -1 60 -1 60 -1 60 -1 60 -1 60 -1 60 -1 60 -1 60 -1 60 -1 60 -1 60 -1 60 -1 60 -1 60 -1 60 -1 60 -1 60 -1 60 -1 60 -1 60 -1 60 -1 60 -1 60 -1 60 -1 60 -1 60 -1 60 -1 60 -1 60 -1 60 -1 60 -1 60 -1 60 -1 144 -1 60 -1 60 -1 60 -1 60 -1 60 -1 60 -1 60 -1 60 -1 60 -1 60 -1 60 -1 60 -1 60 -1 137 -1 60 -1 60 -1 60 -1 60 -1 60 -1 60 -1 60 -1 60 -1 60 -1 157 -1 60 -1 60 -1 60 -1 60 -1 60 -1 60 -1 60 -1 60 -1 60 -1 154 -1 195 -1 60 -1 60 -1 195 -1 60 -1 197 -1 60 -1 60 -1 202 -1 60 -1 198 -1 60 -1 201 -1 60 -1 154 -1 171 -1 60 -1 60 -1 60 -1 60 -1 60 -1 60 -1 60 -1 60 -1 60 -1 60 -1 60 -1 60 -1 60 -1 60 -1 156 -1 60 -1 148 -1 60 -1 147 -1 60 -1 60 -1 -2
66 -1 60 -1 161 -1 60 -1 60 -1 60 -1 60 -1 137 -1 60 -1 60 -1 60 -1 60 -1 137 -1 60 -1 60 -1 60 -1 137 -1 60 -1 60 -1 60 -1 60 -1 137 -1 60 -1 60 -1 60 -1 60 -1 -2
60 -1 60 -1 60 -1 60 -1 60 -1 -2
66 -1 60 -1 137 -1 60 -1 60 -1 60 -1 60 -1 60 -1 60 -1 60 -1 60 -1 60 -1 60 -1 60 -1 60 -1 60 -1 60 -1 60 -1 60 -1 -2
60 -1 60 -1 60 -1 60 -1 60 -1 -2
60 -1 60 -1 60 -1 60 -1 60 -1 -2
66 -1 60 -1 150 -1 60 -1 60 -1 60 -1 60 -1 60 -1 60 -1 60 -1 60 -1 60 -1 60 -1 60 -1 60 -1 60 -1 60 -1 60 -1 60 -1 60 -1 60 -1 60 -1 60 -1 60 -1 60 -1 60 -1 60 -1 60 -1 60 -1 60 -1 60 -1 60 -1 60 -1 60 -1 60 -1 60 -1 60 -1 60 -1 60 -1 60 -1 60 -1 60 -1 60 -1 60 -1 144 -1 60 -1 60 -1 60 -1 60 -1 60 -1 60 -1 60 -1 60 -1 60 -1 60 -1 60 -1 60 -1 60 -1 137 -1 60 -1 60 -1 60 -1 60 -1 60 -1 60 -1 60 -1 60 -1 157 -1 60 -1 60 -1 60 -1 60 -1 60 -1 60 -1 60 -1 60 -1 60 -1 157 -1 204 -1 60 -1 204 -1 60 -1 208 -1 60 -1 208 -1 60 -1 209 -1 60 -1 202 -1 60 -1 210 -1 60 -1 207 -1 60 -1 211 -1 60 -1 157 -1 60 -1 171 -1 60 -1 60 -1 60 -1 60 -1 60 -1 60 -1 60 -1 60 -1 60 -1 60 -1 60 -1 60 -1 60 -1 60 -1 156 -1 60 -1 148 -1 60 -1 147 -1 60 -1 -2
66 -1 60 -1 204 -1 448 -1 60 -1 -2
66 -1 60 -1 208 -1 228 -1 60 -1 60 -1 60 -1 60 -1 60 -1 60 -1 -2
66 -1 60 -1 146 -1 60 -1 60 -1 60 -1 60 -1 60 -1 60 -1 60 -1 60 -1 60 -1 60 -1 60 -1 60 -1 60 -1 60 -1 60 -1 60 -1 60 -1 60 -1 60 -1 60 -1 60 -1 60 -1 60 -1 60 -1 60 -1 60 -1 60 -1 60 -1 60 -1 60 -1 60 -1 60 -1 60 -1 60 -1 60 -1 60 -1 60 -1 60 -1 60 -1 60 -1 60 -1 60 -1 60 -1 60 -1 144 -1 60 -1 60 -1 60 -1 60 -1 60 -1 60 -1 60 -1 60 -1 60 -1 60 -1 60 -1 60 -1 60 -1 60 -1 137 -1 60 -1 60 -1 60 -1 60 -1 60 -1 60 -1 60 -1 60 -1 60 -1 157 -1 60 -1 60 -1 60 -1 60 -1 60 -1 60 -1 60 -1 60 -1 60 -1 60 -1 157 -1 201 -1 60 -1 60 -1 200 -1 60 -1 60 -1 201 -1 60 -1 60 -1 203 -1 60 -1 60 -1 201 -1 60 -1 60 -1 200 -1 60 -1 199 -1 60 -1 205 -1 60 -1 60 -1 206 -1 60 -1 60 -1 157 -1 60 -1 171 -1 60 -1 60 -1 60 -1 60 -1 60 -1 60 -1 60 -1 60 -1 60 -1 60 -1 60 -1 60 -1 60 -1 60 -1 156 -1 60 -1 148 -1 60 -1 147 -1 60 -1 -2
60 -1 60 -1 60 -1 60 -1 60 -1 60 -1 -2
66 -1 60 -1 140 -1 60 -1 60 -1 60 -1 60 -1 60 -1 60 -1 60 -1 60 -1 60 -1 60 -1 60 -1 60 -1 60 -1 60 -1 -2
66 -1 60 -1 117 -1 60 -1 60 -1 60 -1 60 -1 60 -1 -2
66 -1 60 -1 154 -1 60 -1 60 -1 60 -1 60 -1 60 -1 60 -1 60 -1 60 -1 60 -1 60 -1 60 -1 60 -1 60 -1 60 -1 60 -1 60 -1 60 -1 -2
66 -1 60 -1 163 -1 60 -1 60 -1 60 -1 60 -1 60 -1 60 -1 60 -1 60 -1 60 -1 60 -1 60 -1 60 -1 60 -1 60 -1 60 -1 60 -1 60 -1 60 -1 60 -1 60 -1 60 -1 60 -1 60 -1 60 -1 60 -1 60 -1 60 -1 60 -1 60 -1 60 -1 60 -1 60 -1 60 -1 60 -1 60 -1 60 -1 60 -1 60 -1 60 -1 144 -1 60 -1 60 -1 60 -1 60 -1 60 -1 60 -1 60 -1 60 -1 60 -1 60 -1 60 -1 60 -1 60 -1 60 -1 137 -1 60 -1 60 -1 60 -1 60 -1 60 -1 60 -1 60 -1 60 -1 60 -1 157 -1 60 -1 60 -1 60 -1 60 -1 60 -1 60 -1 60 -1 60 -1 60 -1 137 -1 60 -1 60 -1 60 -1 60 -1 60 -1 60 -1 60 -1 60 -1 60 -1 154 -1 206 -1 60 -1 210 -1 60 -1 213 -1 60 -1 211 -1 60 -1 201 -1 60 -1 204 -1 60 -1 197 -1 60 -1 197 -1 60 -1 157 -1 60 -1 66 -1 171 -1 60 -1 60 -1 60 -1 60 -1 60 -1 60 -1 60 -1 60 -1 60 -1 -2
60 -1 60 -1 60 -1 60 -1 60 -1 60 -1 60 -1 60 -1 60 -1 137 -1 60 -1 60 -1 60 -1 60 -1 60 -1 60 -1 60 -1 60 -1 157 -1 60 -1 60 -1 60 -1 60 -1 60 -1 60 -1 60 -1 60 -1 60 -1 60 -1 60 -1 60 -1 -2
60 -1 60 -1 60 -1 60 -1 60 -1 -2
60 -1 60 -1 60 -1 60 -1 60 -1 60 -1 60 -1 60 -1 60 -1 60 -1 60 -1 60 -1 60 -1 60 -1 60 -1 60 -1 60 -1 60 -1 60 -1 60 -1 60 -1 60 -1 60 -1 60 -1 60 -1 60 -1 60 -1 60 -1 60 -1 60 -1 60 -1 60 -1 60 -1 60 -1 66 -1 66 -1 66 -1 66 -1 66 -1 66 -1 66 -1 66 -1 66 -1 60 -1 60 -1 141 -1 66 -1 66 -1 66 -1 66 -1 66 -1 66 -1 66 -1 66 -1 60 -1 60 -1 60 -1 60 -1 60 -1 60 -1 60 -1 60 -1 60 -1 60 -1 60 -1 66 -1 66 -1 66 -1 66 -1 66 -1 66 -1 66 -1 66 -1 66 -1 66 -1 66 -1 66 -1 66 -1 60 -1 60 -1 60 -1 60 -1 60 -1 60 -1 60 -1 60 -1 60 -1 60 -1 60 -1 60 -1 60 -1 60 -1 66 -1 66 -1 66 -1 66 -1 66 -1 66 -1 66 -1 66 -1 66 -1 66 -1 66 -1 66 -1 66 -1 66 -1 66 -1 66 -1 66 -1 66 -1 66 -1 66 -1 66 -1 60 -1 60 -1 60 -1 -2
135 -1 135 -1 134 -1 139 -1 113 -1 113 -1 113 -1 129 -1 60 -1 115 -1 60 -1 115 -1 60 -1 115 -1 60 -1 115 -1 60 -1 115 -1 60 -1 115 -1 60 -1 115 -1 60 -1 137 -1 134 -1 60 -1 135 -1 60 -1 -2
66 -1 60 -1 151 -1 155 -1 60 -1 119 -1 60 -1 60 -1 125 -1 60 -1 123 -1 123 -1 60 -1 123 -1 60 -1 60 -1 60 -1 123 -1 123 -1 122 -1 60 -1 123 -1 123 -1 122 -1 60 -1 123 -1 123 -1 123 -1 122 -1 60 -1 131 -1 60 -1 128 -1 60 -1 127 -1 123 -1 -2
116 -1 60 -1 116 -1 60 -1 116 -1 60 -1 116 -1 60 -1 116 -1 60 -1 116 -1 60 -1 116 -1 60 -1 135 -1 60 -1 60 -1 136 -1 60 -1 60 -1 -2
66 -1 60 -1 152 -1 60 -1 60 -1 60 -1 60 -1 60 -1 60 -1 60 -1 60 -1 60 -1 60 -1 60 -1 60 -1 60 -1 60 -1 60 -1 60 -1 60 -1 60 -1 60 -1 60 -1 60 -1 60 -1 60 -1 60 -1 60 -1 -2
66 -1 60 -1 124 -1 60 -1 60 -1 60 -1 60 -1 100 -1 60 -1 60 -1 60 -1 60 -1 100 -1 60 -1 60 -1 60 -1 60 -1 60 -1 60 -1 -2
60 -1 60 -1 60 -1 60 -1 60 -1 -2
66 -1 60 -1 173 -1 60 -1 60 -1 60 -1 60 -1 60 -1 60 -1 60 -1 60 -1 60 -1 60 -1 60 -1 60 -1 60 -1 60 -1 66 -1 66 -1 66 -1 66 -1 66 -1 66 -1 66 -1 66 -1 66 -1 66 -1 66 -1 66 -1 60 -1 60 -1 60 -1 60 -1 60 -1 60 -1 60 -1 60 -1 60 -1 60 -1 60 -1 60 -1 60 -1 60 -1 60 -1 60 -1 60 -1 60 -1 60 -1 60 -1 60 -1 60 -1 144 -1 60 -1 60 -1 60 -1 60 -1 60 -1 60 -1 60 -1 60 -1 66 -1 66 -1 66 -1 66 -1 66 -1 66 -1 66 -1 66 -1 66 -1 66 -1 60 -1 137 -1 60 -1 60 -1 60 -1 60 -1 60 -1 60 -1 60 -1 60 -1 60 -1 157 -1 60 -1 60 -1 60 -1 60 -1 60 -1 60 -1 60 -1 60 -1 60 -1 157 -1 207 -1 60 -1 211 -1 60 -1 211 -1 60 -1 207 -1 60 -1 210 -1 60 -1 205 -1 60 -1 208 -1 -2
204 -1 60 -1 212 -1 60 -1 157 -1 157 -1 60 -1 171 -1 60 -1 60 -1 60 -1 60 -1 60 -1 60 -1 60 -1 60 -1 60 -1 60 -1 60 -1 60 -1 60 -1 66 -1 66 -1 66 -1 66 -1 60 -1 156 -1 60 -1 60 -1 148 -1 148 -1 60 -1 147 -1 60 -1 -2
66 -1 60 -1 135 -1 114 -1 60 -1 60 -1 60 -1 60 -1 60 -1 -2
66 -1 60 -1 204 -1 236 -1 405 -1 60 -1 -2
66 -1 60 -1 208 -1 228 -1 60 -1 66 -1 66 -1 66 -1 60 -1 60 -1 60 -1 60 -1 -2
66 -1 60 -1 152 -1 60 -1 60 -1 60 -1 60 -1 60 -1 60 -1 60 -1 127 -1 60 -1 60 -1 131 -1 60 -1 60 -1 60 -1 60 -1 60 -1 60 -1 60 -1 60 -1 60 -1 60 -1 60 -1 60 -1 60 -1 60 -1 128 -1 60 -1 -2
208 -1 145 -1 235 -1 331 -1 244 -1 60 -1 60 -1 60 -1 60 -1 66 -1 66 -1 66 -1 66 -1 66 -1 66 -1 66 -1 60 -1 60 -1 60 -1 -2
66 -1 60 -1 171 -1 221 -1 156 -1 248 -1 346 -1 257 -1 60 -1 60 -1 60 -1 60 -1 60 -1 60 -1 60 -1 60 -1 60 -1 -2
66 -1 60 -1 158 -1 137 -1 152 -1 60 -1 -2
66 -1 60 -1 129 -1 114 -1 60 -1 60 -1 60 -1 60 -1 60 -1 -2
66 -1 60 -1 112 -1 60 -1 60 -1 60 -1 60 -1 60 -1 60 -1 60 -1 60 -1 60 -1 60 -1 60 -1 60 -1 60 -1 60 -1 60 -1 60 -1 60 -1 60 -1 60 -1 60 -1 60 -1 60 -1 60 -1 60 -1 60 -1 60 -1 60 -1 60 -1 60 -1 60 -1 60 -1 60 -1 60 -1 60 -1 60 -1 60 -1 60 -1 60 -1 60 -1 60 -1 60 -1 60 -1 60 -1 60 -1 60 -1 60 -1 -2
66 -1 60 -1 251 -1 240 -1 60 -1 -2
66 -1 60 -1 211 -1 60 -1 60 -1 60 -1 155 -1 60 -1 194 -1 60 -1 192 -1 60 -1 160 -1 60 -1 157 -1 152 -1 158 -1 60 -1 153 -1 60 -1 60 -1 60 -1 60 -1 60 -1 60 -1 169 -1 60 -1 174 -1 60 -1 -2
66 -1 60 -1 160 -1 145 -1 60 -1 134 -1 138 -1 60 -1 147 -1 60 -1 130 -1 60 -1 139 -1 60 -1 60 -1 60 -1 60 -1 60 -1 60 -1 60 -1 60 -1 60 -1 60 -1 60 -1 60 -1 60 -1 60 -1 60 -1 60 -1 60 -1 60 -1 60 -1 60 -1 60 -1 60 -1 60 -1 60 -1 60 -1 60 -1 60 -1 60 -1 60 -1 60 -1 60 -1 60 -1 60 -1 60 -1 60 -1 60 -1 60 -1 -2
66 -1 60 -1 137 -1 60 -1 60 -1 60 -1 60 -1 60 -1 60 -1 60 -1 127 -1 60 -1 60 -1 131 -1 60 -1 60 -1 60 -1 60 -1 60 -1 60 -1 60 -1 60 -1 60 -1 60 -1 60 -1 60 -1 60 -1 128 -1 60 -1 -2
66 -1 60 -1 650 -1 60 -1 60 -1 60 -1 -2
66 -1 60 -1 140 -1 144 -1 60 -1 119 -1 60 -1 60 -1 125 -1 60 -1 123 -1 60 -1 123 -1 60 -1 60 -1 60 -1 123 -1 123 -1 122 -1 60 -1 123 -1 123 -1 122 -1 60 -1 123 -1 123 -1 122 -1 60 -1 131 -1 60 -1 128 -1 60 -1 127 -1 123 -1 134 -1 135 -1 135 -1 134 -1 139 -1 113 -1 113 -1 113 -1 129 -1 60 -1 137 -1 113 -1 60 -1 -2
66 -1 60 -1 149 -1 60 -1 60 -1 60 -1 60 -1 60 -1 60 -1 60 -1 60 -1 127 -1 60 -1 60 -1 131 -1 60 -1 60 -1 60 -1 60 -1 60 -1 60 -1 60 -1 60 -1 60 -1 60 -1 60 -1 60 -1 60 -1 128 -1 60 -1 -2
60 -1 122 -1 60 -1 60 -1 60 -1 60 -1 60 -1 60 -1 136 -1 60 -1 60 -1 60 -1 60 -1 60 -1 60 -1 60 -1 60 -1 -2
66 -1 60 -1 92 -1 294 -1 206 -1 70 -1 102 -1 126 -1 142 -1 110 -1 110 -1 102 -1 110 -1 134 -1 142 -1 126 -1 126 -1 110 -1 94 -1 60 -1 -2
60 -1 60 -1 60 -1 60 -1 60 -1 60 -1 -2
