62 -1 60 -1 537 -1 60 -1 60 -1 60 -1 -2
62 -1 60 -1 535 -1 60 -1 60 -1 60 -1 -2
62 -1 60 -1 563 -1 60 -1 60 -1 60 -1 -2
62 -1 60 -1 529 -1 60 -1 60 -1 60 -1 -2
62 -1 60 -1 541 -1 543 -1 543 -1 60 -1 60 -1 60 -1 -2
62 -1 60 -1 545 -1 533 -1 60 -1 60 -1 60 -1 -2
62 -1 60 -1 531 -1 60 -1 60 -1 -2
62 -1 60 -1 539 -1 547 -1 529 -1 60 -1 60 -1 60 -1 -2
62 -1 60 -1 521 -1 60 -1 60 -1 60 -1 -2
62 -1 60 -1 527 -1 60 -1 60 -1 60 -1 -2
62 -1 60 -1 523 -1 60 -1 60 -1 60 -1 -2
62 -1 60 -1 545 -1 60 -1 60 -1 60 -1 -2
62 -1 60 -1 1514 -1 146 -1 60 -1 60 -1 60 -1 -2
62 -1 60 -1 563 -1 60 -1 60 -1 60 -1 -2
62 -1 60 -1 523 -1 60 -1 60 -1 60 -1 -2
62 -1 62 -1 60 -1 539 -1 60 -1 60 -1 60 -1 -2
62 -1 60 -1 545 -1 60 -1 60 -1 60 -1 -2
62 -1 60 -1 639 -1 60 -1 60 -1 60 -1 -2
62 -1 60 -1 563 -1 60 -1 60 -1 60 -1 -2
62 -1 60 -1 533 -1 60 -1 60 -1 60 -1 -2
62 -1 539 -1 60 -1 60 -1 60 -1 -2
62 -1 60 -1 543 -1 60 -1 60 -1 60 -1 -2
62 -1 60 -1 439 -1 60 -1 60 -1 60 -1 -2
62 -1 60 -1 539 -1 60 -1 60 -1 60 -1 -2
62 -1 60 -1 732 -1 60 -1 60 -1 60 -1 -2
62 -1 60 -1 535 -1 60 -1 60 -1 60 -1 -2
62 -1 60 -1 453 -1 60 -1 60 -1 60 -1 -2
62 -1 62 -1 60 -1 539 -1 60 -1 60 -1 60 -1 -2
62 -1 60 -1 555 -1 60 -1 60 -1 60 -1 -2
62 -1 60 -1 539 -1 60 -1 60 -1 60 -1 -2
62 -1 60 -1 543 -1 60 -1 60 -1 60 -1 -2
62 -1 60 -1 1514 -1 146 -1 60 -1 60 -1 60 -1 -2
62 -1 60 -1 512 -1 60 -1 60 -1 60 -1 -2
62 -1 60 -1 543 -1 60 -1 60 -1 60 -1 -2
62 -1 62 -1 60 -1 539 -1 60 -1 60 -1 60 -1 -2
62 -1 62 -1 60 -1 1233 -1 60 -1 60 -1 60 -1 -2
62 -1 60 -1 563 -1 60 -1 60 -1 60 -1 -2
62 -1 60 -1 545 -1 60 -1 60 -1 60 -1 -2
62 -1 60 -1 539 -1 60 -1 60 -1 -2
62 -1 60 -1 521 -1 545 -1 60 -1 60 -1 -2
62 -1 60 -1 563 -1 60 -1 60 -1 60 -1 -2
62 -1 62 -1 60 -1 563 -1 60 -1 60 -1 60 -1 -2
62 -1 60 -1 618 -1 60 -1 60 -1 -2
62 -1 60 -1 563 -1 60 -1 60 -1 60 -1 -2
62 -1 62 -1 60 -1 547 -1 533 -1 60 -1 60 -1 60 -1 -2
62 -1 60 -1 539 -1 60 -1 60 -1 60 -1 -2
62 -1 60 -1 684 -1 60 -1 60 -1 60 -1 -2
62 -1 60 -1 563 -1 60 -1 60 -1 60 -1 -2
62 -1 60 -1 563 -1 563 -1 523 -1 60 -1 60 -1 60 -1 -2
62 -1 60 -1 549 -1 60 -1 60 -1 60 -1 -2
62 -1 60 -1 514 -1 60 -1 60 -1 60 -1 -2
62 -1 60 -1 1514 -1 83 -1 60 -1 60 -1 60 -1 -2
62 -1 60 -1 545 -1 60 -1 60 -1 60 -1 -2
62 -1 60 -1 563 -1 60 -1 60 -1 -2
62 -1 60 -1 563 -1 60 -1 60 -1 60 -1 -2
62 -1 60 -1 553 -1 60 -1 60 -1 60 -1 -2
62 -1 62 -1 60 -1 688 -1 60 -1 60 -1 60 -1 -2
62 -1 60 -1 545 -1 60 -1 60 -1 -2
62 -1 60 -1 735 -1 60 -1 60 -1 60 -1 -2
62 -1 62 -1 60 -1 1233 -1 60 -1 60 -1 60 -1 -2
62 -1 60 -1 553 -1 563 -1 60 -1 60 -1 60 -1 -2
62 -1 60 -1 531 -1 60 -1 60 -1 60 -1 -2
66 -1 60 -1 523 -1 545 -1 523 -1 60 -1 60 -1 60 -1 -2
62 -1 60 -1 688 -1 60 -1 60 -1 60 -1 -2
62 -1 60 -1 523 -1 563 -1 60 -1 60 -1 60 -1 -2
62 -1 60 -1 563 -1 60 -1 60 -1 60 -1 -2
62 -1 60 -1 533 -1 60 -1 60 -1 60 -1 -2
62 -1 62 -1 60 -1 547 -1 60 -1 60 -1 -2
62 -1 60 -1 563 -1 60 -1 60 -1 60 -1 -2
62 -1 60 -1 563 -1 60 -1 60 -1 60 -1 -2
62 -1 60 -1 523 -1 60 -1 60 -1 60 -1 -2
62 -1 60 -1 563 -1 549 -1 60 -1 60 -1 -2
62 -1 60 -1 563 -1 60 -1 60 -1 60 -1 -2
62 -1 60 -1 547 -1 539 -1 60 -1 60 -1 -2
62 -1 60 -1 523 -1 60 -1 60 -1 60 -1 -2
62 -1 60 -1 1514 -1 146 -1 60 -1 60 -1 60 -1 -2
62 -1 60 -1 545 -1 523 -1 60 -1 60 -1 60 -1 -2
62 -1 60 -1 539 -1 60 -1 60 -1 60 -1 -2
62 -1 60 -1 521 -1 60 -1 60 -1 -2
62 -1 60 -1 523 -1 533 -1 60 -1 60 -1 60 -1 -2
62 -1 60 -1 519 -1 60 -1 539 -1 525 -1 527 -1 527 -1 60 -1 60 -1 -2
62 -1 60 -1 521 -1 533 -1 60 -1 60 -1 60 -1 -2
62 -1 60 -1 543 -1 539 -1 60 -1 60 -1 60 -1 -2
62 -1 60 -1 1190 -1 60 -1 60 -1 60 -1 -2
62 -1 60 -1 563 -1 60 -1 60 -1 60 -1 -2
62 -1 60 -1 523 -1 60 -1 60 -1 -2
62 -1 60 -1 545 -1 563 -1 60 -1 60 -1 -2
62 -1 60 -1 756 -1 60 -1 60 -1 60 -1 -2
62 -1 60 -1 553 -1 60 -1 60 -1 60 -1 -2
62 -1 60 -1 563 -1 60 -1 60 -1 60 -1 -2
62 -1 60 -1 539 -1 60 -1 60 -1 60 -1 -2
62 -1 60 -1 521 -1 60 -1 60 -1 60 -1 -2
62 -1 62 -1 60 -1 563 -1 553 -1 517 -1 60 -1 60 -1 60 -1 -2
62 -1 62 -1 60 -1 533 -1 60 -1 60 -1 60 -1 -2
62 -1 60 -1 582 -1 60 -1 60 -1 60 -1 -2
62 -1 60 -1 523 -1 60 -1 60 -1 60 -1 -2
62 -1 60 -1 535 -1 523 -1 545 -1 60 -1 60 -1 60 -1 -2
62 -1 60 -1 713 -1 736 -1 60 -1 60 -1 60 -1 -2
62 -1 60 -1 563 -1 60 -1 60 -1 60 -1 -2
62 -1 60 -1 1514 -1 83 -1 60 -1 60 -1 60 -1 -2
62 -1 60 -1 529 -1 60 -1 60 -1 60 -1 -2
62 -1 60 -1 652 -1 60 -1 60 -1 60 -1 -2
62 -1 60 -1 563 -1 563 -1 563 -1 66 -1 60 -1 -2
62 -1 60 -1 563 -1 60 -1 60 -1 60 -1 -2
62 -1 60 -1 545 -1 60 -1 60 -1 60 -1 -2
62 -1 60 -1 1190 -1 60 -1 60 -1 60 -1 -2
62 -1 60 -1 545 -1 60 -1 549 -1 60 -1 60 -1 60 -1 -2
62 -1 60 -1 529 -1 60 -1 60 -1 60 -1 -2
62 -1 60 -1 545 -1 60 -1 60 -1 60 -1 -2
62 -1 60 -1 1514 -1 146 -1 60 -1 60 -1 60 -1 -2
62 -1 60 -1 563 -1 549 -1 60 -1 60 -1 60 -1 -2
62 -1 60 -1 731 -1 60 -1 60 -1 60 -1 -2
62 -1 60 -1 545 -1 60 -1 60 -1 60 -1 -2
62 -1 60 -1 543 -1 60 -1 60 -1 -2
62 -1 60 -1 523 -1 539 -1 543 -1 60 -1 60 -1 -2
62 -1 60 -1 523 -1 60 -1 60 -1 60 -1 -2
62 -1 60 -1 539 -1 60 -1 60 -1 60 -1 -2
62 -1 60 -1 539 -1 547 -1 547 -1 531 -1 523 -1 60 -1 60 -1 60 -1 -2
62 -1 66 -1 543 -1 60 -1 60 -1 -2
62 -1 60 -1 551 -1 521 -1 60 -1 60 -1 60 -1 -2
62 -1 60 -1 541 -1 60 -1 60 -1 60 -1 -2
62 -1 60 -1 529 -1 60 -1 60 -1 60 -1 -2
62 -1 60 -1 539 -1 547 -1 60 -1 60 -1 60 -1 -2
62 -1 60 -1 526 -1 60 -1 60 -1 -2
62 -1 60 -1 523 -1 60 -1 60 -1 60 -1 -2
62 -1 60 -1 535 -1 60 -1 60 -1 -2
62 -1 62 -1 60 -1 563 -1 60 -1 60 -1 60 -1 -2
62 -1 60 -1 541 -1 60 -1 60 -1 60 -1 -2
62 -1 62 -1 60 -1 543 -1 60 -1 60 -1 60 -1 -2
62 -1 60 -1 531 -1 60 -1 60 -1 60 -1 -2
62 -1 60 -1 535 -1 545 -1 60 -1 60 -1 60 -1 -2
62 -1 60 -1 1514 -1 146 -1 60 -1 60 -1 60 -1 -2
62 -1 60 -1 563 -1 60 -1 60 -1 -2
62 -1 60 -1 563 -1 60 -1 60 -1 -2
62 -1 60 -1 535 -1 559 -1 60 -1 60 -1 60 -1 -2
62 -1 60 -1 563 -1 60 -1 60 -1 60 -1 -2
62 -1 60 -1 523 -1 60 -1 60 -1 60 -1 -2
62 -1 60 -1 515 -1 669 -1 60 -1 60 -1 -2
62 -1 60 -1 545 -1 60 -1 60 -1 -2
62 -1 60 -1 688 -1 60 -1 60 -1 60 -1 -2
62 -1 60 -1 523 -1 541 -1 60 -1 60 -1 -2
62 -1 60 -1 526 -1 60 -1 60 -1 60 -1 -2
62 -1 60 -1 684 -1 514 -1 60 -1 60 -1 -2
62 -1 539 -1 547 -1 60 -1 60 -1 60 -1 -2
62 -1 60 -1 539 -1 549 -1 553 -1 60 -1 60 -1 60 -1 -2
62 -1 60 -1 547 -1 60 -1 60 -1 60 -1 -2
62 -1 60 -1 526 -1 60 -1 60 -1 60 -1 -2
62 -1 60 -1 523 -1 60 -1 60 -1 60 -1 -2
62 -1 60 -1 521 -1 60 -1 60 -1 -2
62 -1 60 -1 527 -1 60 -1 60 -1 -2
62 -1 60 -1 527 -1 60 -1 60 -1 -2
62 -1 62 -1 543 -1 541 -1 545 -1 60 -1 60 -1 60 -1 -2
62 -1 62 -1 60 -1 535 -1 541 -1 563 -1 60 -1 60 -1 60 -1 -2
62 -1 60 -1 533 -1 537 -1 539 -1 547 -1 523 -1 60 -1 60 -1 60 -1 -2
62 -1 60 -1 563 -1 60 -1 60 -1 60 -1 -2
62 -1 60 -1 735 -1 60 -1 60 -1 60 -1 -2
62 -1 60 -1 529 -1 60 -1 60 -1 60 -1 -2
62 -1 60 -1 551 -1 521 -1 60 -1 60 -1 -2
62 -1 60 -1 539 -1 547 -1 60 -1 60 -1 60 -1 -2
62 -1 60 -1 563 -1 60 -1 60 -1 60 -1 -2
62 -1 60 -1 543 -1 60 -1 60 -1 60 -1 -2
62 -1 60 -1 545 -1 60 -1 60 -1 -2
563 -1 563 -1 60 -1 60 -1 60 -1 -2
62 -1 60 -1 563 -1 563 -1 60 -1 60 -1 60 -1 -2
62 -1 60 -1 523 -1 533 -1 60 -1 60 -1 60 -1 -2
62 -1 60 -1 521 -1 60 -1 60 -1 60 -1 -2
62 -1 60 -1 549 -1 543 -1 539 -1 553 -1 60 -1 60 -1 60 -1 -2
62 -1 60 -1 541 -1 60 -1 60 -1 60 -1 -2
62 -1 60 -1 545 -1 535 -1 543 -1 60 -1 60 -1 60 -1 -2
62 -1 60 -1 652 -1 60 -1 60 -1 -2
62 -1 60 -1 551 -1 521 -1 60 -1 60 -1 -2
62 -1 60 -1 523 -1 60 -1 60 -1 60 -1 -2
62 -1 60 -1 539 -1 549 -1 60 -1 60 -1 60 -1 -2
62 -1 60 -1 529 -1 60 -1 60 -1 60 -1 -2
62 -1 62 -1 60 -1 686 -1 731 -1 500 -1 415 -1 60 -1 60 -1 60 -1 -2
62 -1 60 -1 433 -1 60 -1 60 -1 60 -1 -2
62 -1 60 -1 545 -1 60 -1 60 -1 60 -1 -2
62 -1 60 -1 1514 -1 146 -1 60 -1 60 -1 60 -1 -2
62 -1 60 -1 537 -1 60 -1 60 -1 60 -1 -2
62 -1 60 -1 541 -1 60 -1 60 -1 60 -1 -2
62 -1 60 -1 529 -1 563 -1 60 -1 60 -1 60 -1 -2
62 -1 60 -1 574 -1 779 -1 60 -1 60 -1 60 -1 -2
62 -1 60 -1 539 -1 60 -1 543 -1 60 -1 60 -1 -2
62 -1 60 -1 523 -1 60 -1 60 -1 -2
62 -1 60 -1 652 -1 60 -1 60 -1 60 -1 -2
62 -1 60 -1 545 -1 60 -1 60 -1 60 -1 -2
62 -1 62 -1 60 -1 543 -1 60 -1 -2
62 -1 60 -1 527 -1 60 -1 60 -1 -2
62 -1 60 -1 529 -1 60 -1 60 -1 60 -1 -2
62 -1 60 -1 686 -1 60 -1 60 -1 60 -1 -2
62 -1 62 -1 60 -1 523 -1 541 -1 543 -1 60 -1 60 -1 60 -1 -2
62 -1 60 -1 543 -1 60 -1 60 -1 60 -1 -2
62 -1 60 -1 545 -1 60 -1 60 -1 60 -1 -2
62 -1 60 -1 543 -1 60 -1 60 -1 60 -1 -2
62 -1 60 -1 535 -1 539 -1 60 -1 60 -1 60 -1 -2
62 -1 60 -1 652 -1 60 -1 60 -1 60 -1 -2
62 -1 60 -1 563 -1 60 -1 60 -1 60 -1 -2
62 -1 60 -1 529 -1 60 -1 60 -1 -2
62 -1 60 -1 543 -1 60 -1 60 -1 60 -1 -2
62 -1 62 -1 60 -1 523 -1 539 -1 60 -1 60 -1 60 -1 -2
62 -1 60 -1 545 -1 533 -1 543 -1 60 -1 60 -1 60 -1 -2
62 -1 60 -1 543 -1 60 -1 60 -1 -2
62 -1 60 -1 543 -1 539 -1 60 -1 60 -1 60 -1 -2
62 -1 62 -1 60 -1 543 -1 60 -1 60 -1 60 -1 -2
62 -1 60 -1 652 -1 60 -1 60 -1 60 -1 -2
62 -1 60 -1 545 -1 60 -1 60 -1 -2
62 -1 60 -1 732 -1 60 -1 60 -1 60 -1 -2
62 -1 60 -1 539 -1 60 -1 60 -1 60 -1 -2
62 -1 60 -1 523 -1 533 -1 543 -1 60 -1 60 -1 60 -1 -2
62 -1 60 -1 529 -1 60 -1 60 -1 60 -1 -2
62 -1 60 -1 545 -1 60 -1 60 -1 60 -1 -2
62 -1 60 -1 545 -1 60 -1 60 -1 60 -1 -2
62 -1 60 -1 1514 -1 146 -1 60 -1 60 -1 60 -1 -2
62 -1 60 -1 1239 -1 60 -1 60 -1 60 -1 -2
62 -1 60 -1 545 -1 60 -1 60 -1 60 -1 -2
62 -1 62 -1 62 -1 60 -1 562 -1 60 -1 -2
62 -1 62 -1 60 -1 545 -1 553 -1 523 -1 60 -1 -2
62 -1 60 -1 551 -1 539 -1 60 -1 -2
62 -1 62 -1 60 -1 547 -1 60 -1 -2
62 -1 62 -1 62 -1 60 -1 539 -1 60 -1 -2
62 -1 62 -1 60 -1 523 -1 533 -1 60 -1 -2
62 -1 62 -1 60 -1 539 -1 60 -1 -2
