62 -1 62 -1 60 -1 176 -1 392 -1 77 -1 60 -1 -2
62 -1 62 -1 60 -1 176 -1 376 -1 77 -1 60 -1 -2
62 -1 60 -1 176 -1 500 -1 77 -1 60 -1 -2
62 -1 62 -1 60 -1 176 -1 392 -1 77 -1 60 -1 -2
62 -1 60 -1 176 -1 392 -1 77 -1 60 -1 -2
62 -1 60 -1 176 -1 706 -1 77 -1 60 -1 -2
62 -1 60 -1 176 -1 392 -1 77 -1 60 -1 -2
62 -1 62 -1 60 -1 176 -1 392 -1 77 -1 60 -1 -2
62 -1 60 -1 176 -1 392 -1 77 -1 60 -1 -2
62 -1 62 -1 60 -1 176 -1 376 -1 77 -1 60 -1 -2
62 -1 62 -1 60 -1 176 -1 376 -1 77 -1 60 -1 -2
62 -1 60 -1 176 -1 392 -1 77 -1 60 -1 -2
62 -1 60 -1 176 -1 392 -1 77 -1 60 -1 -2
62 -1 62 -1 60 -1 176 -1 392 -1 77 -1 60 -1 -2
62 -1 60 -1 176 -1 392 -1 77 -1 60 -1 -2
62 -1 60 -1 176 -1 392 -1 77 -1 60 -1 -2
62 -1 60 -1 176 -1 392 -1 77 -1 60 -1 -2
62 -1 62 -1 60 -1 176 -1 392 -1 77 -1 60 -1 -2
62 -1 60 -1 176 -1 402 -1 77 -1 60 -1 -2
62 -1 60 -1 176 -1 392 -1 77 -1 60 -1 -2
62 -1 60 -1 176 -1 392 -1 77 -1 60 -1 -2
62 -1 60 -1 176 -1 392 -1 77 -1 60 -1 -2
62 -1 60 -1 176 -1 402 -1 77 -1 60 -1 -2
62 -1 60 -1 176 -1 392 -1 77 -1 60 -1 -2
62 -1 62 -1 60 -1 176 -1 392 -1 77 -1 60 -1 -2
62 -1 60 -1 176 -1 392 -1 77 -1 60 -1 -2
62 -1 60 -1 176 -1 402 -1 77 -1 60 -1 -2
62 -1 60 -1 176 -1 402 -1 77 -1 60 -1 -2
62 -1 62 -1 60 -1 176 -1 392 -1 77 -1 60 -1 -2
62 -1 60 -1 176 -1 392 -1 77 -1 60 -1 -2
62 -1 60 -1 176 -1 402 -1 77 -1 60 -1 -2
62 -1 60 -1 176 -1 392 -1 77 -1 60 -1 -2
62 -1 60 -1 176 -1 392 -1 77 -1 60 -1 -2
62 -1 60 -1 176 -1 392 -1 77 -1 60 -1 -2
62 -1 60 -1 176 -1 392 -1 77 -1 60 -1 -2
62 -1 60 -1 176 -1 392 -1 77 -1 60 -1 -2
62 -1 60 -1 176 -1 60 -1 1331 -1 77 -1 60 -1 -2
62 -1 60 -1 176 -1 392 -1 77 -1 60 -1 -2
62 -1 60 -1 176 -1 392 -1 77 -1 60 -1 -2
62 -1 60 -1 176 -1 500 -1 77 -1 60 -1 -2
62 -1 60 -1 176 -1 392 -1 77 -1 60 -1 -2
62 -1 60 -1 176 -1 500 -1 77 -1 60 -1 -2
62 -1 62 -1 60 -1 176 -1 392 -1 77 -1 60 -1 -2
62 -1 62 -1 60 -1 176 -1 392 -1 77 -1 60 -1 -2
62 -1 60 -1 176 -1 392 -1 77 -1 60 -1 -2
62 -1 62 -1 60 -1 176 -1 469 -1 77 -1 60 -1 -2
62 -1 60 -1 176 -1 392 -1 77 -1 60 -1 -2
62 -1 62 -1 60 -1 176 -1 77 -1 60 -1 376 -1 -2
62 -1 62 -1 60 -1 176 -1 392 -1 77 -1 60 -1 -2
62 -1 60 -1 176 -1 392 -1 77 -1 60 -1 -2
62 -1 60 -1 176 -1 392 -1 77 -1 60 -1 -2
62 -1 60 -1 350 -1 60 -1 60 -1 -2
62 -1 62 -1 60 -1 334 -1 60 -1 60 -1 -2
62 -1 60 -1 350 -1 60 -1 60 -1 -2
62 -1 62 -1 60 -1 360 -1 60 -1 60 -1 -2
62 -1 60 -1 360 -1 60 -1 60 -1 -2
62 -1 60 -1 350 -1 60 -1 60 -1 -2
62 -1 62 -1 60 -1 427 -1 60 -1 60 -1 -2
62 -1 60 -1 350 -1 60 -1 60 -1 -2
62 -1 62 -1 60 -1 350 -1 60 -1 60 -1 -2
62 -1 60 -1 334 -1 60 -1 60 -1 -2
62 -1 60 -1 360 -1 60 -1 60 -1 -2
62 -1 60 -1 350 -1 60 -1 60 -1 -2
62 -1 60 -1 350 -1 60 -1 60 -1 -2
62 -1 60 -1 350 -1 60 -1 60 -1 -2
62 -1 60 -1 334 -1 60 -1 60 -1 -2
62 -1 62 -1 60 -1 350 -1 60 -1 60 -1 -2
62 -1 60 -1 334 -1 60 -1 60 -1 -2
62 -1 62 -1 60 -1 664 -1 60 -1 60 -1 -2
62 -1 62 -1 60 -1 350 -1 60 -1 60 -1 -2
