62 -1 60 -1 444 -1 60 -1 60 -1 60 -1 -2
62 -1 60 -1 444 -1 444 -1 60 -1 60 -1 60 -1 60 -1 -2
62 -1 60 -1 1184 -1 60 -1 60 -1 -2
62 -1 60 -1 1432 -1 103 -1 60 -1 60 -1 -2
62 -1 60 -1 1409 -1 60 -1 60 -1 60 -1 -2
62 -1 60 -1 904 -1 60 -1 60 -1 60 -1 -2
62 -1 60 -1 444 -1 60 -1 60 -1 60 -1 -2
62 -1 60 -1 446 -1 60 -1 60 -1 60 -1 -2
62 -1 60 -1 444 -1 60 -1 444 -1 60 -1 444 -1 60 -1 60 -1 60 -1 -2
62 -1 60 -1 1258 -1 60 -1 60 -1 -2
62 -1 60 -1 1184 -1 60 -1 60 -1 -2
62 -1 60 -1 299 -1 1187 -1 243 -1 60 -1 60 -1 -2
62 -1 60 -1 552 -1 60 -1 560 -1 60 -1 560 -1 60 -1 560 -1 60 -1 560 -1 60 -1 -2
62 -1 60 -1 584 -1 60 -1 592 -1 60 -1 592 -1 60 -1 592 -1 60 -1 592 -1 60 -1 -2
62 -1 60 -1 299 -1 1187 -1 196 -1 60 -1 60 -1 -2
