62 -1 476 -1 60 -1 263 -1 72 -1 72 -1 91 -1 60 -1 68 -1 60 -1 68 -1 68 -1 68 -1 68 -1 91 -1 60 -1 60 -1 60 -1 92 -1 60 -1 68 -1 68 -1 68 -1 91 -1 60 -1 60 -1 92 -1 60 -1 68 -1 68 -1 68 -1 91 -1 60 -1 60 -1 92 -1 60 -1 69 -1 60 -1 60 -1 -2
62 -1 476 -1 60 -1 263 -1 72 -1 72 -1 91 -1 60 -1 68 -1 60 -1 68 -1 68 -1 91 -1 60 -1 60 -1 60 -1 92 -1 60 -1 68 -1 60 -1 68 -1 68 -1 68 -1 60 -1 68 -1 60 -1 91 -1 60 -1 60 -1 92 -1 60 -1 68 -1 60 -1 68 -1 68 -1 68 -1 68 -1 91 -1 60 -1 60 -1 60 -1 92 -1 60 -1 69 -1 60 -1 60 -1 -2
187 -1 60 -1 60 -1 60 -1 60 -1 60 -1 60 -1 60 -1 60 -1 60 -1 -2
62 -1 476 -1 60 -1 263 -1 72 -1 72 -1 91 -1 60 -1 68 -1 60 -1 68 -1 68 -1 91 -1 60 -1 60 -1 92 -1 60 -1 68 -1 60 -1 68 -1 60 -1 68 -1 60 -1 68 -1 91 -1 60 -1 60 -1 92 -1 60 -1 68 -1 68 -1 68 -1 68 -1 91 -1 60 -1 60 -1 60 -1 92 -1 60 -1 69 -1 60 -1 60 -1 -2
62 -1 476 -1 60 -1 263 -1 72 -1 72 -1 60 -1 91 -1 60 -1 68 -1 68 -1 68 -1 91 -1 60 -1 60 -1 92 -1 60 -1 68 -1 60 -1 68 -1 60 -1 68 -1 60 -1 68 -1 60 -1 68 -1 91 -1 60 -1 60 -1 92 -1 60 -1 68 -1 68 -1 68 -1 68 -1 68 -1 91 -1 60 -1 60 -1 60 -1 92 -1 60 -1 69 -1 60 -1 60 -1 -2
62 -1 476 -1 60 -1 263 -1 72 -1 72 -1 91 -1 68 -1 68 -1 91 -1 60 -1 60 -1 92 -1 60 -1 60 -1 187 -1 60 -1 60 -1 60 -1 60 -1 60 -1 60 -1 60 -1 60 -1 60 -1 60 -1 60 -1 -2
62 -1 476 -1 60 -1 263 -1 72 -1 72 -1 91 -1 60 -1 68 -1 60 -1 68 -1 60 -1 68 -1 60 -1 68 -1 91 -1 60 -1 60 -1 92 -1 60 -1 68 -1 60 -1 68 -1 68 -1 68 -1 60 -1 68 -1 60 -1 91 -1 60 -1 60 -1 60 -1 92 -1 60 -1 68 -1 68 -1 68 -1 68 -1 68 -1 91 -1 60 -1 60 -1 92 -1 60 -1 69 -1 60 -1 60 -1 -2
62 -1 476 -1 60 -1 263 -1 72 -1 72 -1 91 -1 60 -1 68 -1 60 -1 68 -1 91 -1 60 -1 60 -1 92 -1 60 -1 187 -1 60 -1 60 -1 60 -1 60 -1 60 -1 60 -1 60 -1 60 -1 60 -1 -2
62 -1 476 -1 60 -1 263 -1 72 -1 72 -1 91 -1 68 -1 68 -1 68 -1 68 -1 91 -1 60 -1 60 -1 92 -1 60 -1 68 -1 68 -1 120 -1 68 -1 68 -1 91 -1 60 -1 60 -1 92 -1 60 -1 68 -1 68 -1 68 -1 68 -1 68 -1 91 -1 60 -1 60 -1 60 -1 92 -1 60 -1 69 -1 60 -1 60 -1 -2
62 -1 476 -1 60 -1 263 -1 72 -1 72 -1 91 -1 60 -1 68 -1 60 -1 68 -1 68 -1 60 -1 68 -1 60 -1 91 -1 60 -1 60 -1 92 -1 60 -1 68 -1 60 -1 68 -1 68 -1 91 -1 60 -1 60 -1 92 -1 60 -1 68 -1 60 -1 68 -1 60 -1 68 -1 91 -1 60 -1 60 -1 92 -1 60 -1 69 -1 60 -1 60 -1 -2
60 -1 60 -1 60 -1 92 -1 60 -1 69 -1 60 -1 60 -1 -2
62 -1 476 -1 60 -1 263 -1 72 -1 72 -1 91 -1 68 -1 68 -1 68 -1 91 -1 60 -1 60 -1 92 -1 60 -1 68 -1 68 -1 68 -1 68 -1 68 -1 91 -1 60 -1 60 -1 92 -1 60 -1 68 -1 68 -1 68 -1 60 -1 68 -1 60 -1 68 -1 91 -1 60 -1 60 -1 60 -1 92 -1 60 -1 69 -1 60 -1 60 -1 -2
60 -1 187 -1 60 -1 60 -1 60 -1 60 -1 60 -1 60 -1 60 -1 60 -1 60 -1 60 -1 -2
62 -1 476 -1 60 -1 263 -1 72 -1 72 -1 91 -1 68 -1 68 -1 68 -1 91 -1 60 -1 60 -1 60 -1 92 -1 60 -1 68 -1 68 -1 68 -1 68 -1 91 -1 60 -1 60 -1 92 -1 60 -1 68 -1 68 -1 68 -1 68 -1 91 -1 60 -1 60 -1 60 -1 92 -1 60 -1 69 -1 60 -1 60 -1 -2
62 -1 476 -1 60 -1 263 -1 72 -1 72 -1 91 -1 68 -1 68 -1 91 -1 60 -1 60 -1 157 -1 60 -1 -2
62 -1 476 -1 60 -1 263 -1 72 -1 72 -1 60 -1 91 -1 60 -1 68 -1 68 -1 68 -1 91 -1 60 -1 60 -1 60 -1 92 -1 60 -1 68 -1 60 -1 68 -1 60 -1 68 -1 68 -1 68 -1 91 -1 60 -1 60 -1 60 -1 92 -1 60 -1 68 -1 68 -1 68 -1 60 -1 68 -1 60 -1 68 -1 91 -1 60 -1 60 -1 92 -1 60 -1 69 -1 60 -1 60 -1 -2
62 -1 476 -1 60 -1 263 -1 72 -1 72 -1 91 -1 68 -1 68 -1 68 -1 91 -1 60 -1 60 -1 60 -1 92 -1 60 -1 68 -1 68 -1 68 -1 68 -1 68 -1 91 -1 60 -1 60 -1 92 -1 60 -1 68 -1 68 -1 68 -1 68 -1 68 -1 91 -1 60 -1 60 -1 60 -1 92 -1 60 -1 69 -1 60 -1 60 -1 -2
92 -1 60 -1 69 -1 60 -1 60 -1 -2
62 -1 476 -1 60 -1 263 -1 72 -1 72 -1 91 -1 68 -1 68 -1 68 -1 91 -1 60 -1 60 -1 92 -1 60 -1 68 -1 68 -1 68 -1 91 -1 60 -1 60 -1 60 -1 92 -1 60 -1 68 -1 68 -1 68 -1 91 -1 60 -1 60 -1 92 -1 60 -1 69 -1 60 -1 60 -1 -2
62 -1 476 -1 60 -1 263 -1 72 -1 72 -1 91 -1 68 -1 68 -1 68 -1 91 -1 60 -1 60 -1 117 -1 60 -1 -2
62 -1 476 -1 60 -1 263 -1 72 -1 72 -1 91 -1 68 -1 68 -1 68 -1 68 -1 91 -1 60 -1 60 -1 92 -1 60 -1 68 -1 68 -1 68 -1 91 -1 60 -1 60 -1 92 -1 60 -1 68 -1 68 -1 68 -1 91 -1 60 -1 60 -1 92 -1 60 -1 69 -1 60 -1 60 -1 -2
62 -1 476 -1 60 -1 263 -1 72 -1 72 -1 91 -1 68 -1 68 -1 68 -1 68 -1 91 -1 60 -1 60 -1 92 -1 60 -1 68 -1 68 -1 68 -1 91 -1 60 -1 60 -1 117 -1 60 -1 -2
62 -1 476 -1 60 -1 263 -1 72 -1 72 -1 91 -1 68 -1 68 -1 68 -1 68 -1 91 -1 60 -1 60 -1 92 -1 60 -1 68 -1 68 -1 68 -1 68 -1 68 -1 91 -1 60 -1 60 -1 60 -1 92 -1 60 -1 68 -1 60 -1 68 -1 60 -1 68 -1 68 -1 68 -1 91 -1 60 -1 60 -1 60 -1 92 -1 60 -1 69 -1 60 -1 60 -1 -2
68 -1 60 -1 68 -1 60 -1 68 -1 91 -1 60 -1 60 -1 60 -1 92 -1 60 -1 68 -1 68 -1 68 -1 91 -1 60 -1 60 -1 92 -1 60 -1 69 -1 60 -1 60 -1 -2
