62 -1 60 -1 350 -1 60 -1 60 -1 -2
62 -1 60 -1 350 -1 60 -1 60 -1 -2
62 -1 60 -1 350 -1 60 -1 60 -1 -2
62 -1 60 -1 350 -1 60 -1 60 -1 -2
62 -1 60 -1 350 -1 60 -1 60 -1 -2
62 -1 60 -1 350 -1 60 -1 60 -1 -2
62 -1 60 -1 350 -1 60 -1 60 -1 -2
62 -1 60 -1 350 -1 60 -1 60 -1 -2
62 -1 60 -1 350 -1 60 -1 60 -1 -2
62 -1 60 -1 350 -1 60 -1 60 -1 -2
62 -1 60 -1 350 -1 60 -1 60 -1 -2
62 -1 60 -1 350 -1 60 -1 60 -1 -2
62 -1 60 -1 350 -1 60 -1 60 -1 -2
62 -1 60 -1 350 -1 60 -1 60 -1 -2
62 -1 60 -1 350 -1 60 -1 60 -1 -2
62 -1 60 -1 350 -1 60 -1 60 -1 -2
62 -1 60 -1 350 -1 60 -1 60 -1 -2
62 -1 60 -1 350 -1 60 -1 60 -1 -2
62 -1 60 -1 350 -1 60 -1 60 -1 -2
62 -1 60 -1 350 -1 60 -1 60 -1 -2
62 -1 60 -1 350 -1 60 -1 60 -1 -2
62 -1 60 -1 350 -1 60 -1 60 -1 -2
62 -1 60 -1 350 -1 60 -1 60 -1 -2
62 -1 60 -1 350 -1 60 -1 60 -1 -2
62 -1 60 -1 350 -1 60 -1 60 -1 -2
62 -1 60 -1 350 -1 60 -1 60 -1 -2
62 -1 60 -1 350 -1 60 -1 60 -1 -2
62 -1 60 -1 350 -1 60 -1 60 -1 -2
62 -1 60 -1 350 -1 60 -1 60 -1 -2
62 -1 60 -1 1219 -1 60 -1 60 -1 -2
62 -1 60 -1 350 -1 60 -1 60 -1 -2
62 -1 60 -1 350 -1 60 -1 60 -1 -2
62 -1 60 -1 350 -1 60 -1 60 -1 -2
62 -1 60 -1 350 -1 60 -1 60 -1 -2
62 -1 60 -1 350 -1 60 -1 60 -1 -2
62 -1 60 -1 350 -1 60 -1 60 -1 -2
62 -1 60 -1 350 -1 60 -1 60 -1 -2
62 -1 60 -1 1227 -1 60 -1 60 -1 -2
62 -1 60 -1 350 -1 60 -1 60 -1 -2
62 -1 60 -1 350 -1 60 -1 60 -1 -2
62 -1 60 -1 350 -1 60 -1 60 -1 -2
62 -1 60 -1 350 -1 60 -1 60 -1 -2
62 -1 60 -1 350 -1 60 -1 60 -1 -2
62 -1 60 -1 350 -1 60 -1 60 -1 -2
62 -1 60 -1 350 -1 60 -1 60 -1 -2
62 -1 60 -1 1208 -1 60 -1 60 -1 -2
62 -1 60 -1 350 -1 60 -1 60 -1 -2
62 -1 62 -1 60 -1 350 -1 60 -1 60 -1 -2
62 -1 62 -1 60 -1 350 -1 60 -1 60 -1 -2
62 -1 60 -1 350 -1 60 -1 60 -1 -2
62 -1 60 -1 350 -1 60 -1 60 -1 -2
62 -1 60 -1 350 -1 60 -1 60 -1 -2
62 -1 60 -1 350 -1 60 -1 60 -1 -2
62 -1 60 -1 1024 -1 60 -1 60 -1 -2
62 -1 60 -1 350 -1 60 -1 60 -1 -2
62 -1 60 -1 811 -1 60 -1 60 -1 -2
62 -1 60 -1 350 -1 60 -1 60 -1 -2
62 -1 60 -1 350 -1 60 -1 60 -1 -2
62 -1 60 -1 350 -1 60 -1 60 -1 -2
62 -1 60 -1 350 -1 60 -1 60 -1 -2
62 -1 60 -1 60 -1 917 -1 60 -1 -2
62 -1 60 -1 350 -1 60 -1 60 -1 -2
62 -1 60 -1 350 -1 60 -1 60 -1 -2
62 -1 60 -1 350 -1 60 -1 60 -1 -2
62 -1 60 -1 350 -1 60 -1 60 -1 -2
62 -1 62 -1 60 -1 350 -1 60 -1 60 -1 -2
62 -1 60 -1 350 -1 60 -1 60 -1 -2
62 -1 60 -1 350 -1 60 -1 60 -1 -2
62 -1 60 -1 350 -1 60 -1 60 -1 -2
62 -1 60 -1 350 -1 60 -1 60 -1 -2
62 -1 60 -1 350 -1 60 -1 60 -1 -2
62 -1 62 -1 60 -1 350 -1 60 -1 60 -1 -2
62 -1 60 -1 350 -1 60 -1 60 -1 -2
62 -1 60 -1 350 -1 60 -1 60 -1 -2
62 -1 60 -1 350 -1 60 -1 60 -1 -2
62 -1 60 -1 350 -1 60 -1 60 -1 -2
62 -1 60 -1 350 -1 60 -1 60 -1 -2
62 -1 60 -1 350 -1 60 -1 60 -1 -2
62 -1 60 -1 350 -1 60 -1 60 -1 -2
62 -1 60 -1 350 -1 60 -1 60 -1 -2
62 -1 62 -1 60 -1 350 -1 60 -1 60 -1 -2
62 -1 60 -1 849 -1 60 -1 60 -1 -2
62 -1 62 -1 60 -1 350 -1 60 -1 60 -1 -2
62 -1 60 -1 350 -1 60 -1 60 -1 -2
62 -1 60 -1 928 -1 60 -1 60 -1 -2
62 -1 60 -1 350 -1 60 -1 60 -1 -2
62 -1 60 -1 350 -1 60 -1 60 -1 -2
62 -1 60 -1 350 -1 60 -1 60 -1 -2
62 -1 60 -1 350 -1 60 -1 60 -1 -2
62 -1 60 -1 350 -1 60 -1 60 -1 -2
62 -1 60 -1 350 -1 60 -1 60 -1 -2
62 -1 60 -1 350 -1 60 -1 60 -1 -2
62 -1 60 -1 350 -1 60 -1 60 -1 -2
62 -1 60 -1 350 -1 60 -1 60 -1 -2
62 -1 60 -1 350 -1 60 -1 60 -1 -2
