60 -1 60 -1 176 -1 60 -1 891 -1 77 -1 60 -1 60 -1 60 -1 -2
60 -1 60 -1 60 -1 1089 -1 487 -1 60 -1 60 -1 60 -1 -2
60 -1 60 -1 60 -1 555 -1 60 -1 60 -1 60 -1 -2
60 -1 60 -1 555 -1 60 -1 60 -1 60 -1 -2
60 -1 60 -1 549 -1 495 -1 60 -1 60 -1 60 -1 -2
60 -1 60 -1 1080 -1 487 -1 60 -1 60 -1 60 -1 -2
60 -1 60 -1 460 -1 487 -1 663 -1 546 -1 468 -1 554 -1 60 -1 60 -1 60 -1 60 -1 -2
60 -1 60 -1 487 -1 60 -1 60 -1 60 -1 -2
60 -1 60 -1 555 -1 60 -1 60 -1 60 -1 -2
60 -1 60 -1 1080 -1 60 -1 60 -1 60 -1 -2
60 -1 60 -1 555 -1 555 -1 60 -1 60 -1 -2
60 -1 60 -1 655 -1 639 -1 60 -1 60 -1 60 -1 -2
60 -1 60 -1 627 -1 60 -1 60 -1 60 -1 -2
60 -1 60 -1 555 -1 60 -1 60 -1 60 -1 -2
60 -1 60 -1 555 -1 60 -1 60 -1 60 -1 -2
60 -1 60 -1 460 -1 546 -1 493 -1 498 -1 60 -1 60 -1 60 -1 -2
60 -1 60 -1 555 -1 60 -1 60 -1 60 -1 -2
60 -1 60 -1 555 -1 60 -1 60 -1 60 -1 -2
60 -1 60 -1 498 -1 60 -1 60 -1 60 -1 -2
60 -1 60 -1 377 -1 60 -1 60 -1 60 -1 -2
60 -1 60 -1 487 -1 60 -1 60 -1 60 -1 -2
60 -1 60 -1 615 -1 60 -1 60 -1 60 -1 -2
60 -1 60 -1 555 -1 60 -1 60 -1 60 -1 -2
60 -1 60 -1 555 -1 60 -1 60 -1 60 -1 -2
60 -1 60 -1 651 -1 60 -1 60 -1 60 -1 -2
60 -1 60 -1 546 -1 60 -1 60 -1 60 -1 -2
