62 -1 60 -1 925 -1 60 -1 60 -1 -2
62 -1 60 -1 644 -1 60 -1 60 -1 -2
62 -1 60 -1 945 -1 60 -1 60 -1 -2
66 -1 60 -1 395 -1 60 -1 60 -1 -2
66 -1 60 -1 664 -1 60 -1 60 -1 -2
62 -1 60 -1 686 -1 60 -1 60 -1 -2
62 -1 60 -1 686 -1 60 -1 60 -1 -2
62 -1 60 -1 925 -1 60 -1 60 -1 -2
62 -1 60 -1 1104 -1 60 -1 60 -1 -2
62 -1 60 -1 664 -1 60 -1 60 -1 -2
62 -1 60 -1 686 -1 60 -1 60 -1 -2
62 -1 60 -1 644 -1 60 -1 60 -1 -2
66 -1 60 -1 395 -1 60 -1 60 -1 -2
62 -1 60 -1 925 -1 60 -1 60 -1 -2
62 -1 60 -1 644 -1 60 -1 60 -1 -2
66 -1 60 -1 690 -1 60 -1 60 -1 -2
62 -1 60 -1 690 -1 60 -1 60 -1 -2
62 -1 60 -1 662 -1 60 -1 60 -1 -2
66 -1 60 -1 664 -1 60 -1 60 -1 -2
62 -1 60 -1 395 -1 60 -1 60 -1 -2
62 -1 60 -1 686 -1 60 -1 60 -1 -2
62 -1 60 -1 630 -1 60 -1 60 -1 -2
62 -1 60 -1 686 -1 60 -1 60 -1 -2
62 -1 60 -1 630 -1 60 -1 60 -1 -2
62 -1 60 -1 684 -1 60 -1 60 -1 -2
62 -1 60 -1 723 -1 60 -1 60 -1 -2
62 -1 60 -1 925 -1 60 -1 60 -1 -2
62 -1 60 -1 686 -1 60 -1 60 -1 -2
62 -1 60 -1 684 -1 60 -1 60 -1 -2
62 -1 60 -1 686 -1 60 -1 60 -1 -2
62 -1 60 -1 945 -1 60 -1 60 -1 -2
62 -1 60 -1 644 -1 60 -1 60 -1 -2
66 -1 60 -1 395 -1 60 -1 60 -1 -2
62 -1 60 -1 686 -1 60 -1 60 -1 -2
62 -1 60 -1 684 -1 60 -1 60 -1 -2
62 -1 60 -1 684 -1 60 -1 60 -1 -2
62 -1 60 -1 944 -1 60 -1 60 -1 -2
62 -1 60 -1 662 -1 60 -1 60 -1 -2
62 -1 60 -1 945 -1 60 -1 60 -1 -2
62 -1 60 -1 642 -1 60 -1 60 -1 -2
62 -1 60 -1 684 -1 60 -1 60 -1 -2
62 -1 60 -1 1104 -1 60 -1 60 -1 -2
62 -1 60 -1 945 -1 60 -1 60 -1 -2
62 -1 60 -1 650 -1 60 -1 60 -1 -2
62 -1 60 -1 676 -1 60 -1 60 -1 -2
62 -1 60 -1 925 -1 60 -1 60 -1 -2
62 -1 60 -1 688 -1 60 -1 60 -1 -2
62 -1 60 -1 945 -1 60 -1 60 -1 -2
66 -1 60 -1 690 -1 60 -1 60 -1 -2
62 -1 60 -1 945 -1 60 -1 60 -1 -2
66 -1 60 -1 1104 -1 60 -1 60 -1 -2
62 -1 60 -1 686 -1 60 -1 60 -1 -2
62 -1 60 -1 662 -1 60 -1 60 -1 -2
62 -1 60 -1 925 -1 60 -1 60 -1 -2
62 -1 60 -1 623 -1 60 -1 60 -1 -2
62 -1 60 -1 684 -1 60 -1 60 -1 -2
62 -1 60 -1 684 -1 60 -1 60 -1 -2
62 -1 60 -1 684 -1 60 -1 60 -1 -2
62 -1 60 -1 662 -1 60 -1 60 -1 -2
62 -1 60 -1 925 -1 60 -1 60 -1 -2
66 -1 60 -1 690 -1 60 -1 60 -1 -2
62 -1 60 -1 664 -1 60 -1 60 -1 -2
62 -1 60 -1 686 -1 60 -1 60 -1 -2
62 -1 60 -1 925 -1 60 -1 60 -1 -2
62 -1 60 -1 945 -1 60 -1 60 -1 -2
62 -1 60 -1 625 -1 60 -1 60 -1 -2
62 -1 60 -1 925 -1 60 -1 60 -1 -2
62 -1 60 -1 945 -1 60 -1 60 -1 -2
62 -1 60 -1 644 -1 60 -1 60 -1 -2
62 -1 60 -1 644 -1 60 -1 60 -1 -2
62 -1 60 -1 690 -1 60 -1 60 -1 -2
62 -1 60 -1 925 -1 60 -1 60 -1 -2
62 -1 60 -1 686 -1 60 -1 60 -1 -2
62 -1 60 -1 686 -1 60 -1 60 -1 -2
62 -1 60 -1 925 -1 60 -1 60 -1 -2
66 -1 60 -1 644 -1 60 -1 60 -1 -2
62 -1 60 -1 644 -1 60 -1 60 -1 -2
62 -1 60 -1 684 -1 60 -1 60 -1 -2
62 -1 60 -1 945 -1 60 -1 60 -1 -2
62 -1 60 -1 625 -1 60 -1 60 -1 -2
66 -1 60 -1 395 -1 60 -1 60 -1 -2
66 -1 60 -1 607 -1 60 -1 60 -1 -2
66 -1 60 -1 662 -1 60 -1 60 -1 -2
62 -1 60 -1 644 -1 60 -1 60 -1 -2
62 -1 60 -1 684 -1 60 -1 60 -1 -2
62 -1 60 -1 684 -1 60 -1 60 -1 -2
66 -1 60 -1 662 -1 60 -1 60 -1 -2
62 -1 60 -1 686 -1 60 -1 60 -1 -2
62 -1 60 -1 686 -1 60 -1 60 -1 -2
62 -1 60 -1 573 -1 60 -1 60 -1 -2
62 -1 60 -1 662 -1 60 -1 60 -1 -2
62 -1 60 -1 945 -1 60 -1 60 -1 -2
62 -1 60 -1 686 -1 60 -1 60 -1 -2
62 -1 60 -1 688 -1 60 -1 60 -1 -2
66 -1 60 -1 690 -1 60 -1 60 -1 -2
62 -1 60 -1 925 -1 60 -1 60 -1 -2
62 -1 60 -1 925 -1 60 -1 60 -1 -2
62 -1 60 -1 945 -1 60 -1 60 -1 -2
66 -1 60 -1 662 -1 60 -1 60 -1 -2
62 -1 60 -1 664 -1 60 -1 60 -1 -2
62 -1 60 -1 395 -1 60 -1 60 -1 -2
62 -1 60 -1 395 -1 60 -1 60 -1 -2
62 -1 60 -1 684 -1 60 -1 60 -1 -2
62 -1 60 -1 945 -1 60 -1 60 -1 -2
62 -1 60 -1 686 -1 60 -1 60 -1 -2
62 -1 60 -1 395 -1 60 -1 60 -1 -2
62 -1 60 -1 664 -1 60 -1 60 -1 -2
62 -1 60 -1 676 -1 60 -1 60 -1 -2
62 -1 60 -1 925 -1 60 -1 60 -1 -2
62 -1 60 -1 650 -1 60 -1 60 -1 -2
66 -1 60 -1 690 -1 60 -1 60 -1 -2
62 -1 60 -1 1104 -1 60 -1 60 -1 -2
62 -1 60 -1 925 -1 60 -1 60 -1 -2
62 -1 60 -1 686 -1 60 -1 60 -1 -2
66 -1 60 -1 664 -1 60 -1 60 -1 -2
62 -1 60 -1 676 -1 60 -1 60 -1 -2
62 -1 60 -1 945 -1 60 -1 60 -1 -2
62 -1 60 -1 686 -1 60 -1 60 -1 -2
62 -1 60 -1 688 -1 60 -1 60 -1 -2
62 -1 60 -1 686 -1 60 -1 60 -1 -2
62 -1 60 -1 686 -1 60 -1 60 -1 -2
62 -1 60 -1 686 -1 60 -1 60 -1 -2
62 -1 60 -1 686 -1 60 -1 60 -1 -2
62 -1 60 -1 662 -1 60 -1 60 -1 -2
62 -1 60 -1 925 -1 60 -1 60 -1 -2
62 -1 60 -1 650 -1 60 -1 60 -1 -2
62 -1 60 -1 573 -1 60 -1 60 -1 -2
62 -1 60 -1 650 -1 60 -1 60 -1 -2
62 -1 60 -1 686 -1 60 -1 60 -1 -2
62 -1 60 -1 690 -1 60 -1 60 -1 -2
62 -1 60 -1 925 -1 60 -1 60 -1 -2
62 -1 60 -1 686 -1 60 -1 60 -1 -2
62 -1 60 -1 395 -1 60 -1 60 -1 -2
62 -1 60 -1 690 -1 60 -1 60 -1 -2
62 -1 60 -1 1104 -1 60 -1 60 -1 -2
62 -1 60 -1 684 -1 60 -1 60 -1 -2
62 -1 60 -1 395 -1 60 -1 60 -1 -2
62 -1 60 -1 664 -1 60 -1 60 -1 -2
66 -1 60 -1 690 -1 60 -1 60 -1 -2
62 -1 60 -1 690 -1 60 -1 60 -1 -2
66 -1 60 -1 664 -1 60 -1 60 -1 -2
62 -1 60 -1 925 -1 60 -1 60 -1 -2
66 -1 60 -1 644 -1 60 -1 60 -1 -2
62 -1 60 -1 688 -1 60 -1 60 -1 -2
62 -1 60 -1 690 -1 60 -1 60 -1 -2
62 -1 60 -1 395 -1 60 -1 60 -1 -2
62 -1 60 -1 686 -1 60 -1 60 -1 -2
62 -1 60 -1 925 -1 60 -1 60 -1 -2
62 -1 60 -1 688 -1 60 -1 60 -1 -2
62 -1 60 -1 925 -1 60 -1 60 -1 -2
62 -1 60 -1 662 -1 60 -1 60 -1 -2
62 -1 60 -1 662 -1 60 -1 60 -1 -2
62 -1 60 -1 686 -1 60 -1 60 -1 -2
62 -1 60 -1 945 -1 60 -1 60 -1 -2
62 -1 60 -1 664 -1 60 -1 60 -1 -2
62 -1 60 -1 686 -1 60 -1 60 -1 -2
62 -1 60 -1 690 -1 60 -1 60 -1 -2
62 -1 60 -1 688 -1 60 -1 60 -1 -2
66 -1 60 -1 690 -1 60 -1 60 -1 -2
62 -1 60 -1 925 -1 60 -1 60 -1 -2
62 -1 60 -1 925 -1 60 -1 60 -1 -2
66 -1 60 -1 650 -1 60 -1 60 -1 -2
62 -1 60 -1 925 -1 60 -1 60 -1 -2
62 -1 60 -1 690 -1 60 -1 60 -1 -2
62 -1 60 -1 686 -1 60 -1 60 -1 -2
62 -1 60 -1 925 -1 60 -1 60 -1 -2
62 -1 60 -1 684 -1 60 -1 60 -1 -2
62 -1 60 -1 684 -1 60 -1 60 -1 -2
62 -1 60 -1 925 -1 60 -1 60 -1 -2
62 -1 60 -1 1104 -1 60 -1 60 -1 -2
62 -1 60 -1 686 -1 60 -1 60 -1 -2
62 -1 60 -1 925 -1 60 -1 60 -1 -2
66 -1 60 -1 690 -1 60 -1 60 -1 -2
62 -1 60 -1 686 -1 60 -1 60 -1 -2
62 -1 60 -1 925 -1 60 -1 60 -1 -2
62 -1 60 -1 686 -1 60 -1 60 -1 -2
66 -1 60 -1 644 -1 60 -1 60 -1 -2
62 -1 60 -1 925 -1 60 -1 60 -1 -2
62 -1 60 -1 662 -1 60 -1 60 -1 -2
62 -1 60 -1 684 -1 60 -1 60 -1 -2
62 -1 60 -1 684 -1 60 -1 60 -1 -2
62 -1 60 -1 925 -1 60 -1 60 -1 -2
62 -1 60 -1 686 -1 60 -1 60 -1 -2
62 -1 60 -1 945 -1 60 -1 60 -1 -2
62 -1 60 -1 945 -1 60 -1 60 -1 -2
62 -1 60 -1 686 -1 60 -1 60 -1 -2
62 -1 60 -1 945 -1 60 -1 60 -1 -2
62 -1 60 -1 573 -1 60 -1 60 -1 -2
62 -1 60 -1 686 -1 60 -1 60 -1 -2
62 -1 60 -1 686 -1 60 -1 60 -1 -2
62 -1 60 -1 925 -1 60 -1 60 -1 -2
62 -1 60 -1 925 -1 60 -1 60 -1 -2
62 -1 60 -1 925 -1 60 -1 60 -1 -2
62 -1 60 -1 925 -1 60 -1 60 -1 -2
62 -1 60 -1 690 -1 60 -1 60 -1 -2
62 -1 60 -1 686 -1 60 -1 60 -1 -2
62 -1 60 -1 686 -1 60 -1 60 -1 -2
62 -1 60 -1 925 -1 60 -1 60 -1 -2
62 -1 60 -1 925 -1 60 -1 60 -1 -2
62 -1 60 -1 686 -1 60 -1 60 -1 -2
62 -1 60 -1 684 -1 60 -1 60 -1 -2
62 -1 60 -1 664 -1 60 -1 60 -1 -2
62 -1 60 -1 686 -1 60 -1 60 -1 -2
62 -1 60 -1 690 -1 60 -1 60 -1 -2
62 -1 60 -1 925 -1 60 -1 60 -1 -2
62 -1 60 -1 686 -1 60 -1 60 -1 -2
62 -1 60 -1 664 -1 60 -1 60 -1 -2
62 -1 60 -1 686 -1 60 -1 60 -1 -2
62 -1 60 -1 925 -1 60 -1 60 -1 -2
62 -1 60 -1 925 -1 60 -1 60 -1 -2
62 -1 60 -1 925 -1 60 -1 60 -1 -2
62 -1 60 -1 925 -1 60 -1 60 -1 -2
66 -1 60 -1 395 -1 60 -1 60 -1 -2
62 -1 60 -1 684 -1 60 -1 60 -1 -2
62 -1 60 -1 686 -1 60 -1 60 -1 -2
62 -1 60 -1 684 -1 60 -1 60 -1 -2
62 -1 60 -1 945 -1 60 -1 60 -1 -2
62 -1 60 -1 945 -1 60 -1 60 -1 -2
62 -1 60 -1 686 -1 60 -1 60 -1 -2
62 -1 60 -1 690 -1 60 -1 60 -1 -2
62 -1 60 -1 925 -1 60 -1 60 -1 -2
62 -1 60 -1 690 -1 60 -1 60 -1 -2
62 -1 60 -1 925 -1 60 -1 60 -1 -2
62 -1 60 -1 684 -1 60 -1 60 -1 -2
62 -1 60 -1 684 -1 60 -1 60 -1 -2
62 -1 60 -1 925 -1 60 -1 60 -1 -2
62 -1 60 -1 684 -1 60 -1 60 -1 -2
62 -1 60 -1 945 -1 60 -1 60 -1 -2
66 -1 60 -1 690 -1 60 -1 60 -1 -2
62 -1 60 -1 686 -1 60 -1 60 -1 -2
62 -1 60 -1 686 -1 60 -1 60 -1 -2
62 -1 60 -1 690 -1 60 -1 60 -1 -2
62 -1 60 -1 925 -1 60 -1 60 -1 -2
62 -1 60 -1 650 -1 60 -1 60 -1 -2
62 -1 60 -1 684 -1 60 -1 60 -1 -2
62 -1 60 -1 686 -1 60 -1 60 -1 -2
62 -1 60 -1 945 -1 60 -1 60 -1 -2
62 -1 60 -1 684 -1 60 -1 60 -1 -2
62 -1 60 -1 925 -1 60 -1 60 -1 -2
62 -1 60 -1 925 -1 60 -1 60 -1 -2
62 -1 60 -1 690 -1 60 -1 60 -1 -2
62 -1 60 -1 945 -1 60 -1 60 -1 -2
62 -1 60 -1 945 -1 60 -1 60 -1 -2
62 -1 60 -1 686 -1 60 -1 60 -1 -2
62 -1 60 -1 684 -1 60 -1 60 -1 -2
62 -1 60 -1 690 -1 60 -1 60 -1 -2
62 -1 60 -1 573 -1 60 -1 60 -1 -2
62 -1 60 -1 945 -1 60 -1 60 -1 -2
62 -1 60 -1 686 -1 60 -1 60 -1 -2
66 -1 60 -1 690 -1 60 -1 60 -1 -2
62 -1 60 -1 690 -1 60 -1 60 -1 -2
66 -1 60 -1 690 -1 60 -1 60 -1 -2
62 -1 60 -1 945 -1 60 -1 60 -1 -2
62 -1 60 -1 603 -1 60 -1 60 -1 -2
62 -1 60 -1 688 -1 60 -1 60 -1 -2
62 -1 60 -1 684 -1 60 -1 60 -1 -2
62 -1 60 -1 684 -1 60 -1 60 -1 -2
62 -1 60 -1 925 -1 60 -1 60 -1 -2
62 -1 60 -1 686 -1 60 -1 60 -1 -2
62 -1 60 -1 688 -1 60 -1 60 -1 -2
66 -1 60 -1 664 -1 60 -1 60 -1 -2
62 -1 60 -1 684 -1 60 -1 60 -1 -2
62 -1 60 -1 684 -1 60 -1 60 -1 -2
62 -1 60 -1 945 -1 60 -1 60 -1 -2
62 -1 60 -1 945 -1 60 -1 60 -1 -2
62 -1 60 -1 664 -1 60 -1 60 -1 -2
62 -1 60 -1 690 -1 60 -1 60 -1 -2
62 -1 60 -1 945 -1 60 -1 60 -1 -2
62 -1 60 -1 925 -1 60 -1 60 -1 -2
66 -1 60 -1 690 -1 60 -1 60 -1 -2
62 -1 60 -1 688 -1 60 -1 60 -1 -2
62 -1 60 -1 925 -1 60 -1 60 -1 -2
62 -1 60 -1 684 -1 60 -1 60 -1 -2
62 -1 60 -1 945 -1 60 -1 60 -1 -2
62 -1 60 -1 603 -1 60 -1 60 -1 -2
62 -1 60 -1 686 -1 60 -1 60 -1 -2
62 -1 60 -1 684 -1 60 -1 60 -1 -2
66 -1 60 -1 664 -1 60 -1 60 -1 -2
66 -1 60 -1 690 -1 60 -1 60 -1 -2
62 -1 60 -1 395 -1 60 -1 60 -1 -2
62 -1 60 -1 690 -1 60 -1 60 -1 -2
62 -1 60 -1 945 -1 60 -1 60 -1 -2
62 -1 60 -1 925 -1 60 -1 60 -1 -2
62 -1 60 -1 684 -1 60 -1 60 -1 -2
62 -1 60 -1 945 -1 60 -1 60 -1 -2
62 -1 60 -1 684 -1 60 -1 60 -1 -2
62 -1 60 -1 945 -1 60 -1 60 -1 -2
62 -1 60 -1 684 -1 60 -1 60 -1 -2
62 -1 60 -1 945 -1 60 -1 60 -1 -2
62 -1 60 -1 945 -1 60 -1 60 -1 -2
66 -1 60 -1 690 -1 60 -1 60 -1 -2
62 -1 60 -1 925 -1 60 -1 60 -1 -2
62 -1 60 -1 686 -1 60 -1 60 -1 -2
62 -1 60 -1 514 -1 60 -1 60 -1 -2
62 -1 60 -1 945 -1 60 -1 60 -1 -2
62 -1 60 -1 684 -1 60 -1 60 -1 -2
62 -1 60 -1 945 -1 60 -1 60 -1 -2
62 -1 60 -1 395 -1 60 -1 60 -1 -2
62 -1 60 -1 684 -1 60 -1 60 -1 -2
62 -1 60 -1 686 -1 60 -1 60 -1 -2
62 -1 60 -1 1104 -1 60 -1 60 -1 -2
62 -1 60 -1 684 -1 60 -1 60 -1 -2
62 -1 60 -1 650 -1 60 -1 60 -1 -2
62 -1 60 -1 623 -1 60 -1 60 -1 -2
66 -1 60 -1 395 -1 60 -1 60 -1 -2
62 -1 60 -1 684 -1 60 -1 60 -1 -2
62 -1 60 -1 684 -1 60 -1 60 -1 -2
62 -1 60 -1 623 -1 60 -1 60 -1 -2
62 -1 60 -1 945 -1 60 -1 60 -1 -2
62 -1 60 -1 925 -1 60 -1 60 -1 -2
62 -1 60 -1 945 -1 60 -1 60 -1 -2
62 -1 60 -1 684 -1 60 -1 60 -1 -2
62 -1 60 -1 644 -1 60 -1 60 -1 -2
