9 -1 -2
9 -1 9 -1 9 -1 9 -1 9 -1 -2
7 -1 -2
9 -1 9 -1 -2
7 -1 -2
9 -1 -2
3 -1 9 -1 3 -1 9 -1 9 -1 -2
9 -1 -2
9 -1 9 -1 -2
9 -1 9 -1 9 -1 9 -1 9 -1 9 -1 9 -1 9 -1 9 -1 9 -1 9 -1 9 -1 9 -1 9 -1 9 -1 9 -1 9 -1 9 -1 7 -1 9 -1 9 -1 9 -1 -2
9 -1 9 -1 -2
9 -1 7 -1 7 -1 9 -1 9 -1 -2
7 -1 7 -1 7 -1 -2
9 -1 -2
9 -1 -2
7 -1 -2
9 -1 9 -1 -2
7 -1 -2
9 -1 9 -1 9 -1 9 -1 9 -1 9 -1 9 -1 9 -1 9 -1 9 -1 9 -1 9 -1 9 -1 9 -1 7 -1 9 -1 9 -1 9 -1 9 -1 9 -1 9 -1 9 -1 9 -1 9 -1 9 -1 9 -1 9 -1 9 -1 9 -1 9 -1 9 -1 9 -1 9 -1 9 -1 9 -1 9 -1 9 -1 9 -1 9 -1 9 -1 9 -1 9 -1 9 -1 9 -1 9 -1 9 -1 9 -1 9 -1 9 -1 9 -1 9 -1 9 -1 9 -1 9 -1 9 -1 9 -1 -2
9 -1 -2
9 -1 9 -1 9 -1 9 -1 9 -1 9 -1 -2
9 -1 9 -1 9 -1 9 -1 9 -1 9 -1 9 -1 9 -1 9 -1 9 -1 9 -1 9 -1 9 -1 9 -1 9 -1 -2
9 -1 9 -1 -2
6 -1 -2
7 -1 -2
9 -1 9 -1 9 -1 9 -1 9 -1 7 -1 -2
7 -1 -2
9 -1 -2
9 -1 -2
7 -1 -2
9 -1 9 -1 9 -1 -2
9 -1 9 -1 9 -1 9 -1 9 -1 9 -1 9 -1 9 -1 9 -1 9 -1 -2
7 -1 9 -1 -2
9 -1 9 -1 9 -1 9 -1 9 -1 9 -1 9 -1 9 -1 9 -1 -2
9 -1 9 -1 -2
7 -1 9 -1 -2
9 -1 -2
7 -1 -2
9 -1 -2
9 -1 9 -1 9 -1 9 -1 9 -1 9 -1 9 -1 9 -1 9 -1 9 -1 9 -1 9 -1 9 -1 9 -1 9 -1 9 -1 9 -1 9 -1 9 -1 9 -1 9 -1 9 -1 9 -1 9 -1 9 -1 9 -1 9 -1 9 -1 9 -1 9 -1 9 -1 9 -1 9 -1 9 -1 9 -1 -2
7 -1 -2
7 -1 9 -1 9 -1 9 -1 9 -1 9 -1 7 -1 7 -1 -2
9 -1 -2
9 -1 9 -1 9 -1 9 -1 9 -1 9 -1 9 -1 9 -1 -2
9 -1 9 -1 -2
7 -1 9 -1 -2
7 -1 -2
7 -1 6 -1 6 -1 -2
9 -1 -2
9 -1 -2
9 -1 -2
9 -1 -2
7 -1 -2
6 -1 6 -1 6 -1 6 -1 6 -1 7 -1 6 -1 -2
9 -1 9 -1 9 -1 -2
9 -1 9 -1 -2
7 -1 7 -1 -2
9 -1 -2
9 -1 9 -1 9 -1 -2
7 -1 -2
9 -1 -2
9 -1 -2
9 -1 9 -1 9 -1 9 -1 7 -1 9 -1 9 -1 9 -1 7 -1 9 -1 9 -1 9 -1 -2
9 -1 -2
9 -1 -2
9 -1 7 -1 7 -1 7 -1 9 -1 -2
9 -1 -2
9 -1 9 -1 -2
9 -1 9 -1 -2
7 -1 9 -1 -2
7 -1 -2
6 -1 6 -1 6 -1 6 -1 6 -1 6 -1 6 -1 6 -1 -2
7 -1 9 -1 -2
9 -1 -2
7 -1 7 -1 7 -1 -2
9 -1 9 -1 -2
7 -1 7 -1 7 -1 9 -1 7 -1 9 -1 7 -1 9 -1 9 -1 7 -1 -2
9 -1 -2
7 -1 -2
7 -1 7 -1 9 -1 -2
7 -1 -2
9 -1 -2
9 -1 9 -1 -2
9 -1 9 -1 9 -1 9 -1 9 -1 9 -1 9 -1 9 -1 9 -1 9 -1 9 -1 9 -1 -2
9 -1 -2
9 -1 9 -1 -2
9 -1 9 -1 9 -1 9 -1 9 -1 -2
9 -1 9 -1 -2
9 -1 -2
9 -1 -2
9 -1 -2
9 -1 9 -1 -2
7 -1 -2
7 -1 9 -1 7 -1 9 -1 7 -1 3 -1 9 -1 7 -1 9 -1 9 -1 9 -1 9 -1 9 -1 2 -1 -2
9 -1 7 -1 7 -1 7 -1 9 -1 9 -1 7 -1 7 -1 9 -1 9 -1 9 -1 7 -1 7 -1 -2
9 -1 9 -1 9 -1 -2
9 -1 9 -1 9 -1 9 -1 9 -1 9 -1 7 -1 9 -1 7 -1 7 -1 9 -1 7 -1 9 -1 9 -1 7 -1 9 -1 9 -1 9 -1 9 -1 9 -1 9 -1 9 -1 9 -1 9 -1 -2
9 -1 -2
9 -1 -2
9 -1 -2
9 -1 -2
9 -1 9 -1 -2
9 -1 9 -1 9 -1 7 -1 7 -1 7 -1 7 -1 -2
9 -1 9 -1 9 -1 -2
9 -1 9 -1 9 -1 -2
9 -1 -2
7 -1 -2
7 -1 -2
9 -1 -2
9 -1 9 -1 9 -1 9 -1 7 -1 9 -1 7 -1 6 -1 9 -1 9 -1 7 -1 9 -1 9 -1 9 -1 9 -1 9 -1 7 -1 6 -1 9 -1 6 -1 9 -1 9 -1 9 -1 9 -1 9 -1 9 -1 9 -1 -2
9 -1 -2
9 -1 -2
9 -1 -2
9 -1 9 -1 9 -1 -2
7 -1 -2
9 -1 9 -1 9 -1 9 -1 9 -1 9 -1 9 -1 9 -1 9 -1 9 -1 9 -1 9 -1 9 -1 9 -1 9 -1 9 -1 9 -1 9 -1 9 -1 9 -1 9 -1 9 -1 9 -1 9 -1 9 -1 9 -1 9 -1 9 -1 9 -1 9 -1 9 -1 9 -1 9 -1 9 -1 9 -1 9 -1 9 -1 9 -1 9 -1 9 -1 -2
7 -1 -2
9 -1 -2
7 -1 -2
9 -1 -2
