7 -1 9 -1 -2
7 -1 7 -1 7 -1 8 -1 -2
7 -1 7 -1 -2
8 -1 -2
8 -1 8 -1 9 -1 8 -1 -2
8 -1 8 -1 7 -1 8 -1 8 -1 9 -1 7 -1 -2
7 -1 8 -1 7 -1 7 -1 -2
7 -1 9 -1 -2
8 -1 8 -1 8 -1 8 -1 -2
7 -1 8 -1 8 -1 -2
8 -1 8 -1 8 -1 -2
7 -1 8 -1 9 -1 -2
8 -1 7 -1 8 -1 9 -1 8 -1 8 -1 8 -1 8 -1 8 -1 -2
8 -1 7 -1 7 -1 -2
8 -1 7 -1 8 -1 7 -1 -2
9 -1 -2
7 -1 -2
8 -1 8 -1 8 -1 9 -1 7 -1 -2
8 -1 8 -1 8 -1 8 -1 9 -1 -2
8 -1 8 -1 8 -1 8 -1 8 -1 8 -1 8 -1 -2
7 -1 8 -1 -2
8 -1 -2
7 -1 8 -1 7 -1 -2
7 -1 8 -1 8 -1 8 -1 8 -1 7 -1 9 -1 -2
8 -1 8 -1 7 -1 8 -1 7 -1 -2
8 -1 8 -1 8 -1 8 -1 8 -1 7 -1 8 -1 -2
8 -1 8 -1 8 -1 8 -1 8 -1 8 -1 8 -1 -2
7 -1 7 -1 -2
8 -1 8 -1 8 -1 -2
7 -1 8 -1 -2
8 -1 7 -1 -2
7 -1 7 -1 8 -1 7 -1 8 -1 7 -1 8 -1 -2
8 -1 -2
8 -1 -2
8 -1 -2
8 -1 8 -1 8 -1 -2
8 -1 8 -1 8 -1 8 -1 8 -1 -2
7 -1 -2
8 -1 -2
7 -1 -2
8 -1 7 -1 7 -1 -2
8 -1 7 -1 7 -1 7 -1 7 -1 -2
8 -1 8 -1 8 -1 -2
8 -1 -2
7 -1 7 -1 8 -1 7 -1 -2
7 -1 8 -1 8 -1 7 -1 7 -1 8 -1 7 -1 -2
8 -1 8 -1 7 -1 7 -1 9 -1 8 -1 -2
8 -1 7 -1 8 -1 8 -1 -2
7 -1 8 -1 9 -1 -2
9 -1 -2
8 -1 -2
8 -1 7 -1 8 -1 7 -1 7 -1 -2
7 -1 7 -1 8 -1 7 -1 -2
8 -1 7 -1 8 -1 8 -1 7 -1 8 -1 9 -1 7 -1 -2
8 -1 8 -1 8 -1 8 -1 8 -1 8 -1 -2
8 -1 -2
9 -1 -2
8 -1 8 -1 -2
7 -1 7 -1 8 -1 8 -1 7 -1 -2
8 -1 8 -1 8 -1 9 -1 -2
7 -1 7 -1 8 -1 7 -1 -2
8 -1 7 -1 8 -1 -2
8 -1 8 -1 7 -1 9 -1 8 -1 -2
8 -1 7 -1 8 -1 8 -1 8 -1 7 -1 -2
7 -1 8 -1 7 -1 -2
7 -1 8 -1 7 -1 7 -1 8 -1 8 -1 8 -1 -2
8 -1 8 -1 8 -1 8 -1 8 -1 7 -1 8 -1 -2
7 -1 7 -1 7 -1 8 -1 -2
6 -1 6 -1 7 -1 -2
8 -1 -2
7 -1 8 -1 -2
8 -1 7 -1 7 -1 8 -1 -2
7 -1 7 -1 8 -1 7 -1 7 -1 8 -1 8 -1 -2
7 -1 7 -1 8 -1 -2
7 -1 8 -1 8 -1 7 -1 7 -1 8 -1 -2
8 -1 8 -1 -2
9 -1 8 -1 7 -1 8 -1 8 -1 -2
8 -1 7 -1 -2
7 -1 7 -1 8 -1 -2
8 -1 7 -1 7 -1 8 -1 8 -1 8 -1 7 -1 -2
8 -1 -2
7 -1 7 -1 8 -1 7 -1 8 -1 8 -1 -2
8 -1 7 -1 8 -1 8 -1 -2
7 -1 7 -1 8 -1 8 -1 -2
7 -1 7 -1 7 -1 7 -1 7 -1 -2
7 -1 8 -1 7 -1 7 -1 8 -1 8 -1 8 -1 -2
8 -1 8 -1 8 -1 8 -1 -2
9 -1 9 -1 -2
7 -1 7 -1 8 -1 7 -1 8 -1 7 -1 -2
8 -1 8 -1 7 -1 7 -1 -2
8 -1 7 -1 7 -1 8 -1 9 -1 8 -1 -2
7 -1 7 -1 8 -1 7 -1 -2
8 -1 8 -1 8 -1 -2
8 -1 8 -1 8 -1 -2
7 -1 7 -1 7 -1 -2
7 -1 -2
8 -1 8 -1 7 -1 7 -1 7 -1 8 -1 9 -1 -2
8 -1 8 -1 -2
8 -1 -2
7 -1 7 -1 8 -1 -2
8 -1 7 -1 7 -1 8 -1 -2
7 -1 9 -1 -2
8 -1 7 -1 8 -1 8 -1 7 -1 7 -1 8 -1 7 -1 -2
8 -1 7 -1 8 -1 8 -1 7 -1 -2
9 -1 -2
8 -1 8 -1 -2
9 -1 -2
8 -1 8 -1 8 -1 8 -1 -2
8 -1 8 -1 8 -1 8 -1 8 -1 8 -1 8 -1 -2
7 -1 7 -1 8 -1 8 -1 8 -1 -2
8 -1 8 -1 7 -1 7 -1 9 -1 8 -1 -2
7 -1 7 -1 7 -1 7 -1 7 -1 7 -1 7 -1 9 -1 -2
7 -1 7 -1 7 -1 7 -1 8 -1 7 -1 8 -1 8 -1 -2
7 -1 8 -1 8 -1 7 -1 8 -1 8 -1 7 -1 -2
7 -1 8 -1 -2
7 -1 -2
8 -1 8 -1 8 -1 8 -1 -2
7 -1 8 -1 7 -1 8 -1 7 -1 9 -1 -2
7 -1 7 -1 -2
8 -1 8 -1 -2
8 -1 8 -1 8 -1 8 -1 7 -1 9 -1 5 -1 -2
8 -1 8 -1 8 -1 -2
7 -1 7 -1 7 -1 7 -1 8 -1 7 -1 -2
8 -1 8 -1 8 -1 8 -1 8 -1 7 -1 -2
8 -1 8 -1 7 -1 7 -1 -2
6 -1 8 -1 -2
9 -1 7 -1 6 -1 7 -1 7 -1 8 -1 -2
8 -1 7 -1 -2
7 -1 8 -1 -2
9 -1 -2
9 -1 -2
8 -1 -2
7 -1 -2
8 -1 7 -1 7 -1 8 -1 8 -1 7 -1 8 -1 -2
8 -1 8 -1 -2
9 -1 9 -1 8 -1 8 -1 -2
9 -1 -2
7 -1 8 -1 8 -1 9 -1 -2
8 -1 8 -1 7 -1 8 -1 7 -1 -2
8 -1 8 -1 7 -1 8 -1 7 -1 9 -1 -2
8 -1 8 -1 8 -1 8 -1 8 -1 -2
8 -1 8 -1 7 -1 7 -1 8 -1 7 -1 9 -1 7 -1 -2
8 -1 -2
7 -1 -2
7 -1 7 -1 -2
8 -1 -2
8 -1 -2
7 -1 8 -1 -2
8 -1 8 -1 7 -1 -2
7 -1 8 -1 7 -1 8 -1 9 -1 -2
6 -1 7 -1 8 -1 -2
8 -1 -2
8 -1 -2
7 -1 7 -1 8 -1 9 -1 -2
7 -1 8 -1 8 -1 8 -1 8 -1 -2
7 -1 -2
8 -1 7 -1 7 -1 8 -1 -2
8 -1 8 -1 7 -1 -2
7 -1 -2
8 -1 9 -1 -2
8 -1 8 -1 8 -1 7 -1 8 -1 8 -1 7 -1 -2
8 -1 8 -1 8 -1 -2
8 -1 7 -1 8 -1 7 -1 7 -1 6 -1 8 -1 -2
7 -1 7 -1 -2
7 -1 8 -1 7 -1 8 -1 8 -1 7 -1 9 -1 8 -1 -2
8 -1 7 -1 7 -1 7 -1 7 -1 8 -1 -2
8 -1 8 -1 -2
8 -1 8 -1 8 -1 -2
9 -1 8 -1 8 -1 -2
7 -1 8 -1 -2
9 -1 7 -1 7 -1 7 -1 8 -1 8 -1 8 -1 7 -1 -2
6 -1 7 -1 8 -1 7 -1 7 -1 7 -1 7 -1 -2
8 -1 -2
7 -1 -2
7 -1 7 -1 7 -1 7 -1 -2
8 -1 7 -1 8 -1 7 -1 -2
7 -1 7 -1 8 -1 -2
8 -1 -2
8 -1 8 -1 7 -1 7 -1 7 -1 8 -1 8 -1 -2
8 -1 8 -1 8 -1 8 -1 8 -1 -2
7 -1 7 -1 7 -1 7 -1 -2
8 -1 -2
8 -1 -2
7 -1 8 -1 7 -1 8 -1 -2
7 -1 8 -1 8 -1 8 -1 7 -1 -2
8 -1 8 -1 7 -1 8 -1 8 -1 7 -1 -2
8 -1 8 -1 8 -1 -2
7 -1 7 -1 -2
8 -1 7 -1 8 -1 7 -1 -2
7 -1 7 -1 -2
7 -1 7 -1 -2
8 -1 9 -1 -2
7 -1 7 -1 7 -1 8 -1 8 -1 -2
7 -1 7 -1 7 -1 -2
8 -1 8 -1 -2
8 -1 -2
8 -1 -2
7 -1 8 -1 9 -1 -2
9 -1 7 -1 8 -1 7 -1 8 -1 8 -1 8 -1 -2
8 -1 -2
7 -1 8 -1 8 -1 8 -1 8 -1 -2
8 -1 7 -1 -2
8 -1 -2
9 -1 -2
7 -1 8 -1 -2
9 -1 -2
7 -1 8 -1 7 -1 7 -1 8 -1 8 -1 8 -1 7 -1 -2
7 -1 8 -1 7 -1 7 -1 7 -1 8 -1 7 -1 -2
8 -1 8 -1 -2
9 -1 -2
7 -1 7 -1 8 -1 8 -1 -2
7 -1 6 -1 -2
8 -1 7 -1 -2
7 -1 -2
8 -1 7 -1 9 -1 8 -1 7 -1 -2
7 -1 8 -1 8 -1 9 -1 7 -1 -2
7 -1 -2
8 -1 8 -1 9 -1 -2
8 -1 7 -1 8 -1 8 -1 -2
8 -1 8 -1 9 -1 -2
8 -1 8 -1 8 -1 7 -1 7 -1 7 -1 7 -1 8 -1 8 -1 7 -1 -2
7 -1 7 -1 8 -1 7 -1 -2
8 -1 7 -1 -2
8 -1 8 -1 8 -1 9 -1 9 -1 8 -1 8 -1 8 -1 -2
7 -1 7 -1 8 -1 7 -1 7 -1 8 -1 7 -1 -2
8 -1 8 -1 -2
8 -1 8 -1 -2
8 -1 8 -1 7 -1 8 -1 8 -1 7 -1 -2
7 -1 8 -1 -2
8 -1 8 -1 -2
9 -1 -2
7 -1 7 -1 7 -1 8 -1 -2
8 -1 8 -1 -2
8 -1 -2
9 -1 -2
8 -1 -2
7 -1 7 -1 7 -1 8 -1 8 -1 8 -1 8 -1 9 -1 9 -1 -2
8 -1 7 -1 8 -1 9 -1 8 -1 -2
8 -1 8 -1 7 -1 7 -1 7 -1 8 -1 7 -1 7 -1 7 -1 -2
8 -1 8 -1 8 -1 8 -1 7 -1 7 -1 7 -1 -2
8 -1 8 -1 8 -1 -2
8 -1 -2
9 -1 -2
9 -1 -2
7 -1 7 -1 8 -1 9 -1 -2
7 -1 8 -1 7 -1 8 -1 7 -1 8 -1 -2
8 -1 8 -1 8 -1 -2
8 -1 -2
7 -1 8 -1 8 -1 7 -1 8 -1 7 -1 -2
8 -1 8 -1 7 -1 7 -1 -2
7 -1 7 -1 7 -1 7 -1 8 -1 7 -1 -2
8 -1 7 -1 8 -1 8 -1 -2
7 -1 7 -1 -2
8 -1 7 -1 -2
7 -1 7 -1 7 -1 7 -1 8 -1 8 -1 7 -1 -2
7 -1 8 -1 7 -1 8 -1 7 -1 8 -1 8 -1 -2
8 -1 8 -1 7 -1 8 -1 7 -1 -2
8 -1 8 -1 8 -1 8 -1 8 -1 8 -1 7 -1 -2
7 -1 7 -1 8 -1 -2
8 -1 8 -1 8 -1 8 -1 8 -1 8 -1 7 -1 8 -1 7 -1 9 -1 -2
7 -1 8 -1 -2
8 -1 -2
7 -1 -2
8 -1 7 -1 -2
8 -1 -2
8 -1 7 -1 -2
8 -1 -2
8 -1 8 -1 8 -1 7 -1 -2
8 -1 8 -1 8 -1 8 -1 7 -1 8 -1 9 -1 7 -1 -2
7 -1 8 -1 8 -1 8 -1 7 -1 -2
8 -1 9 -1 8 -1 8 -1 7 -1 -2
8 -1 -2
7 -1 -2
7 -1 8 -1 -2
7 -1 7 -1 7 -1 7 -1 8 -1 -2
8 -1 -2
8 -1 8 -1 7 -1 7 -1 8 -1 8 -1 -2
8 -1 7 -1 -2
8 -1 -2
7 -1 8 -1 8 -1 8 -1 8 -1 8 -1 -2
7 -1 8 -1 -2
7 -1 7 -1 7 -1 7 -1 8 -1 8 -1 -2
7 -1 7 -1 -2
7 -1 7 -1 7 -1 -2
7 -1 8 -1 8 -1 -2
8 -1 -2
7 -1 -2
7 -1 8 -1 7 -1 7 -1 9 -1 -2
7 -1 8 -1 -2
8 -1 7 -1 8 -1 -2
8 -1 -2
8 -1 8 -1 -2
9 -1 -2
7 -1 7 -1 -2
8 -1 8 -1 8 -1 -2
7 -1 8 -1 -2
7 -1 8 -1 8 -1 8 -1 7 -1 8 -1 7 -1 7 -1 -2
8 -1 8 -1 7 -1 -2
8 -1 -2
9 -1 7 -1 -2
8 -1 7 -1 8 -1 8 -1 7 -1 8 -1 7 -1 -2
9 -1 7 -1 7 -1 7 -1 8 -1 8 -1 8 -1 7 -1 -2
8 -1 7 -1 -2
7 -1 7 -1 8 -1 8 -1 8 -1 -2
9 -1 9 -1 9 -1 9 -1 9 -1 9 -1 9 -1 9 -1 9 -1 9 -1 9 -1 9 -1 9 -1 9 -1 9 -1 9 -1 9 -1 9 -1 9 -1 9 -1 9 -1 9 -1 -2
8 -1 7 -1 7 -1 8 -1 7 -1 9 -1 7 -1 8 -1 -2
8 -1 8 -1 -2
8 -1 7 -1 8 -1 8 -1 8 -1 8 -1 -2
8 -1 -2
8 -1 8 -1 8 -1 7 -1 7 -1 8 -1 7 -1 7 -1 8 -1 -2
7 -1 7 -1 7 -1 7 -1 8 -1 7 -1 7 -1 -2
8 -1 8 -1 8 -1 8 -1 7 -1 -2
7 -1 8 -1 7 -1 7 -1 7 -1 8 -1 7 -1 -2
7 -1 -2
8 -1 7 -1 8 -1 8 -1 9 -1 -2
8 -1 -2
9 -1 8 -1 8 -1 8 -1 8 -1 9 -1 8 -1 8 -1 -2
8 -1 7 -1 -2
8 -1 9 -1 -2
8 -1 7 -1 7 -1 7 -1 7 -1 -2
8 -1 8 -1 8 -1 -2
8 -1 8 -1 8 -1 7 -1 -2
8 -1 7 -1 7 -1 -2
7 -1 8 -1 8 -1 7 -1 7 -1 7 -1 -2
8 -1 7 -1 7 -1 -2
7 -1 8 -1 9 -1 9 -1 -2
1 -1 1 -1 1 -1 1 -1 -2
8 -1 8 -1 8 -1 8 -1 9 -1 8 -1 -2
7 -1 8 -1 8 -1 -2
8 -1 8 -1 8 -1 -2
8 -1 -2
8 -1 8 -1 8 -1 8 -1 7 -1 -2
8 -1 8 -1 7 -1 7 -1 8 -1 8 -1 8 -1 7 -1 -2
9 -1 8 -1 8 -1 8 -1 9 -1 7 -1 -2
8 -1 7 -1 7 -1 8 -1 8 -1 8 -1 -2
7 -1 8 -1 8 -1 8 -1 7 -1 8 -1 -2
7 -1 7 -1 -2
8 -1 8 -1 8 -1 7 -1 -2
8 -1 7 -1 8 -1 9 -1 7 -1 -2
7 -1 -2
9 -1 9 -1 9 -1 -2
7 -1 -2
7 -1 7 -1 7 -1 7 -1 8 -1 8 -1 7 -1 9 -1 9 -1 -2
8 -1 8 -1 8 -1 7 -1 -2
7 -1 7 -1 8 -1 8 -1 8 -1 7 -1 9 -1 -2
7 -1 6 -1 8 -1 8 -1 8 -1 7 -1 8 -1 8 -1 -2
8 -1 7 -1 8 -1 -2
8 -1 7 -1 8 -1 8 -1 8 -1 7 -1 8 -1 9 -1 7 -1 -2
7 -1 8 -1 8 -1 7 -1 8 -1 -2
7 -1 8 -1 8 -1 -2
8 -1 -2
7 -1 9 -1 -2
8 -1 -2
8 -1 7 -1 8 -1 6 -1 8 -1 8 -1 7 -1 -2
8 -1 7 -1 -2
7 -1 7 -1 8 -1 7 -1 8 -1 -2
9 -1 8 -1 8 -1 -2
8 -1 -2
8 -1 8 -1 8 -1 8 -1 8 -1 8 -1 8 -1 -2
8 -1 7 -1 7 -1 8 -1 8 -1 8 -1 -2
7 -1 8 -1 8 -1 8 -1 8 -1 8 -1 -2
8 -1 -2
8 -1 8 -1 8 -1 6 -1 7 -1 8 -1 -2
9 -1 -2
8 -1 8 -1 -2
8 -1 8 -1 8 -1 8 -1 8 -1 -2
8 -1 7 -1 8 -1 -2
7 -1 7 -1 7 -1 7 -1 8 -1 7 -1 8 -1 9 -1 -2
7 -1 8 -1 8 -1 8 -1 -2
8 -1 8 -1 8 -1 8 -1 7 -1 -2
8 -1 7 -1 8 -1 7 -1 7 -1 8 -1 7 -1 9 -1 -2
7 -1 7 -1 8 -1 7 -1 8 -1 8 -1 7 -1 -2
8 -1 8 -1 -2
7 -1 8 -1 9 -1 8 -1 8 -1 8 -1 -2
8 -1 8 -1 8 -1 7 -1 7 -1 -2
8 -1 7 -1 8 -1 8 -1 7 -1 8 -1 7 -1 -2
8 -1 7 -1 -2
7 -1 8 -1 8 -1 9 -1 7 -1 7 -1 -2
8 -1 7 -1 -2
7 -1 -2
8 -1 -2
8 -1 -2
8 -1 -2
7 -1 8 -1 7 -1 8 -1 7 -1 -2
7 -1 8 -1 -2
7 -1 -2
7 -1 8 -1 8 -1 7 -1 7 -1 8 -1 7 -1 -2
7 -1 8 -1 7 -1 -2
7 -1 8 -1 8 -1 7 -1 7 -1 8 -1 7 -1 -2
9 -1 -2
8 -1 7 -1 8 -1 7 -1 7 -1 8 -1 9 -1 7 -1 -2
8 -1 -2
7 -1 8 -1 8 -1 7 -1 8 -1 8 -1 8 -1 -2
8 -1 8 -1 8 -1 8 -1 8 -1 -2
8 -1 8 -1 8 -1 8 -1 9 -1 8 -1 -2
8 -1 7 -1 -2
8 -1 -2
9 -1 7 -1 -2
8 -1 -2
8 -1 -2
8 -1 8 -1 -2
8 -1 7 -1 7 -1 7 -1 -2
8 -1 8 -1 8 -1 8 -1 7 -1 7 -1 7 -1 -2
7 -1 8 -1 8 -1 8 -1 7 -1 8 -1 7 -1 -2
7 -1 8 -1 7 -1 7 -1 9 -1 -2
7 -1 7 -1 8 -1 8 -1 8 -1 8 -1 7 -1 -2
7 -1 7 -1 7 -1 7 -1 7 -1 7 -1 7 -1 -2
8 -1 8 -1 7 -1 8 -1 9 -1 8 -1 7 -1 -2
9 -1 -2
8 -1 7 -1 7 -1 8 -1 7 -1 8 -1 7 -1 8 -1 -2
8 -1 7 -1 7 -1 8 -1 7 -1 7 -1 8 -1 5 -1 7 -1 -2
7 -1 8 -1 8 -1 -2
7 -1 7 -1 8 -1 8 -1 7 -1 -2
7 -1 7 -1 8 -1 7 -1 8 -1 8 -1 -2
7 -1 8 -1 8 -1 8 -1 8 -1 -2
8 -1 -2
7 -1 7 -1 7 -1 7 -1 -2
7 -1 8 -1 8 -1 8 -1 8 -1 7 -1 -2
8 -1 7 -1 8 -1 7 -1 -2
7 -1 8 -1 8 -1 -2
7 -1 8 -1 8 -1 9 -1 7 -1 -2
7 -1 7 -1 7 -1 7 -1 7 -1 7 -1 8 -1 -2
8 -1 9 -1 -2
7 -1 8 -1 8 -1 7 -1 8 -1 7 -1 7 -1 -2
8 -1 7 -1 -2
8 -1 7 -1 8 -1 8 -1 9 -1 -2
7 -1 -2
8 -1 -2
7 -1 7 -1 7 -1 -2
8 -1 -2
7 -1 7 -1 -2
7 -1 8 -1 8 -1 8 -1 8 -1 -2
7 -1 7 -1 7 -1 -2
7 -1 8 -1 7 -1 7 -1 8 -1 8 -1 7 -1 -2
8 -1 8 -1 8 -1 8 -1 -2
8 -1 8 -1 8 -1 8 -1 9 -1 -2
8 -1 8 -1 9 -1 8 -1 8 -1 -2
9 -1 8 -1 7 -1 7 -1 8 -1 8 -1 8 -1 8 -1 -2
8 -1 -2
9 -1 8 -1 8 -1 8 -1 8 -1 7 -1 9 -1 8 -1 8 -1 -2
7 -1 -2
8 -1 8 -1 8 -1 8 -1 7 -1 8 -1 7 -1 -2
8 -1 8 -1 8 -1 8 -1 -2
8 -1 7 -1 8 -1 8 -1 -2
7 -1 8 -1 7 -1 9 -1 8 -1 -2
7 -1 7 -1 7 -1 7 -1 8 -1 -2
7 -1 8 -1 7 -1 -2
9 -1 -2
8 -1 8 -1 -2
8 -1 8 -1 8 -1 -2
7 -1 -2
7 -1 7 -1 7 -1 7 -1 8 -1 7 -1 -2
7 -1 -2
7 -1 7 -1 8 -1 8 -1 -2
7 -1 8 -1 -2
8 -1 8 -1 8 -1 7 -1 9 -1 8 -1 -2
7 -1 -2
8 -1 7 -1 7 -1 7 -1 7 -1 -2
7 -1 8 -1 8 -1 8 -1 -2
7 -1 7 -1 8 -1 8 -1 -2
7 -1 -2
8 -1 7 -1 7 -1 -2
8 -1 7 -1 7 -1 8 -1 -2
8 -1 8 -1 8 -1 8 -1 8 -1 8 -1 8 -1 8 -1 8 -1 -2
7 -1 8 -1 8 -1 8 -1 7 -1 8 -1 7 -1 8 -1 -2
7 -1 7 -1 8 -1 -2
8 -1 8 -1 7 -1 8 -1 9 -1 7 -1 -2
7 -1 8 -1 -2
7 -1 8 -1 7 -1 8 -1 9 -1 7 -1 9 -1 7 -1 -2
8 -1 7 -1 7 -1 -2
7 -1 8 -1 7 -1 -2
7 -1 7 -1 7 -1 7 -1 8 -1 8 -1 8 -1 9 -1 -2
8 -1 7 -1 7 -1 8 -1 7 -1 9 -1 7 -1 -2
8 -1 8 -1 7 -1 8 -1 -2
8 -1 8 -1 -2
8 -1 8 -1 8 -1 9 -1 8 -1 8 -1 -2
7 -1 9 -1 -2
8 -1 7 -1 8 -1 7 -1 8 -1 -2
7 -1 -2
8 -1 8 -1 -2
7 -1 8 -1 8 -1 7 -1 8 -1 -2
8 -1 -2
8 -1 8 -1 8 -1 9 -1 7 -1 8 -1 -2
9 -1 -2
8 -1 8 -1 7 -1 8 -1 8 -1 -2
8 -1 9 -1 -2
7 -1 8 -1 7 -1 8 -1 7 -1 8 -1 7 -1 7 -1 -2
8 -1 7 -1 7 -1 -2
9 -1 7 -1 7 -1 8 -1 8 -1 7 -1 -2
7 -1 7 -1 7 -1 8 -1 7 -1 -2
9 -1 7 -1 8 -1 6 -1 7 -1 7 -1 -2
7 -1 7 -1 8 -1 7 -1 9 -1 7 -1 -2
7 -1 7 -1 8 -1 7 -1 -2
8 -1 8 -1 7 -1 -2
7 -1 7 -1 -2
7 -1 -2
7 -1 8 -1 8 -1 7 -1 7 -1 7 -1 7 -1 -2
8 -1 8 -1 8 -1 -2
7 -1 7 -1 -2
8 -1 8 -1 8 -1 8 -1 -2
8 -1 -2
