524 -1 60 -1 60 -1 60 -1 60 -1 60 -1 -2
525 -1 60 -1 60 -1 60 -1 60 -1 60 -1 -2
526 -1 60 -1 60 -1 60 -1 60 -1 60 -1 -2
62 -1 60 -1 60 -1 60 -1 60 -1 126 -1 60 -1 60 -1 81 -1 60 -1 60 -1 81 -1 60 -1 60 -1 82 -1 60 -1 60 -1 60 -1 60 -1 60 -1 60 -1 60 -1 60 -1 60 -1 60 -1 66 -1 66 -1 66 -1 66 -1 66 -1 66 -1 74 -1 74 -1 66 -1 66 -1 66 -1 66 -1 66 -1 66 -1 66 -1 60 -1 60 -1 60 -1 60 -1 527 -1 60 -1 60 -1 60 -1 60 -1 60 -1 -2
73 -1 73 -1 73 -1 73 -1 73 -1 -2
67 -1 60 -1 67 -1 60 -1 67 -1 -2
67 -1 60 -1 67 -1 60 -1 60 -1 -2
67 -1 60 -1 67 -1 60 -1 67 -1 -2
67 -1 60 -1 483 -1 67 -1 60 -1 67 -1 -2
67 -1 60 -1 60 -1 67 -1 60 -1 -2
67 -1 60 -1 67 -1 60 -1 60 -1 -2
67 -1 60 -1 67 -1 60 -1 60 -1 67 -1 -2
67 -1 60 -1 60 -1 67 -1 60 -1 -2
60 -1 67 -1 60 -1 67 -1 60 -1 -2
67 -1 60 -1 60 -1 67 -1 60 -1 -2
67 -1 60 -1 67 -1 60 -1 67 -1 -2
60 -1 67 -1 60 -1 67 -1 60 -1 -2
67 -1 60 -1 60 -1 67 -1 60 -1 -2
67 -1 60 -1 60 -1 67 -1 60 -1 -2
67 -1 60 -1 60 -1 67 -1 60 -1 -2
67 -1 60 -1 60 -1 67 -1 60 -1 -2
67 -1 60 -1 138 -1 60 -1 67 -1 60 -1 -2
67 -1 67 -1 60 -1 60 -1 67 -1 -2
67 -1 60 -1 60 -1 67 -1 60 -1 -2
60 -1 60 -1 67 -1 60 -1 67 -1 60 -1 -2
67 -1 60 -1 60 -1 67 -1 60 -1 -2
60 -1 67 -1 60 -1 60 -1 67 -1 -2
60 -1 67 -1 60 -1 67 -1 60 -1 -2
67 -1 60 -1 60 -1 67 -1 60 -1 -2
60 -1 67 -1 60 -1 67 -1 60 -1 -2
67 -1 60 -1 67 -1 60 -1 67 -1 -2
60 -1 67 -1 60 -1 67 -1 60 -1 -2
60 -1 67 -1 60 -1 67 -1 60 -1 -2
60 -1 67 -1 60 -1 67 -1 60 -1 -2
60 -1 67 -1 60 -1 67 -1 60 -1 -2
60 -1 60 -1 67 -1 60 -1 67 -1 60 -1 -2
60 -1 67 -1 60 -1 67 -1 60 -1 -2
60 -1 67 -1 60 -1 67 -1 60 -1 -2
60 -1 67 -1 60 -1 67 -1 60 -1 -2
60 -1 67 -1 60 -1 67 -1 60 -1 -2
60 -1 67 -1 60 -1 67 -1 60 -1 -2
60 -1 67 -1 60 -1 67 -1 60 -1 -2
60 -1 67 -1 60 -1 67 -1 60 -1 -2
60 -1 67 -1 60 -1 67 -1 60 -1 -2
60 -1 67 -1 60 -1 67 -1 60 -1 -2
60 -1 67 -1 60 -1 67 -1 60 -1 -2
60 -1 67 -1 60 -1 67 -1 60 -1 -2
67 -1 60 -1 67 -1 60 -1 67 -1 -2
67 -1 60 -1 67 -1 60 -1 67 -1 -2
60 -1 67 -1 60 -1 67 -1 60 -1 -2
60 -1 67 -1 60 -1 67 -1 60 -1 -2
60 -1 67 -1 60 -1 67 -1 60 -1 -2
67 -1 60 -1 67 -1 60 -1 60 -1 67 -1 -2
67 -1 60 -1 67 -1 60 -1 60 -1 67 -1 -2
67 -1 60 -1 67 -1 60 -1 60 -1 67 -1 -2
67 -1 60 -1 67 -1 60 -1 60 -1 67 -1 -2
67 -1 60 -1 67 -1 60 -1 60 -1 67 -1 -2
67 -1 60 -1 67 -1 60 -1 60 -1 67 -1 -2
67 -1 60 -1 67 -1 60 -1 67 -1 -2
60 -1 67 -1 60 -1 67 -1 60 -1 -2
67 -1 60 -1 67 -1 60 -1 60 -1 67 -1 -2
60 -1 67 -1 60 -1 67 -1 60 -1 -2
67 -1 60 -1 67 -1 60 -1 67 -1 -2
67 -1 60 -1 67 -1 60 -1 67 -1 -2
67 -1 60 -1 67 -1 60 -1 67 -1 -2
67 -1 60 -1 67 -1 60 -1 67 -1 -2
67 -1 60 -1 67 -1 60 -1 67 -1 -2
60 -1 60 -1 67 -1 67 -1 60 -1 -2
60 -1 60 -1 67 -1 60 -1 67 -1 -2
60 -1 67 -1 60 -1 60 -1 67 -1 -2
60 -1 67 -1 60 -1 60 -1 67 -1 -2
60 -1 60 -1 67 -1 60 -1 67 -1 -2
60 -1 60 -1 67 -1 60 -1 67 -1 -2
67 -1 60 -1 67 -1 60 -1 60 -1 67 -1 -2
67 -1 60 -1 67 -1 60 -1 67 -1 -2
67 -1 60 -1 67 -1 60 -1 60 -1 67 -1 -2
67 -1 60 -1 67 -1 60 -1 60 -1 67 -1 -2
67 -1 60 -1 60 -1 67 -1 60 -1 67 -1 -2
67 -1 60 -1 60 -1 67 -1 60 -1 67 -1 -2
60 -1 60 -1 67 -1 60 -1 67 -1 -2
67 -1 60 -1 67 -1 60 -1 67 -1 -2
67 -1 60 -1 67 -1 60 -1 67 -1 -2
67 -1 60 -1 67 -1 60 -1 67 -1 -2
60 -1 60 -1 67 -1 60 -1 67 -1 -2
67 -1 60 -1 253 -1 67 -1 60 -1 67 -1 -2
67 -1 60 -1 67 -1 60 -1 67 -1 -2
67 -1 60 -1 67 -1 60 -1 67 -1 -2
60 -1 230 -1 67 -1 60 -1 67 -1 60 -1 67 -1 -2
67 -1 60 -1 67 -1 60 -1 67 -1 -2
67 -1 60 -1 67 -1 60 -1 67 -1 -2
60 -1 67 -1 60 -1 60 -1 67 -1 -2
67 -1 60 -1 67 -1 60 -1 67 -1 -2
67 -1 60 -1 67 -1 60 -1 67 -1 -2
60 -1 67 -1 60 -1 67 -1 60 -1 -2
60 -1 67 -1 67 -1 60 -1 391 -1 -2
60 -1 67 -1 60 -1 67 -1 60 -1 -2
60 -1 67 -1 60 -1 67 -1 60 -1 -2
60 -1 67 -1 60 -1 67 -1 60 -1 -2
67 -1 60 -1 60 -1 67 -1 60 -1 67 -1 -2
67 -1 60 -1 67 -1 60 -1 67 -1 -2
67 -1 60 -1 67 -1 60 -1 67 -1 -2
60 -1 67 -1 60 -1 67 -1 60 -1 -2
60 -1 67 -1 60 -1 67 -1 60 -1 -2
67 -1 60 -1 60 -1 67 -1 60 -1 67 -1 -2
67 -1 67 -1 67 -1 67 -1 60 -1 -2
60 -1 67 -1 60 -1 67 -1 60 -1 67 -1 -2
67 -1 67 -1 60 -1 368 -1 60 -1 -2
60 -1 67 -1 60 -1 67 -1 60 -1 67 -1 -2
60 -1 67 -1 60 -1 67 -1 60 -1 -2
60 -1 67 -1 60 -1 67 -1 60 -1 -2
67 -1 60 -1 67 -1 60 -1 67 -1 60 -1 -2
67 -1 60 -1 67 -1 60 -1 60 -1 67 -1 -2
67 -1 60 -1 60 -1 67 -1 60 -1 67 -1 -2
67 -1 60 -1 60 -1 67 -1 60 -1 67 -1 -2
67 -1 60 -1 67 -1 60 -1 60 -1 67 -1 -2
67 -1 60 -1 60 -1 67 -1 60 -1 67 -1 -2
67 -1 60 -1 60 -1 67 -1 60 -1 67 -1 -2
60 -1 67 -1 60 -1 60 -1 67 -1 -2
67 -1 60 -1 60 -1 67 -1 60 -1 67 -1 -2
67 -1 60 -1 67 -1 60 -1 67 -1 -2
67 -1 60 -1 67 -1 60 -1 67 -1 -2
67 -1 60 -1 67 -1 60 -1 67 -1 -2
67 -1 60 -1 67 -1 60 -1 67 -1 -2
67 -1 60 -1 67 -1 60 -1 67 -1 -2
67 -1 60 -1 67 -1 60 -1 67 -1 -2
67 -1 60 -1 60 -1 67 -1 60 -1 67 -1 -2
67 -1 60 -1 67 -1 60 -1 67 -1 -2
67 -1 60 -1 67 -1 60 -1 67 -1 -2
67 -1 60 -1 67 -1 60 -1 60 -1 67 -1 -2
67 -1 60 -1 67 -1 60 -1 67 -1 -2
67 -1 60 -1 60 -1 67 -1 60 -1 67 -1 -2
67 -1 60 -1 60 -1 67 -1 60 -1 67 -1 -2
60 -1 67 -1 60 -1 67 -1 60 -1 -2
60 -1 67 -1 60 -1 67 -1 60 -1 -2
299 -1 67 -1 60 -1 67 -1 60 -1 -2
60 -1 67 -1 60 -1 67 -1 60 -1 67 -1 -2
67 -1 60 -1 60 -1 67 -1 60 -1 67 -1 -2
67 -1 60 -1 67 -1 60 -1 60 -1 67 -1 -2
67 -1 60 -1 60 -1 67 -1 60 -1 -2
60 -1 368 -1 67 -1 60 -1 67 -1 -2
67 -1 60 -1 60 -1 67 -1 60 -1 -2
60 -1 60 -1 67 -1 60 -1 67 -1 -2
67 -1 60 -1 67 -1 60 -1 60 -1 67 -1 -2
67 -1 60 -1 67 -1 60 -1 67 -1 -2
60 -1 67 -1 60 -1 67 -1 60 -1 -2
67 -1 60 -1 67 -1 60 -1 60 -1 -2
67 -1 60 -1 67 -1 60 -1 60 -1 -2
60 -1 67 -1 60 -1 67 -1 60 -1 -2
60 -1 67 -1 67 -1 67 -1 60 -1 -2
67 -1 60 -1 67 -1 67 -1 67 -1 -2
67 -1 60 -1 67 -1 60 -1 67 -1 -2
60 -1 60 -1 67 -1 60 -1 391 -1 -2
60 -1 67 -1 60 -1 67 -1 60 -1 -2
60 -1 67 -1 60 -1 67 -1 60 -1 -2
67 -1 60 -1 67 -1 60 -1 67 -1 60 -1 -2
67 -1 60 -1 67 -1 60 -1 67 -1 60 -1 -2
67 -1 60 -1 60 -1 60 -1 67 -1 -2
60 -1 67 -1 60 -1 67 -1 60 -1 -2
67 -1 60 -1 67 -1 60 -1 67 -1 60 -1 -2
60 -1 67 -1 60 -1 67 -1 60 -1 -2
60 -1 67 -1 60 -1 67 -1 60 -1 -2
67 -1 60 -1 67 -1 60 -1 67 -1 60 -1 -2
67 -1 60 -1 67 -1 60 -1 67 -1 -2
60 -1 67 -1 60 -1 60 -1 67 -1 -2
60 -1 67 -1 60 -1 67 -1 60 -1 -2
67 -1 60 -1 67 -1 60 -1 60 -1 67 -1 -2
60 -1 67 -1 60 -1 60 -1 67 -1 -2
67 -1 60 -1 67 -1 60 -1 67 -1 -2
67 -1 60 -1 67 -1 60 -1 67 -1 -2
67 -1 67 -1 60 -1 67 -1 60 -1 60 -1 67 -1 -2
67 -1 60 -1 67 -1 60 -1 67 -1 -2
67 -1 60 -1 67 -1 60 -1 67 -1 -2
67 -1 60 -1 67 -1 60 -1 67 -1 -2
67 -1 60 -1 67 -1 60 -1 67 -1 -2
67 -1 60 -1 67 -1 60 -1 60 -1 67 -1 -2
60 -1 67 -1 67 -1 60 -1 60 -1 67 -1 -2
60 -1 60 -1 67 -1 60 -1 67 -1 -2
60 -1 60 -1 67 -1 60 -1 67 -1 -2
67 -1 60 -1 67 -1 60 -1 67 -1 -2
67 -1 60 -1 60 -1 67 -1 60 -1 67 -1 -2
67 -1 60 -1 67 -1 60 -1 67 -1 -2
60 -1 60 -1 67 -1 60 -1 67 -1 -2
60 -1 60 -1 67 -1 60 -1 67 -1 -2
67 -1 60 -1 67 -1 60 -1 67 -1 -2
60 -1 60 -1 67 -1 60 -1 67 -1 -2
67 -1 60 -1 67 -1 60 -1 67 -1 -2
67 -1 60 -1 67 -1 60 -1 67 -1 -2
67 -1 60 -1 67 -1 60 -1 67 -1 -2
67 -1 67 -1 67 -1 60 -1 60 -1 67 -1 -2
67 -1 60 -1 67 -1 60 -1 67 -1 -2
60 -1 60 -1 67 -1 60 -1 67 -1 -2
60 -1 60 -1 67 -1 60 -1 67 -1 -2
67 -1 60 -1 67 -1 60 -1 67 -1 -2
60 -1 60 -1 67 -1 60 -1 67 -1 -2
67 -1 60 -1 67 -1 60 -1 67 -1 -2
67 -1 60 -1 60 -1 67 -1 60 -1 67 -1 -2
60 -1 67 -1 60 -1 67 -1 60 -1 67 -1 -2
67 -1 60 -1 67 -1 60 -1 67 -1 -2
67 -1 60 -1 67 -1 60 -1 67 -1 -2
67 -1 60 -1 67 -1 60 -1 60 -1 -2
67 -1 60 -1 299 -1 67 -1 60 -1 67 -1 -2
60 -1 67 -1 60 -1 67 -1 60 -1 -2
67 -1 60 -1 67 -1 60 -1 67 -1 -2
60 -1 60 -1 67 -1 60 -1 67 -1 -2
67 -1 60 -1 67 -1 60 -1 67 -1 -2
67 -1 60 -1 67 -1 60 -1 67 -1 -2
67 -1 60 -1 67 -1 60 -1 67 -1 -2
67 -1 60 -1 67 -1 60 -1 67 -1 -2
67 -1 60 -1 67 -1 60 -1 67 -1 -2
67 -1 60 -1 67 -1 60 -1 67 -1 -2
67 -1 60 -1 67 -1 60 -1 67 -1 -2
60 -1 60 -1 199 -1 60 -1 67 -1 60 -1 -2
67 -1 60 -1 67 -1 60 -1 67 -1 -2
67 -1 60 -1 230 -1 67 -1 67 -1 -2
67 -1 60 -1 67 -1 60 -1 67 -1 -2
67 -1 60 -1 67 -1 60 -1 67 -1 -2
67 -1 60 -1 60 -1 67 -1 60 -1 67 -1 -2
67 -1 60 -1 67 -1 60 -1 67 -1 -2
67 -1 60 -1 67 -1 60 -1 67 -1 -2
67 -1 60 -1 67 -1 60 -1 67 -1 -2
60 -1 67 -1 60 -1 60 -1 67 -1 -2
67 -1 60 -1 67 -1 60 -1 67 -1 -2
60 -1 67 -1 60 -1 67 -1 60 -1 67 -1 -2
67 -1 60 -1 67 -1 60 -1 67 -1 -2
60 -1 67 -1 60 -1 67 -1 60 -1 67 -1 -2
67 -1 60 -1 67 -1 60 -1 67 -1 -2
60 -1 60 -1 67 -1 60 -1 67 -1 -2
67 -1 60 -1 67 -1 60 -1 67 -1 -2
60 -1 67 -1 60 -1 60 -1 67 -1 -2
67 -1 60 -1 67 -1 67 -1 60 -1 -2
67 -1 60 -1 60 -1 67 -1 60 -1 67 -1 -2
67 -1 60 -1 60 -1 67 -1 60 -1 67 -1 -2
67 -1 60 -1 67 -1 60 -1 67 -1 60 -1 -2
60 -1 67 -1 60 -1 67 -1 60 -1 -2
67 -1 60 -1 460 -1 60 -1 67 -1 60 -1 67 -1 -2
67 -1 60 -1 60 -1 67 -1 60 -1 67 -1 -2
60 -1 67 -1 60 -1 67 -1 67 -1 -2
67 -1 60 -1 67 -1 60 -1 67 -1 -2
67 -1 60 -1 60 -1 67 -1 67 -1 -2
60 -1 67 -1 60 -1 67 -1 60 -1 -2
60 -1 67 -1 67 -1 60 -1 67 -1 60 -1 -2
60 -1 60 -1 67 -1 67 -1 67 -1 -2
67 -1 60 -1 67 -1 60 -1 67 -1 60 -1 -2
67 -1 60 -1 60 -1 67 -1 60 -1 67 -1 -2
60 -1 67 -1 60 -1 67 -1 60 -1 -2
60 -1 60 -1 67 -1 60 -1 67 -1 -2
60 -1 67 -1 60 -1 67 -1 60 -1 -2
60 -1 67 -1 60 -1 60 -1 345 -1 67 -1 -2
67 -1 60 -1 60 -1 67 -1 60 -1 -2
67 -1 60 -1 368 -1 60 -1 67 -1 60 -1 67 -1 -2
67 -1 60 -1 67 -1 60 -1 60 -1 67 -1 -2
67 -1 60 -1 67 -1 60 -1 276 -1 67 -1 -2
67 -1 60 -1 67 -1 60 -1 67 -1 -2
67 -1 60 -1 60 -1 67 -1 60 -1 67 -1 -2
67 -1 60 -1 67 -1 60 -1 60 -1 67 -1 -2
67 -1 60 -1 67 -1 60 -1 67 -1 -2
60 -1 67 -1 60 -1 67 -1 60 -1 -2
67 -1 60 -1 67 -1 60 -1 67 -1 -2
60 -1 67 -1 60 -1 60 -1 67 -1 -2
60 -1 67 -1 60 -1 67 -1 60 -1 -2
67 -1 60 -1 67 -1 60 -1 67 -1 -2
67 -1 60 -1 67 -1 60 -1 60 -1 67 -1 -2
60 -1 60 -1 67 -1 60 -1 67 -1 60 -1 -2
60 -1 67 -1 60 -1 60 -1 67 -1 -2
60 -1 60 -1 67 -1 60 -1 67 -1 60 -1 -2
60 -1 67 -1 60 -1 67 -1 60 -1 -2
67 -1 60 -1 67 -1 60 -1 67 -1 -2
67 -1 60 -1 67 -1 60 -1 60 -1 67 -1 -2
60 -1 67 -1 60 -1 67 -1 60 -1 -2
60 -1 60 -1 67 -1 60 -1 67 -1 60 -1 -2
60 -1 67 -1 60 -1 60 -1 67 -1 -2
67 -1 60 -1 67 -1 60 -1 60 -1 67 -1 -2
60 -1 60 -1 67 -1 60 -1 67 -1 60 -1 -2
67 -1 60 -1 67 -1 60 -1 67 -1 -2
60 -1 67 -1 60 -1 67 -1 60 -1 -2
60 -1 60 -1 67 -1 60 -1 67 -1 60 -1 -2
60 -1 67 -1 60 -1 67 -1 60 -1 67 -1 -2
67 -1 60 -1 67 -1 60 -1 67 -1 -2
67 -1 60 -1 67 -1 60 -1 67 -1 -2
67 -1 60 -1 67 -1 60 -1 67 -1 -2
60 -1 67 -1 60 -1 67 -1 60 -1 -2
60 -1 67 -1 60 -1 67 -1 60 -1 -2
60 -1 60 -1 67 -1 60 -1 67 -1 60 -1 -2
60 -1 67 -1 60 -1 67 -1 60 -1 -2
67 -1 60 -1 67 -1 60 -1 67 -1 -2
60 -1 60 -1 67 -1 60 -1 67 -1 60 -1 -2
60 -1 67 -1 60 -1 67 -1 60 -1 67 -1 -2
60 -1 67 -1 60 -1 67 -1 60 -1 -2
67 -1 60 -1 67 -1 60 -1 67 -1 -2
67 -1 60 -1 60 -1 67 -1 60 -1 67 -1 -2
67 -1 60 -1 67 -1 60 -1 67 -1 -2
67 -1 60 -1 67 -1 60 -1 67 -1 -2
67 -1 60 -1 67 -1 60 -1 60 -1 67 -1 -2
60 -1 67 -1 60 -1 67 -1 60 -1 67 -1 -2
67 -1 60 -1 67 -1 60 -1 60 -1 67 -1 -2
67 -1 60 -1 67 -1 60 -1 67 -1 -2
60 -1 161 -1 60 -1 67 -1 60 -1 67 -1 67 -1 60 -1 67 -1 -2
67 -1 60 -1 67 -1 60 -1 67 -1 -2
60 -1 67 -1 60 -1 67 -1 60 -1 -2
67 -1 60 -1 67 -1 60 -1 67 -1 -2
67 -1 60 -1 67 -1 60 -1 67 -1 -2
67 -1 60 -1 67 -1 60 -1 67 -1 -2
67 -1 60 -1 67 -1 60 -1 67 -1 -2
60 -1 67 -1 60 -1 67 -1 60 -1 -2
67 -1 60 -1 67 -1 60 -1 67 -1 -2
67 -1 60 -1 67 -1 60 -1 67 -1 -2
60 -1 67 -1 60 -1 67 -1 60 -1 -2
60 -1 67 -1 60 -1 67 -1 60 -1 -2
60 -1 67 -1 60 -1 67 -1 60 -1 -2
67 -1 60 -1 67 -1 60 -1 67 -1 -2
67 -1 60 -1 60 -1 60 -1 67 -1 -2
67 -1 60 -1 67 -1 60 -1 67 -1 -2
60 -1 67 -1 60 -1 67 -1 60 -1 -2
60 -1 67 -1 60 -1 67 -1 60 -1 -2
67 -1 60 -1 67 -1 60 -1 67 -1 60 -1 -2
60 -1 67 -1 60 -1 67 -1 60 -1 -2
60 -1 67 -1 60 -1 67 -1 60 -1 -2
60 -1 67 -1 60 -1 67 -1 60 -1 -2
60 -1 67 -1 60 -1 67 -1 60 -1 67 -1 -2
60 -1 67 -1 60 -1 67 -1 60 -1 -2
60 -1 276 -1 67 -1 60 -1 60 -1 -2
60 -1 67 -1 60 -1 67 -1 60 -1 -2
60 -1 67 -1 60 -1 67 -1 60 -1 -2
67 -1 60 -1 67 -1 60 -1 67 -1 60 -1 -2
60 -1 67 -1 60 -1 67 -1 60 -1 -2
67 -1 60 -1 67 -1 60 -1 67 -1 60 -1 -2
60 -1 67 -1 60 -1 67 -1 60 -1 -2
60 -1 67 -1 60 -1 60 -1 67 -1 -2
60 -1 67 -1 60 -1 60 -1 67 -1 -2
67 -1 60 -1 67 -1 60 -1 60 -1 -2
67 -1 60 -1 67 -1 60 -1 67 -1 -2
67 -1 60 -1 67 -1 60 -1 67 -1 -2
67 -1 60 -1 60 -1 67 -1 60 -1 253 -1 67 -1 -2
60 -1 67 -1 60 -1 67 -1 60 -1 -2
60 -1 67 -1 60 -1 60 -1 67 -1 -2
67 -1 60 -1 67 -1 60 -1 67 -1 -2
60 -1 67 -1 60 -1 67 -1 67 -1 -2
60 -1 60 -1 67 -1 60 -1 67 -1 60 -1 -2
67 -1 60 -1 67 -1 60 -1 67 -1 -2
60 -1 67 -1 60 -1 67 -1 60 -1 -2
67 -1 60 -1 67 -1 60 -1 67 -1 -2
67 -1 60 -1 67 -1 60 -1 67 -1 -2
253 -1 67 -1 60 -1 67 -1 60 -1 -2
67 -1 60 -1 67 -1 60 -1 67 -1 60 -1 -2
60 -1 67 -1 60 -1 67 -1 60 -1 -2
67 -1 60 -1 67 -1 60 -1 67 -1 60 -1 -2
67 -1 60 -1 60 -1 60 -1 67 -1 -2
60 -1 67 -1 60 -1 67 -1 60 -1 -2
67 -1 60 -1 60 -1 60 -1 67 -1 -2
60 -1 67 -1 60 -1 67 -1 60 -1 -2
67 -1 60 -1 67 -1 67 -1 60 -1 -2
67 -1 60 -1 67 -1 60 -1 60 -1 67 -1 -2
67 -1 60 -1 67 -1 60 -1 67 -1 60 -1 -2
60 -1 67 -1 60 -1 67 -1 60 -1 -2
60 -1 67 -1 60 -1 67 -1 60 -1 -2
67 -1 60 -1 60 -1 60 -1 67 -1 -2
67 -1 60 -1 67 -1 60 -1 60 -1 -2
67 -1 67 -1 60 -1 67 -1 60 -1 67 -1 60 -1 -2
60 -1 67 -1 60 -1 67 -1 60 -1 -2
60 -1 67 -1 60 -1 253 -1 67 -1 -2
67 -1 60 -1 67 -1 60 -1 60 -1 67 -1 -2
67 -1 60 -1 67 -1 60 -1 67 -1 60 -1 -2
67 -1 60 -1 67 -1 60 -1 67 -1 60 -1 -2
67 -1 60 -1 67 -1 60 -1 391 -1 67 -1 60 -1 -2
67 -1 60 -1 67 -1 60 -1 60 -1 67 -1 -2
67 -1 60 -1 67 -1 60 -1 60 -1 67 -1 -2
60 -1 67 -1 60 -1 67 -1 60 -1 -2
67 -1 60 -1 67 -1 60 -1 60 -1 67 -1 -2
60 -1 67 -1 60 -1 60 -1 67 -1 -2
60 -1 67 -1 60 -1 67 -1 60 -1 -2
60 -1 67 -1 391 -1 67 -1 60 -1 322 -1 -2
67 -1 60 -1 60 -1 67 -1 60 -1 -2
60 -1 67 -1 60 -1 67 -1 60 -1 -2
60 -1 67 -1 60 -1 67 -1 60 -1 -2
67 -1 60 -1 67 -1 60 -1 60 -1 67 -1 -2
60 -1 67 -1 60 -1 67 -1 60 -1 -2
60 -1 67 -1 60 -1 67 -1 60 -1 -2
60 -1 67 -1 60 -1 67 -1 60 -1 -2
67 -1 60 -1 60 -1 67 -1 60 -1 67 -1 -2
60 -1 67 -1 60 -1 67 -1 60 -1 -2
60 -1 60 -1 67 -1 60 -1 67 -1 -2
60 -1 67 -1 60 -1 67 -1 60 -1 -2
67 -1 60 -1 67 -1 60 -1 60 -1 67 -1 -2
60 -1 60 -1 67 -1 60 -1 67 -1 -2
67 -1 60 -1 67 -1 60 -1 67 -1 60 -1 -2
60 -1 60 -1 67 -1 60 -1 67 -1 -2
67 -1 60 -1 67 -1 60 -1 67 -1 60 -1 -2
60 -1 60 -1 67 -1 60 -1 67 -1 -2
67 -1 60 -1 60 -1 67 -1 60 -1 67 -1 -2
67 -1 60 -1 67 -1 60 -1 60 -1 67 -1 -2
67 -1 60 -1 67 -1 60 -1 67 -1 60 -1 -2
60 -1 67 -1 60 -1 368 -1 67 -1 -2
67 -1 60 -1 67 -1 60 -1 67 -1 60 -1 -2
67 -1 60 -1 67 -1 60 -1 67 -1 60 -1 -2
67 -1 60 -1 67 -1 60 -1 67 -1 60 -1 -2
67 -1 60 -1 67 -1 60 -1 67 -1 -2
67 -1 60 -1 67 -1 60 -1 60 -1 67 -1 -2
67 -1 60 -1 60 -1 67 -1 60 -1 67 -1 -2
67 -1 60 -1 67 -1 60 -1 60 -1 67 -1 -2
67 -1 60 -1 67 -1 60 -1 67 -1 -2
67 -1 60 -1 67 -1 60 -1 60 -1 67 -1 -2
67 -1 60 -1 67 -1 60 -1 60 -1 299 -1 67 -1 -2
67 -1 67 -1 60 -1 60 -1 67 -1 -2
60 -1 67 -1 60 -1 67 -1 60 -1 -2
67 -1 60 -1 60 -1 67 -1 67 -1 -2
60 -1 67 -1 60 -1 67 -1 60 -1 67 -1 -2
67 -1 60 -1 67 -1 60 -1 67 -1 -2
67 -1 60 -1 60 -1 67 -1 414 -1 60 -1 322 -1 67 -1 67 -1 -2
67 -1 60 -1 67 -1 60 -1 67 -1 -2
67 -1 60 -1 67 -1 60 -1 67 -1 -2
67 -1 60 -1 67 -1 60 -1 67 -1 -2
67 -1 60 -1 67 -1 60 -1 67 -1 -2
67 -1 60 -1 67 -1 60 -1 67 -1 -2
67 -1 60 -1 67 -1 60 -1 67 -1 -2
67 -1 60 -1 67 -1 60 -1 67 -1 -2
67 -1 60 -1 67 -1 60 -1 67 -1 -2
67 -1 60 -1 67 -1 60 -1 67 -1 -2
67 -1 60 -1 67 -1 60 -1 67 -1 -2
67 -1 60 -1 67 -1 60 -1 67 -1 -2
67 -1 60 -1 67 -1 60 -1 67 -1 -2
67 -1 60 -1 67 -1 60 -1 67 -1 -2
67 -1 60 -1 67 -1 60 -1 67 -1 -2
67 -1 60 -1 67 -1 60 -1 67 -1 -2
67 -1 60 -1 67 -1 60 -1 67 -1 -2
67 -1 60 -1 67 -1 60 -1 67 -1 -2
67 -1 60 -1 67 -1 60 -1 67 -1 -2
67 -1 60 -1 67 -1 60 -1 67 -1 -2
67 -1 60 -1 67 -1 60 -1 67 -1 -2
67 -1 60 -1 67 -1 60 -1 67 -1 -2
67 -1 60 -1 67 -1 60 -1 67 -1 -2
67 -1 60 -1 67 -1 60 -1 67 -1 -2
60 -1 67 -1 60 -1 67 -1 60 -1 -2
245 -1 67 -1 60 -1 60 -1 67 -1 60 -1 -2
60 -1 67 -1 60 -1 67 -1 60 -1 -2
60 -1 67 -1 60 -1 67 -1 60 -1 -2
60 -1 67 -1 60 -1 67 -1 60 -1 -2
60 -1 67 -1 60 -1 67 -1 60 -1 -2
60 -1 67 -1 60 -1 60 -1 67 -1 -2
60 -1 67 -1 60 -1 60 -1 67 -1 -2
60 -1 67 -1 60 -1 60 -1 67 -1 -2
60 -1 67 -1 60 -1 67 -1 60 -1 -2
60 -1 67 -1 60 -1 67 -1 60 -1 -2
60 -1 67 -1 60 -1 67 -1 60 -1 -2
67 -1 60 -1 67 -1 60 -1 67 -1 60 -1 -2
60 -1 67 -1 60 -1 60 -1 67 -1 -2
60 -1 67 -1 60 -1 60 -1 67 -1 -2
60 -1 67 -1 60 -1 60 -1 67 -1 -2
67 -1 60 -1 67 -1 60 -1 67 -1 60 -1 -2
60 -1 67 -1 60 -1 67 -1 60 -1 -2
60 -1 67 -1 60 -1 67 -1 60 -1 -2
67 -1 60 -1 67 -1 60 -1 67 -1 60 -1 -2
67 -1 67 -1 60 -1 67 -1 60 -1 67 -1 60 -1 -2
67 -1 60 -1 67 -1 60 -1 67 -1 60 -1 -2
67 -1 67 -1 60 -1 67 -1 60 -1 67 -1 60 -1 -2
67 -1 67 -1 60 -1 67 -1 60 -1 67 -1 60 -1 -2
67 -1 60 -1 67 -1 60 -1 67 -1 60 -1 -2
67 -1 60 -1 67 -1 60 -1 67 -1 -2
67 -1 60 -1 67 -1 60 -1 67 -1 -2
67 -1 60 -1 67 -1 60 -1 67 -1 60 -1 -2
60 -1 60 -1 67 -1 60 -1 67 -1 -2
67 -1 60 -1 67 -1 60 -1 67 -1 60 -1 -2
67 -1 67 -1 60 -1 67 -1 60 -1 67 -1 60 -1 -2
67 -1 67 -1 60 -1 67 -1 60 -1 -2
67 -1 60 -1 67 -1 60 -1 67 -1 -2
67 -1 60 -1 67 -1 60 -1 67 -1 60 -1 -2
67 -1 60 -1 60 -1 67 -1 67 -1 -2
60 -1 67 -1 60 -1 483 -1 67 -1 60 -1 -2
67 -1 60 -1 67 -1 60 -1 67 -1 60 -1 -2
67 -1 60 -1 67 -1 60 -1 67 -1 60 -1 -2
67 -1 67 -1 60 -1 67 -1 60 -1 -2
67 -1 60 -1 67 -1 60 -1 67 -1 60 -1 -2
67 -1 60 -1 67 -1 60 -1 299 -1 67 -1 -2
67 -1 60 -1 67 -1 60 -1 60 -1 67 -1 -2
67 -1 60 -1 67 -1 60 -1 60 -1 67 -1 -2
67 -1 60 -1 67 -1 60 -1 60 -1 67 -1 -2
67 -1 60 -1 67 -1 60 -1 60 -1 67 -1 -2
60 -1 67 -1 60 -1 67 -1 60 -1 -2
67 -1 60 -1 60 -1 67 -1 60 -1 67 -1 -2
67 -1 60 -1 67 -1 276 -1 60 -1 67 -1 -2
67 -1 60 -1 67 -1 60 -1 60 -1 67 -1 -2
60 -1 60 -1 67 -1 60 -1 67 -1 -2
67 -1 60 -1 60 -1 67 -1 60 -1 67 -1 -2
67 -1 460 -1 67 -1 60 -1 67 -1 67 -1 -2
60 -1 60 -1 67 -1 60 -1 67 -1 -2
67 -1 60 -1 67 -1 60 -1 67 -1 -2
67 -1 67 -1 60 -1 67 -1 60 -1 67 -1 -2
67 -1 60 -1 67 -1 60 -1 67 -1 -2
60 -1 60 -1 67 -1 60 -1 67 -1 -2
67 -1 60 -1 60 -1 345 -1 60 -1 230 -1 -2
67 -1 60 -1 67 -1 60 -1 67 -1 -2
67 -1 60 -1 67 -1 60 -1 67 -1 -2
184 -1 67 -1 60 -1 67 -1 60 -1 67 -1 -2
67 -1 60 -1 67 -1 60 -1 67 -1 -2
67 -1 60 -1 67 -1 60 -1 67 -1 -2
60 -1 60 -1 67 -1 60 -1 67 -1 -2
60 -1 60 -1 67 -1 60 -1 67 -1 -2
67 -1 60 -1 67 -1 60 -1 67 -1 -2
67 -1 60 -1 67 -1 60 -1 67 -1 -2
60 -1 207 -1 67 -1 60 -1 67 -1 -2
60 -1 67 -1 60 -1 60 -1 67 -1 -2
60 -1 67 -1 60 -1 67 -1 60 -1 -2
276 -1 60 -1 67 -1 60 -1 67 -1 -2
60 -1 67 -1 60 -1 67 -1 67 -1 -2
67 -1 60 -1 67 -1 60 -1 67 -1 -2
67 -1 60 -1 67 -1 60 -1 60 -1 67 -1 -2
67 -1 60 -1 60 -1 67 -1 60 -1 67 -1 -2
67 -1 60 -1 67 -1 60 -1 67 -1 -2
67 -1 60 -1 67 -1 60 -1 67 -1 -2
67 -1 60 -1 67 -1 60 -1 67 -1 60 -1 -2
67 -1 60 -1 67 -1 60 -1 67 -1 60 -1 -2
67 -1 67 -1 60 -1 67 -1 60 -1 -2
67 -1 60 -1 67 -1 60 -1 67 -1 60 -1 -2
67 -1 60 -1 67 -1 60 -1 67 -1 -2
67 -1 60 -1 67 -1 60 -1 67 -1 -2
60 -1 60 -1 67 -1 60 -1 67 -1 -2
67 -1 60 -1 67 -1 60 -1 67 -1 -2
67 -1 60 -1 67 -1 60 -1 67 -1 -2
67 -1 60 -1 67 -1 60 -1 67 -1 -2
60 -1 67 -1 60 -1 67 -1 67 -1 -2
67 -1 60 -1 67 -1 60 -1 67 -1 -2
67 -1 60 -1 67 -1 60 -1 67 -1 -2
60 -1 67 -1 67 -1 60 -1 67 -1 253 -1 -2
67 -1 60 -1 60 -1 67 -1 60 -1 -2
67 -1 60 -1 67 -1 60 -1 67 -1 -2
60 -1 67 -1 67 -1 60 -1 67 -1 -2
60 -1 322 -1 67 -1 67 -1 67 -1 -2
67 -1 60 -1 67 -1 60 -1 60 -1 67 -1 -2
67 -1 60 -1 67 -1 60 -1 60 -1 67 -1 -2
60 -1 67 -1 67 -1 60 -1 67 -1 -2
60 -1 67 -1 60 -1 60 -1 67 -1 -2
60 -1 67 -1 60 -1 60 -1 67 -1 -2
60 -1 67 -1 60 -1 60 -1 67 -1 -2
67 -1 60 -1 60 -1 67 -1 60 -1 67 -1 -2
60 -1 60 -1 67 -1 60 -1 67 -1 -2
67 -1 60 -1 67 -1 60 -1 67 -1 -2
67 -1 60 -1 67 -1 60 -1 67 -1 -2
67 -1 60 -1 67 -1 60 -1 67 -1 60 -1 -2
60 -1 67 -1 60 -1 67 -1 60 -1 67 -1 -2
60 -1 67 -1 60 -1 391 -1 67 -1 60 -1 67 -1 -2
60 -1 67 -1 60 -1 67 -1 60 -1 67 -1 -2
67 -1 60 -1 67 -1 60 -1 67 -1 -2
67 -1 60 -1 60 -1 67 -1 60 -1 -2
67 -1 60 -1 67 -1 60 -1 67 -1 -2
60 -1 67 -1 60 -1 67 -1 60 -1 -2
67 -1 60 -1 60 -1 67 -1 60 -1 -2
60 -1 67 -1 67 -1 60 -1 67 -1 -2
67 -1 60 -1 67 -1 60 -1 67 -1 -2
67 -1 60 -1 67 -1 60 -1 67 -1 -2
67 -1 60 -1 60 -1 67 -1 60 -1 -2
67 -1 60 -1 67 -1 60 -1 67 -1 -2
67 -1 60 -1 67 -1 60 -1 67 -1 -2
60 -1 67 -1 60 -1 67 -1 60 -1 -2
67 -1 60 -1 67 -1 60 -1 67 -1 -2
67 -1 60 -1 67 -1 60 -1 67 -1 -2
67 -1 60 -1 67 -1 60 -1 67 -1 -2
67 -1 60 -1 67 -1 60 -1 67 -1 67 -1 -2
67 -1 60 -1 67 -1 60 -1 67 -1 -2
60 -1 67 -1 60 -1 67 -1 60 -1 67 -1 -2
60 -1 67 -1 60 -1 67 -1 60 -1 -2
67 -1 67 -1 60 -1 60 -1 67 -1 -2
60 -1 67 -1 60 -1 67 -1 60 -1 67 -1 -2
67 -1 60 -1 67 -1 60 -1 67 -1 -2
67 -1 60 -1 67 -1 60 -1 67 -1 -2
60 -1 60 -1 67 -1 60 -1 67 -1 -2
60 -1 60 -1 67 -1 60 -1 67 -1 -2
67 -1 60 -1 60 -1 67 -1 60 -1 67 -1 -2
67 -1 60 -1 60 -1 67 -1 60 -1 67 -1 -2
67 -1 67 -1 60 -1 67 -1 67 -1 -2
67 -1 60 -1 60 -1 67 -1 60 -1 67 -1 -2
67 -1 67 -1 60 -1 322 -1 67 -1 -2
60 -1 67 -1 60 -1 60 -1 345 -1 67 -1 -2
67 -1 60 -1 67 -1 60 -1 391 -1 67 -1 -2
67 -1 60 -1 60 -1 67 -1 60 -1 67 -1 -2
60 -1 67 -1 67 -1 60 -1 67 -1 -2
253 -1 67 -1 60 -1 67 -1 60 -1 67 -1 -2
67 -1 60 -1 67 -1 67 -1 60 -1 -2
67 -1 60 -1 67 -1 67 -1 67 -1 60 -1 -2
67 -1 60 -1 60 -1 67 -1 60 -1 -2
60 -1 67 -1 60 -1 60 -1 67 -1 -2
60 -1 67 -1 60 -1 67 -1 60 -1 -2
67 -1 67 -1 60 -1 60 -1 67 -1 -2
67 -1 67 -1 60 -1 60 -1 67 -1 -2
67 -1 60 -1 67 -1 60 -1 414 -1 60 -1 67 -1 -2
67 -1 67 -1 60 -1 60 -1 67 -1 -2
60 -1 67 -1 67 -1 60 -1 60 -1 67 -1 -2
67 -1 60 -1 67 -1 60 -1 67 -1 -2
67 -1 67 -1 60 -1 60 -1 67 -1 -2
60 -1 67 -1 60 -1 60 -1 67 -1 67 -1 -2
60 -1 67 -1 67 -1 60 -1 60 -1 67 -1 -2
60 -1 67 -1 60 -1 67 -1 60 -1 -2
67 -1 60 -1 67 -1 60 -1 67 -1 -2
60 -1 67 -1 60 -1 60 -1 67 -1 -2
60 -1 67 -1 60 -1 67 -1 60 -1 -2
60 -1 67 -1 60 -1 67 -1 60 -1 -2
60 -1 67 -1 60 -1 60 -1 67 -1 -2
67 -1 60 -1 67 -1 60 -1 67 -1 -2
60 -1 67 -1 60 -1 60 -1 67 -1 -2
67 -1 67 -1 60 -1 60 -1 67 -1 67 -1 -2
60 -1 60 -1 67 -1 60 -1 67 -1 67 -1 -2
60 -1 67 -1 60 -1 67 -1 60 -1 -2
67 -1 60 -1 60 -1 60 -1 67 -1 -2
60 -1 60 -1 67 -1 60 -1 67 -1 -2
60 -1 60 -1 67 -1 60 -1 67 -1 -2
60 -1 60 -1 67 -1 60 -1 67 -1 -2
67 -1 60 -1 67 -1 60 -1 60 -1 67 -1 -2
67 -1 60 -1 67 -1 60 -1 67 -1 -2
67 -1 60 -1 67 -1 60 -1 67 -1 -2
67 -1 60 -1 67 -1 60 -1 222 -1 -2
60 -1 67 -1 60 -1 253 -1 67 -1 60 -1 67 -1 -2
60 -1 60 -1 67 -1 60 -1 67 -1 -2
67 -1 60 -1 60 -1 67 -1 60 -1 67 -1 -2
60 -1 67 -1 60 -1 60 -1 67 -1 -2
67 -1 60 -1 67 -1 60 -1 67 -1 -2
67 -1 60 -1 67 -1 60 -1 67 -1 -2
67 -1 60 -1 67 -1 67 -1 60 -1 -2
60 -1 60 -1 67 -1 60 -1 67 -1 -2
60 -1 60 -1 67 -1 60 -1 67 -1 -2
60 -1 67 -1 67 -1 60 -1 60 -1 67 -1 -2
60 -1 67 -1 60 -1 60 -1 67 -1 -2
60 -1 67 -1 60 -1 67 -1 60 -1 -2
67 -1 60 -1 67 -1 60 -1 67 -1 -2
60 -1 67 -1 60 -1 67 -1 60 -1 67 -1 -2
67 -1 60 -1 67 -1 60 -1 67 -1 -2
67 -1 60 -1 67 -1 60 -1 67 -1 60 -1 -2
67 -1 60 -1 67 -1 60 -1 60 -1 67 -1 -2
67 -1 60 -1 67 -1 60 -1 67 -1 -2
67 -1 60 -1 67 -1 60 -1 67 -1 60 -1 -2
60 -1 67 -1 60 -1 60 -1 67 -1 -2
60 -1 60 -1 67 -1 60 -1 67 -1 -2
67 -1 60 -1 67 -1 60 -1 67 -1 67 -1 -2
60 -1 67 -1 60 -1 60 -1 67 -1 -2
67 -1 60 -1 67 -1 60 -1 67 -1 60 -1 -2
67 -1 60 -1 60 -1 60 -1 67 -1 -2
67 -1 60 -1 67 -1 60 -1 67 -1 60 -1 -2
67 -1 60 -1 67 -1 60 -1 67 -1 60 -1 -2
60 -1 67 -1 60 -1 60 -1 67 -1 -2
67 -1 60 -1 67 -1 60 -1 67 -1 60 -1 -2
67 -1 60 -1 67 -1 60 -1 67 -1 60 -1 -2
67 -1 60 -1 67 -1 60 -1 67 -1 60 -1 -2
67 -1 60 -1 67 -1 60 -1 60 -1 67 -1 -2
60 -1 60 -1 67 -1 60 -1 67 -1 -2
60 -1 67 -1 60 -1 67 -1 60 -1 -2
67 -1 60 -1 67 -1 60 -1 67 -1 60 -1 -2
60 -1 67 -1 60 -1 67 -1 60 -1 -2
67 -1 60 -1 67 -1 60 -1 67 -1 60 -1 -2
60 -1 67 -1 60 -1 67 -1 60 -1 -2
60 -1 67 -1 60 -1 60 -1 67 -1 -2
60 -1 67 -1 60 -1 60 -1 67 -1 -2
60 -1 67 -1 60 -1 60 -1 67 -1 -2
60 -1 67 -1 67 -1 67 -1 60 -1 67 -1 -2
67 -1 60 -1 67 -1 60 -1 67 -1 -2
60 -1 67 -1 60 -1 67 -1 67 -1 60 -1 -2
60 -1 60 -1 67 -1 60 -1 67 -1 -2
67 -1 60 -1 60 -1 67 -1 67 -1 -2
60 -1 67 -1 60 -1 60 -1 67 -1 -2
67 -1 60 -1 67 -1 60 -1 60 -1 67 -1 -2
60 -1 67 -1 60 -1 299 -1 67 -1 -2
67 -1 60 -1 67 -1 60 -1 67 -1 60 -1 -2
67 -1 60 -1 60 -1 60 -1 67 -1 -2
67 -1 60 -1 67 -1 60 -1 67 -1 60 -1 -2
67 -1 67 -1 60 -1 67 -1 60 -1 -2
67 -1 60 -1 67 -1 60 -1 67 -1 60 -1 -2
67 -1 60 -1 60 -1 67 -1 67 -1 -2
67 -1 60 -1 67 -1 60 -1 67 -1 60 -1 -2
60 -1 67 -1 60 -1 60 -1 67 -1 -2
67 -1 60 -1 67 -1 60 -1 67 -1 -2
60 -1 67 -1 60 -1 60 -1 67 -1 -2
60 -1 67 -1 60 -1 67 -1 60 -1 -2
60 -1 67 -1 60 -1 67 -1 60 -1 -2
60 -1 67 -1 60 -1 67 -1 60 -1 -2
60 -1 67 -1 60 -1 60 -1 391 -1 -2
60 -1 67 -1 60 -1 67 -1 60 -1 -2
60 -1 67 -1 60 -1 60 -1 67 -1 60 -1 -2
60 -1 67 -1 60 -1 67 -1 60 -1 -2
60 -1 67 -1 60 -1 67 -1 60 -1 -2
60 -1 67 -1 60 -1 60 -1 67 -1 60 -1 -2
60 -1 67 -1 60 -1 437 -1 60 -1 67 -1 60 -1 -2
67 -1 60 -1 345 -1 67 -1 60 -1 67 -1 -2
60 -1 60 -1 67 -1 67 -1 60 -1 67 -1 -2
60 -1 67 -1 60 -1 60 -1 67 -1 60 -1 -2
60 -1 67 -1 60 -1 60 -1 67 -1 -2
60 -1 67 -1 60 -1 67 -1 60 -1 -2
67 -1 60 -1 67 -1 67 -1 60 -1 67 -1 60 -1 -2
60 -1 67 -1 60 -1 60 -1 67 -1 60 -1 -2
67 -1 60 -1 67 -1 60 -1 60 -1 67 -1 -2
60 -1 67 -1 67 -1 60 -1 67 -1 60 -1 -2
60 -1 60 -1 60 -1 67 -1 60 -1 67 -1 -2
60 -1 460 -1 67 -1 67 -1 60 -1 -2
60 -1 60 -1 67 -1 60 -1 67 -1 -2
67 -1 60 -1 67 -1 60 -1 67 -1 60 -1 -2
184 -1 67 -1 60 -1 67 -1 60 -1 -2
67 -1 60 -1 60 -1 67 -1 60 -1 67 -1 -2
67 -1 60 -1 67 -1 60 -1 67 -1 -2
67 -1 60 -1 60 -1 67 -1 60 -1 67 -1 -2
60 -1 60 -1 67 -1 60 -1 67 -1 -2
60 -1 60 -1 67 -1 60 -1 67 -1 -2
67 -1 60 -1 67 -1 60 -1 67 -1 60 -1 -2
67 -1 60 -1 67 -1 60 -1 67 -1 60 -1 -2
60 -1 60 -1 67 -1 60 -1 67 -1 -2
60 -1 67 -1 60 -1 67 -1 60 -1 67 -1 -2
67 -1 60 -1 67 -1 60 -1 67 -1 -2
67 -1 391 -1 60 -1 67 -1 60 -1 67 -1 -2
67 -1 60 -1 67 -1 60 -1 67 -1 -2
67 -1 60 -1 67 -1 60 -1 67 -1 -2
67 -1 60 -1 67 -1 60 -1 67 -1 -2
67 -1 60 -1 67 -1 60 -1 67 -1 -2
60 -1 67 -1 67 -1 67 -1 67 -1 -2
67 -1 60 -1 67 -1 60 -1 60 -1 67 -1 -2
67 -1 60 -1 67 -1 60 -1 67 -1 -2
67 -1 60 -1 67 -1 60 -1 67 -1 -2
60 -1 67 -1 67 -1 60 -1 67 -1 -2
67 -1 60 -1 67 -1 60 -1 67 -1 -2
60 -1 67 -1 60 -1 67 -1 60 -1 67 -1 -2
67 -1 60 -1 67 -1 67 -1 60 -1 -2
67 -1 60 -1 67 -1 60 -1 67 -1 -2
60 -1 67 -1 60 -1 60 -1 67 -1 -2
67 -1 60 -1 67 -1 60 -1 67 -1 -2
60 -1 67 -1 60 -1 67 -1 60 -1 -2
67 -1 60 -1 299 -1 67 -1 67 -1 -2
67 -1 60 -1 67 -1 60 -1 67 -1 60 -1 -2
60 -1 67 -1 60 -1 67 -1 60 -1 67 -1 -2
60 -1 67 -1 60 -1 60 -1 67 -1 -2
60 -1 67 -1 60 -1 67 -1 60 -1 67 -1 -2
67 -1 60 -1 67 -1 60 -1 67 -1 -2
60 -1 67 -1 60 -1 67 -1 60 -1 -2
60 -1 67 -1 60 -1 60 -1 67 -1 -2
67 -1 60 -1 67 -1 60 -1 60 -1 67 -1 -2
67 -1 60 -1 67 -1 60 -1 67 -1 -2
67 -1 60 -1 67 -1 60 -1 67 -1 -2
67 -1 60 -1 67 -1 60 -1 67 -1 -2
60 -1 161 -1 67 -1 60 -1 60 -1 67 -1 -2
67 -1 60 -1 67 -1 60 -1 60 -1 67 -1 -2
67 -1 60 -1 67 -1 60 -1 67 -1 -2
60 -1 67 -1 60 -1 67 -1 60 -1 -2
60 -1 67 -1 60 -1 67 -1 60 -1 67 -1 -2
60 -1 67 -1 60 -1 60 -1 67 -1 -2
67 -1 60 -1 60 -1 67 -1 67 -1 -2
67 -1 60 -1 67 -1 60 -1 67 -1 -2
60 -1 67 -1 60 -1 67 -1 60 -1 -2
67 -1 60 -1 60 -1 67 -1 60 -1 67 -1 -2
67 -1 60 -1 67 -1 60 -1 67 -1 -2
67 -1 60 -1 345 -1 60 -1 67 -1 60 -1 67 -1 -2
67 -1 60 -1 67 -1 60 -1 67 -1 -2
67 -1 60 -1 67 -1 60 -1 67 -1 -2
60 -1 60 -1 67 -1 60 -1 67 -1 -2
67 -1 60 -1 67 -1 60 -1 67 -1 -2
60 -1 368 -1 67 -1 60 -1 67 -1 60 -1 -2
67 -1 60 -1 67 -1 60 -1 67 -1 -2
67 -1 60 -1 67 -1 60 -1 67 -1 -2
60 -1 60 -1 67 -1 60 -1 67 -1 60 -1 -2
67 -1 60 -1 60 -1 67 -1 60 -1 67 -1 -2
67 -1 60 -1 60 -1 67 -1 60 -1 67 -1 -2
67 -1 60 -1 60 -1 67 -1 60 -1 67 -1 -2
60 -1 60 -1 67 -1 60 -1 67 -1 -2
67 -1 60 -1 60 -1 67 -1 60 -1 67 -1 -2
60 -1 67 -1 60 -1 67 -1 67 -1 60 -1 67 -1 -2
345 -1 67 -1 60 -1 345 -1 67 -1 67 -1 -2
67 -1 60 -1 67 -1 60 -1 67 -1 -2
67 -1 60 -1 67 -1 60 -1 67 -1 -2
67 -1 60 -1 67 -1 60 -1 67 -1 -2
67 -1 60 -1 67 -1 60 -1 67 -1 -2
60 -1 67 -1 60 -1 67 -1 60 -1 67 -1 -2
60 -1 67 -1 60 -1 67 -1 60 -1 -2
67 -1 60 -1 67 -1 60 -1 67 -1 -2
60 -1 67 -1 60 -1 67 -1 60 -1 -2
60 -1 67 -1 60 -1 67 -1 60 -1 67 -1 -2
67 -1 60 -1 67 -1 60 -1 67 -1 -2
67 -1 60 -1 67 -1 60 -1 67 -1 -2
60 -1 67 -1 60 -1 67 -1 60 -1 67 -1 -2
67 -1 60 -1 67 -1 60 -1 299 -1 67 -1 -2
60 -1 67 -1 60 -1 67 -1 60 -1 -2
60 -1 67 -1 60 -1 67 -1 60 -1 -2
60 -1 67 -1 60 -1 67 -1 60 -1 67 -1 -2
60 -1 67 -1 60 -1 67 -1 60 -1 -2
60 -1 67 -1 60 -1 67 -1 60 -1 -2
60 -1 67 -1 60 -1 67 -1 60 -1 -2
67 -1 60 -1 67 -1 60 -1 60 -1 67 -1 -2
60 -1 67 -1 60 -1 67 -1 60 -1 -2
60 -1 67 -1 60 -1 67 -1 60 -1 -2
60 -1 67 -1 60 -1 67 -1 60 -1 -2
60 -1 67 -1 60 -1 67 -1 60 -1 -2
60 -1 67 -1 60 -1 67 -1 60 -1 -2
60 -1 67 -1 60 -1 60 -1 67 -1 -2
60 -1 67 -1 60 -1 67 -1 60 -1 -2
60 -1 67 -1 60 -1 67 -1 60 -1 -2
60 -1 67 -1 60 -1 67 -1 60 -1 -2
60 -1 67 -1 60 -1 67 -1 60 -1 -2
60 -1 67 -1 60 -1 67 -1 60 -1 -2
60 -1 67 -1 60 -1 67 -1 60 -1 -2
60 -1 67 -1 60 -1 67 -1 60 -1 -2
60 -1 67 -1 60 -1 67 -1 60 -1 67 -1 -2
67 -1 60 -1 67 -1 60 -1 67 -1 -2
60 -1 67 -1 60 -1 67 -1 60 -1 -2
60 -1 67 -1 60 -1 67 -1 60 -1 -2
60 -1 67 -1 60 -1 67 -1 60 -1 -2
60 -1 67 -1 60 -1 67 -1 60 -1 -2
60 -1 67 -1 67 -1 60 -1 60 -1 -2
60 -1 60 -1 67 -1 60 -1 67 -1 60 -1 322 -1 -2
67 -1 60 -1 67 -1 60 -1 67 -1 60 -1 -2
67 -1 60 -1 67 -1 60 -1 67 -1 -2
60 -1 345 -1 67 -1 60 -1 67 -1 60 -1 -2
60 -1 60 -1 67 -1 60 -1 67 -1 60 -1 -2
60 -1 67 -1 60 -1 60 -1 67 -1 -2
67 -1 60 -1 67 -1 60 -1 67 -1 -2
67 -1 60 -1 67 -1 60 -1 67 -1 -2
60 -1 67 -1 60 -1 67 -1 60 -1 67 -1 -2
60 -1 67 -1 60 -1 67 -1 60 -1 67 -1 -2
67 -1 60 -1 67 -1 60 -1 67 -1 -2
60 -1 67 -1 60 -1 67 -1 60 -1 67 -1 -2
67 -1 60 -1 67 -1 60 -1 67 -1 -2
60 -1 67 -1 60 -1 67 -1 60 -1 -2
60 -1 67 -1 60 -1 67 -1 60 -1 -2
60 -1 67 -1 60 -1 67 -1 60 -1 -2
67 -1 60 -1 67 -1 60 -1 67 -1 -2
60 -1 67 -1 67 -1 67 -1 60 -1 -2
60 -1 67 -1 60 -1 67 -1 60 -1 -2
60 -1 67 -1 60 -1 67 -1 60 -1 67 -1 -2
60 -1 67 -1 60 -1 67 -1 60 -1 -2
60 -1 67 -1 60 -1 67 -1 60 -1 -2
60 -1 67 -1 60 -1 67 -1 60 -1 -2
60 -1 67 -1 253 -1 60 -1 67 -1 60 -1 -2
67 -1 60 -1 60 -1 67 -1 60 -1 299 -1 -2
60 -1 67 -1 60 -1 67 -1 60 -1 67 -1 -2
60 -1 67 -1 60 -1 67 -1 60 -1 -2
60 -1 67 -1 60 -1 67 -1 60 -1 -2
60 -1 67 -1 60 -1 67 -1 60 -1 -2
60 -1 67 -1 60 -1 67 -1 60 -1 -2
60 -1 67 -1 60 -1 67 -1 60 -1 -2
60 -1 67 -1 60 -1 67 -1 60 -1 -2
60 -1 67 -1 60 -1 67 -1 60 -1 -2
368 -1 67 -1 67 -1 67 -1 60 -1 -2
60 -1 67 -1 60 -1 67 -1 60 -1 -2
60 -1 60 -1 67 -1 67 -1 60 -1 -2
60 -1 67 -1 60 -1 67 -1 60 -1 -2
60 -1 60 -1 67 -1 60 -1 67 -1 -2
60 -1 67 -1 60 -1 67 -1 60 -1 67 -1 -2
67 -1 60 -1 67 -1 60 -1 67 -1 -2
67 -1 60 -1 67 -1 60 -1 67 -1 -2
60 -1 60 -1 67 -1 60 -1 67 -1 60 -1 -2
60 -1 60 -1 67 -1 60 -1 67 -1 60 -1 -2
60 -1 67 -1 60 -1 67 -1 60 -1 -2
67 -1 60 -1 60 -1 60 -1 67 -1 -2
67 -1 60 -1 60 -1 67 -1 60 -1 -2
60 -1 67 -1 60 -1 60 -1 322 -1 67 -1 -2
60 -1 60 -1 67 -1 60 -1 67 -1 60 -1 -2
60 -1 67 -1 60 -1 67 -1 60 -1 -2
67 -1 60 -1 60 -1 67 -1 60 -1 -2
67 -1 60 -1 60 -1 67 -1 60 -1 -2
60 -1 67 -1 253 -1 60 -1 67 -1 60 -1 -2
60 -1 67 -1 60 -1 67 -1 60 -1 -2
67 -1 60 -1 60 -1 67 -1 60 -1 -2
60 -1 67 -1 60 -1 67 -1 60 -1 -2
60 -1 67 -1 60 -1 67 -1 60 -1 -2
60 -1 67 -1 60 -1 67 -1 60 -1 67 -1 -2
60 -1 67 -1 60 -1 67 -1 60 -1 -2
60 -1 67 -1 60 -1 67 -1 60 -1 -2
60 -1 67 -1 60 -1 67 -1 60 -1 -2
60 -1 67 -1 60 -1 67 -1 60 -1 -2
67 -1 67 -1 67 -1 60 -1 67 -1 -2
60 -1 67 -1 60 -1 67 -1 60 -1 -2
60 -1 67 -1 60 -1 67 -1 60 -1 -2
60 -1 67 -1 60 -1 67 -1 60 -1 -2
60 -1 67 -1 60 -1 67 -1 60 -1 -2
67 -1 60 -1 67 -1 60 -1 67 -1 -2
60 -1 67 -1 60 -1 207 -1 60 -1 67 -1 -2
67 -1 60 -1 60 -1 67 -1 60 -1 -2
60 -1 67 -1 60 -1 60 -1 67 -1 -2
67 -1 60 -1 67 -1 60 -1 60 -1 67 -1 -2
67 -1 60 -1 67 -1 60 -1 67 -1 -2
67 -1 60 -1 67 -1 60 -1 67 -1 -2
67 -1 60 -1 67 -1 67 -1 60 -1 345 -1 -2
67 -1 67 -1 67 -1 60 -1 67 -1 60 -1 -2
60 -1 67 -1 60 -1 414 -1 67 -1 -2
60 -1 67 -1 60 -1 60 -1 67 -1 -2
67 -1 60 -1 67 -1 60 -1 60 -1 -2
67 -1 60 -1 67 -1 60 -1 67 -1 -2
67 -1 60 -1 67 -1 60 -1 67 -1 -2
60 -1 345 -1 67 -1 60 -1 60 -1 67 -1 -2
67 -1 60 -1 67 -1 60 -1 67 -1 60 -1 -2
60 -1 67 -1 60 -1 60 -1 67 -1 -2
67 -1 60 -1 67 -1 60 -1 67 -1 60 -1 -2
67 -1 60 -1 67 -1 60 -1 67 -1 -2
60 -1 67 -1 67 -1 60 -1 67 -1 -2
60 -1 60 -1 67 -1 60 -1 67 -1 -2
67 -1 60 -1 230 -1 67 -1 60 -1 67 -1 -2
67 -1 60 -1 67 -1 60 -1 67 -1 -2
67 -1 60 -1 60 -1 67 -1 60 -1 67 -1 -2
67 -1 60 -1 67 -1 60 -1 67 -1 -2
60 -1 60 -1 67 -1 60 -1 67 -1 -2
60 -1 67 -1 60 -1 67 -1 60 -1 345 -1 -2
60 -1 67 -1 60 -1 67 -1 60 -1 -2
67 -1 60 -1 67 -1 67 -1 67 -1 -2
67 -1 60 -1 60 -1 67 -1 60 -1 67 -1 -2
67 -1 60 -1 67 -1 60 -1 67 -1 -2
60 -1 60 -1 67 -1 60 -1 67 -1 -2
67 -1 60 -1 67 -1 60 -1 60 -1 -2
60 -1 67 -1 60 -1 60 -1 67 -1 -2
67 -1 60 -1 67 -1 60 -1 67 -1 -2
67 -1 60 -1 67 -1 60 -1 60 -1 -2
60 -1 67 -1 60 -1 60 -1 67 -1 -2
67 -1 60 -1 67 -1 60 -1 60 -1 -2
67 -1 60 -1 67 -1 60 -1 67 -1 -2
67 -1 60 -1 60 -1 67 -1 60 -1 -2
67 -1 60 -1 60 -1 67 -1 60 -1 -2
67 -1 60 -1 67 -1 60 -1 60 -1 -2
67 -1 60 -1 67 -1 60 -1 60 -1 -2
67 -1 60 -1 67 -1 60 -1 60 -1 -2
67 -1 67 -1 60 -1 60 -1 67 -1 -2
60 -1 67 -1 60 -1 60 -1 67 -1 -2
67 -1 60 -1 60 -1 67 -1 60 -1 67 -1 -2
67 -1 60 -1 368 -1 67 -1 60 -1 67 -1 60 -1 -2
67 -1 60 -1 67 -1 60 -1 67 -1 -2
67 -1 60 -1 67 -1 60 -1 60 -1 -2
60 -1 67 -1 60 -1 60 -1 67 -1 -2
67 -1 60 -1 60 -1 67 -1 60 -1 67 -1 -2
67 -1 67 -1 60 -1 60 -1 67 -1 -2
67 -1 60 -1 60 -1 67 -1 60 -1 67 -1 -2
67 -1 60 -1 60 -1 67 -1 60 -1 67 -1 -2
276 -1 67 -1 60 -1 67 -1 60 -1 -2
67 -1 60 -1 67 -1 60 -1 60 -1 67 -1 -2
60 -1 67 -1 60 -1 67 -1 60 -1 -2
67 -1 60 -1 67 -1 60 -1 67 -1 -2
67 -1 60 -1 67 -1 60 -1 60 -1 67 -1 -2
67 -1 60 -1 67 -1 60 -1 60 -1 67 -1 -2
60 -1 67 -1 60 -1 60 -1 67 -1 -2
67 -1 60 -1 67 -1 60 -1 60 -1 67 -1 -2
67 -1 60 -1 67 -1 60 -1 60 -1 67 -1 -2
67 -1 60 -1 67 -1 60 -1 67 -1 -2
67 -1 60 -1 60 -1 67 -1 67 -1 67 -1 -2
67 -1 60 -1 67 -1 60 -1 67 -1 -2
67 -1 60 -1 67 -1 67 -1 67 -1 -2
67 -1 60 -1 60 -1 67 -1 60 -1 67 -1 -2
67 -1 60 -1 67 -1 60 -1 67 -1 -2
60 -1 67 -1 60 -1 67 -1 60 -1 -2
60 -1 67 -1 60 -1 67 -1 60 -1 -2
67 -1 60 -1 67 -1 460 -1 67 -1 -2
60 -1 67 -1 60 -1 67 -1 60 -1 -2
67 -1 60 -1 67 -1 60 -1 67 -1 60 -1 -2
60 -1 67 -1 60 -1 67 -1 60 -1 -2
67 -1 60 -1 67 -1 60 -1 67 -1 60 -1 -2
60 -1 60 -1 322 -1 67 -1 67 -1 -2
67 -1 60 -1 67 -1 60 -1 67 -1 60 -1 -2
67 -1 60 -1 67 -1 60 -1 67 -1 60 -1 -2
60 -1 60 -1 322 -1 67 -1 67 -1 60 -1 -2
67 -1 60 -1 67 -1 60 -1 67 -1 60 -1 -2
67 -1 60 -1 60 -1 67 -1 60 -1 -2
67 -1 60 -1 67 -1 60 -1 60 -1 67 -1 -2
60 -1 67 -1 60 -1 67 -1 60 -1 -2
67 -1 60 -1 67 -1 60 -1 60 -1 67 -1 -2
67 -1 60 -1 67 -1 60 -1 60 -1 67 -1 -2
60 -1 67 -1 60 -1 60 -1 67 -1 -2
67 -1 60 -1 67 -1 60 -1 60 -1 67 -1 -2
67 -1 60 -1 60 -1 67 -1 60 -1 67 -1 -2
67 -1 60 -1 60 -1 67 -1 60 -1 67 -1 -2
67 -1 60 -1 67 -1 60 -1 67 -1 -2
67 -1 60 -1 60 -1 67 -1 60 -1 67 -1 -2
60 -1 60 -1 67 -1 60 -1 67 -1 -2
67 -1 60 -1 60 -1 67 -1 60 -1 67 -1 -2
67 -1 60 -1 67 -1 60 -1 67 -1 -2
67 -1 60 -1 60 -1 67 -1 60 -1 67 -1 -2
67 -1 60 -1 67 -1 60 -1 60 -1 67 -1 -2
67 -1 60 -1 60 -1 67 -1 60 -1 67 -1 -2
67 -1 60 -1 67 -1 60 -1 60 -1 67 -1 -2
67 -1 60 -1 60 -1 67 -1 67 -1 -2
67 -1 60 -1 60 -1 67 -1 60 -1 67 -1 -2
67 -1 60 -1 67 -1 60 -1 67 -1 -2
67 -1 60 -1 67 -1 60 -1 322 -1 67 -1 -2
67 -1 60 -1 67 -1 60 -1 67 -1 -2
67 -1 60 -1 67 -1 60 -1 67 -1 -2
60 -1 67 -1 60 -1 67 -1 60 -1 67 -1 -2
67 -1 60 -1 60 -1 67 -1 67 -1 -2
67 -1 60 -1 67 -1 60 -1 67 -1 -2
67 -1 60 -1 67 -1 60 -1 60 -1 67 -1 -2
67 -1 67 -1 60 -1 60 -1 67 -1 -2
67 -1 60 -1 67 -1 60 -1 67 -1 -2
67 -1 67 -1 60 -1 67 -1 60 -1 -2
60 -1 67 -1 60 -1 67 -1 60 -1 -2
67 -1 60 -1 67 -1 60 -1 67 -1 -2
67 -1 60 -1 67 -1 60 -1 67 -1 60 -1 -2
60 -1 67 -1 60 -1 67 -1 60 -1 -2
60 -1 60 -1 67 -1 60 -1 67 -1 -2
67 -1 60 -1 67 -1 60 -1 67 -1 60 -1 -2
60 -1 60 -1 67 -1 60 -1 60 -1 -2
67 -1 67 -1 67 -1 60 -1 67 -1 -2
67 -1 60 -1 67 -1 60 -1 67 -1 -2
60 -1 67 -1 60 -1 67 -1 60 -1 67 -1 -2
60 -1 67 -1 60 -1 67 -1 60 -1 67 -1 -2
67 -1 60 -1 67 -1 60 -1 67 -1 -2
67 -1 60 -1 67 -1 60 -1 67 -1 -2
67 -1 67 -1 67 -1 60 -1 67 -1 -2
67 -1 60 -1 414 -1 67 -1 67 -1 60 -1 60 -1 67 -1 -2
67 -1 60 -1 67 -1 60 -1 67 -1 -2
67 -1 67 -1 67 -1 60 -1 67 -1 -2
67 -1 67 -1 67 -1 67 -1 60 -1 67 -1 -2
67 -1 60 -1 60 -1 67 -1 60 -1 67 -1 -2
67 -1 60 -1 67 -1 60 -1 67 -1 -2
67 -1 60 -1 67 -1 60 -1 67 -1 -2
67 -1 60 -1 414 -1 67 -1 67 -1 60 -1 -2
60 -1 67 -1 60 -1 67 -1 60 -1 67 -1 -2
67 -1 60 -1 67 -1 60 -1 67 -1 -2
60 -1 67 -1 60 -1 67 -1 60 -1 67 -1 -2
67 -1 60 -1 67 -1 60 -1 67 -1 -2
67 -1 60 -1 67 -1 60 -1 60 -1 67 -1 -2
67 -1 60 -1 67 -1 67 -1 60 -1 67 -1 -2
67 -1 60 -1 67 -1 60 -1 67 -1 -2
67 -1 60 -1 67 -1 60 -1 67 -1 -2
67 -1 60 -1 67 -1 60 -1 67 -1 -2
67 -1 60 -1 67 -1 60 -1 67 -1 -2
67 -1 60 -1 60 -1 67 -1 67 -1 -2
67 -1 60 -1 67 -1 67 -1 60 -1 67 -1 -2
60 -1 67 -1 60 -1 67 -1 60 -1 67 -1 -2
67 -1 60 -1 67 -1 60 -1 67 -1 -2
60 -1 67 -1 60 -1 368 -1 67 -1 67 -1 -2
60 -1 67 -1 60 -1 67 -1 60 -1 67 -1 -2
60 -1 67 -1 60 -1 67 -1 60 -1 67 -1 -2
60 -1 67 -1 60 -1 67 -1 60 -1 -2
60 -1 67 -1 60 -1 67 -1 60 -1 -2
60 -1 67 -1 60 -1 67 -1 60 -1 -2
60 -1 67 -1 60 -1 67 -1 60 -1 -2
60 -1 67 -1 60 -1 67 -1 60 -1 -2
60 -1 67 -1 60 -1 67 -1 60 -1 -2
60 -1 67 -1 60 -1 67 -1 60 -1 -2
60 -1 67 -1 60 -1 67 -1 60 -1 -2
60 -1 67 -1 60 -1 67 -1 60 -1 -2
60 -1 67 -1 60 -1 67 -1 60 -1 -2
60 -1 67 -1 60 -1 67 -1 60 -1 -2
60 -1 60 -1 67 -1 60 -1 67 -1 60 -1 -2
67 -1 60 -1 67 -1 67 -1 60 -1 -2
60 -1 67 -1 60 -1 67 -1 60 -1 -2
60 -1 67 -1 60 -1 67 -1 60 -1 -2
60 -1 67 -1 60 -1 67 -1 60 -1 -2
60 -1 67 -1 60 -1 67 -1 60 -1 -2
60 -1 67 -1 60 -1 67 -1 60 -1 -2
60 -1 67 -1 60 -1 67 -1 60 -1 -2
60 -1 67 -1 60 -1 67 -1 60 -1 -2
60 -1 67 -1 60 -1 67 -1 60 -1 -2
60 -1 67 -1 60 -1 67 -1 60 -1 -2
60 -1 67 -1 60 -1 67 -1 60 -1 -2
60 -1 345 -1 60 -1 67 -1 60 -1 -2
60 -1 67 -1 60 -1 67 -1 60 -1 -2
60 -1 67 -1 60 -1 67 -1 60 -1 -2
60 -1 67 -1 60 -1 67 -1 60 -1 -2
67 -1 60 -1 67 -1 60 -1 67 -1 -2
67 -1 60 -1 67 -1 60 -1 67 -1 -2
60 -1 67 -1 60 -1 67 -1 60 -1 -2
60 -1 67 -1 60 -1 67 -1 60 -1 -2
60 -1 67 -1 60 -1 67 -1 60 -1 -2
60 -1 67 -1 60 -1 60 -1 67 -1 -2
67 -1 60 -1 67 -1 60 -1 67 -1 60 -1 -2
60 -1 67 -1 60 -1 67 -1 60 -1 -2
60 -1 67 -1 60 -1 60 -1 67 -1 60 -1 -2
60 -1 67 -1 60 -1 67 -1 60 -1 -2
60 -1 67 -1 60 -1 67 -1 60 -1 -2
60 -1 67 -1 60 -1 67 -1 60 -1 -2
60 -1 67 -1 60 -1 67 -1 60 -1 -2
60 -1 67 -1 60 -1 67 -1 60 -1 -2
60 -1 67 -1 60 -1 67 -1 60 -1 -2
60 -1 67 -1 60 -1 67 -1 60 -1 -2
60 -1 67 -1 60 -1 60 -1 67 -1 60 -1 -2
67 -1 60 -1 67 -1 60 -1 67 -1 60 -1 -2
67 -1 60 -1 67 -1 60 -1 67 -1 -2
67 -1 60 -1 67 -1 67 -1 60 -1 -2
67 -1 60 -1 67 -1 60 -1 67 -1 -2
60 -1 60 -1 368 -1 67 -1 60 -1 67 -1 60 -1 -2
67 -1 60 -1 67 -1 60 -1 67 -1 -2
67 -1 60 -1 67 -1 60 -1 67 -1 -2
67 -1 60 -1 67 -1 60 -1 67 -1 -2
60 -1 67 -1 67 -1 60 -1 67 -1 -2
67 -1 60 -1 67 -1 60 -1 60 -1 67 -1 -2
60 -1 67 -1 60 -1 67 -1 60 -1 60 -1 -2
60 -1 67 -1 60 -1 67 -1 60 -1 -2
60 -1 67 -1 60 -1 67 -1 60 -1 67 -1 -2
67 -1 60 -1 161 -1 67 -1 60 -1 67 -1 -2
60 -1 67 -1 60 -1 67 -1 60 -1 67 -1 67 -1 -2
67 -1 60 -1 60 -1 67 -1 60 -1 -2
67 -1 60 -1 67 -1 60 -1 67 -1 -2
67 -1 60 -1 67 -1 60 -1 67 -1 -2
67 -1 60 -1 60 -1 67 -1 60 -1 -2
67 -1 60 -1 60 -1 67 -1 60 -1 -2
67 -1 60 -1 60 -1 67 -1 60 -1 -2
67 -1 60 -1 60 -1 67 -1 60 -1 -2
67 -1 60 -1 60 -1 67 -1 60 -1 -2
60 -1 60 -1 60 -1 67 -1 60 -1 -2
67 -1 60 -1 67 -1 60 -1 67 -1 -2
67 -1 60 -1 60 -1 67 -1 60 -1 -2
67 -1 60 -1 60 -1 67 -1 60 -1 -2
67 -1 60 -1 60 -1 67 -1 60 -1 -2
67 -1 60 -1 60 -1 67 -1 60 -1 -2
67 -1 60 -1 67 -1 60 -1 67 -1 -2
67 -1 60 -1 67 -1 60 -1 67 -1 -2
64 -1 130 -1 67 -1 60 -1 67 -1 60 -1 -2
67 -1 60 -1 60 -1 67 -1 60 -1 -2
207 -1 67 -1 60 -1 67 -1 60 -1 67 -1 -2
67 -1 60 -1 60 -1 67 -1 60 -1 -2
67 -1 60 -1 60 -1 67 -1 60 -1 -2
67 -1 60 -1 67 -1 60 -1 67 -1 -2
67 -1 60 -1 67 -1 60 -1 67 -1 -2
67 -1 299 -1 60 -1 60 -1 67 -1 -2
67 -1 60 -1 60 -1 67 -1 60 -1 -2
67 -1 60 -1 67 -1 60 -1 67 -1 -2
67 -1 60 -1 67 -1 60 -1 67 -1 -2
67 -1 60 -1 67 -1 60 -1 60 -1 67 -1 -2
67 -1 60 -1 391 -1 60 -1 67 -1 60 -1 -2
67 -1 60 -1 67 -1 60 -1 67 -1 -2
60 -1 67 -1 60 -1 67 -1 60 -1 67 -1 -2
67 -1 60 -1 67 -1 60 -1 67 -1 -2
60 -1 67 -1 60 -1 67 -1 60 -1 67 -1 -2
67 -1 67 -1 60 -1 67 -1 60 -1 -2
67 -1 60 -1 67 -1 60 -1 67 -1 -2
60 -1 67 -1 60 -1 67 -1 60 -1 67 -1 -2
67 -1 60 -1 67 -1 60 -1 67 -1 -2
67 -1 67 -1 60 -1 67 -1 60 -1 67 -1 60 -1 391 -1 -2
67 -1 67 -1 60 -1 67 -1 60 -1 -2
60 -1 67 -1 60 -1 67 -1 60 -1 -2
60 -1 414 -1 60 -1 67 -1 60 -1 -2
67 -1 60 -1 67 -1 60 -1 67 -1 -2
60 -1 67 -1 60 -1 67 -1 60 -1 67 -1 -2
67 -1 60 -1 67 -1 60 -1 67 -1 -2
60 -1 67 -1 60 -1 67 -1 60 -1 67 -1 -2
60 -1 60 -1 67 -1 60 -1 67 -1 -2
60 -1 67 -1 67 -1 60 -1 60 -1 345 -1 67 -1 -2
67 -1 60 -1 67 -1 60 -1 67 -1 -2
60 -1 67 -1 60 -1 60 -1 67 -1 -2
67 -1 67 -1 60 -1 60 -1 67 -1 -2
60 -1 67 -1 60 -1 60 -1 67 -1 -2
60 -1 67 -1 60 -1 67 -1 60 -1 67 -1 -2
67 -1 67 -1 60 -1 60 -1 67 -1 -2
60 -1 67 -1 60 -1 60 -1 67 -1 -2
60 -1 67 -1 60 -1 60 -1 67 -1 -2
67 -1 60 -1 67 -1 60 -1 67 -1 -2
67 -1 60 -1 60 -1 67 -1 60 -1 67 -1 -2
299 -1 67 -1 60 -1 67 -1 60 -1 -2
60 -1 67 -1 67 -1 60 -1 60 -1 67 -1 -2
67 -1 60 -1 60 -1 67 -1 60 -1 67 -1 -2
67 -1 60 -1 60 -1 67 -1 60 -1 67 -1 -2
67 -1 60 -1 60 -1 67 -1 60 -1 67 -1 -2
67 -1 60 -1 60 -1 67 -1 60 -1 67 -1 -2
60 -1 60 -1 67 -1 60 -1 67 -1 -2
60 -1 67 -1 60 -1 60 -1 67 -1 -2
67 -1 60 -1 67 -1 60 -1 67 -1 -2
67 -1 60 -1 60 -1 60 -1 67 -1 -2
67 -1 60 -1 67 -1 60 -1 60 -1 67 -1 -2
67 -1 60 -1 67 -1 60 -1 60 -1 67 -1 -2
60 -1 67 -1 60 -1 60 -1 67 -1 -2
60 -1 67 -1 60 -1 60 -1 67 -1 -2
60 -1 67 -1 60 -1 60 -1 67 -1 -2
60 -1 67 -1 60 -1 67 -1 60 -1 67 -1 -2
67 -1 60 -1 67 -1 60 -1 60 -1 67 -1 -2
60 -1 67 -1 60 -1 60 -1 67 -1 -2
67 -1 60 -1 67 -1 60 -1 67 -1 -2
67 -1 60 -1 67 -1 60 -1 60 -1 67 -1 -2
67 -1 60 -1 207 -1 67 -1 60 -1 67 -1 -2
60 -1 67 -1 60 -1 60 -1 67 -1 -2
60 -1 67 -1 60 -1 60 -1 67 -1 -2
67 -1 60 -1 67 -1 60 -1 67 -1 -2
67 -1 60 -1 60 -1 67 -1 60 -1 -2
60 -1 67 -1 60 -1 60 -1 67 -1 -2
60 -1 67 -1 60 -1 60 -1 67 -1 -2
67 -1 60 -1 67 -1 60 -1 67 -1 -2
60 -1 60 -1 67 -1 60 -1 67 -1 -2
67 -1 60 -1 67 -1 60 -1 60 -1 253 -1 67 -1 -2
60 -1 60 -1 67 -1 60 -1 67 -1 -2
67 -1 60 -1 67 -1 60 -1 67 -1 60 -1 -2
60 -1 60 -1 368 -1 67 -1 67 -1 -2
67 -1 60 -1 67 -1 60 -1 67 -1 60 -1 -2
60 -1 67 -1 60 -1 67 -1 60 -1 -2
67 -1 60 -1 67 -1 322 -1 60 -1 -2
67 -1 67 -1 60 -1 60 -1 67 -1 -2
67 -1 60 -1 322 -1 60 -1 67 -1 -2
60 -1 67 -1 60 -1 67 -1 60 -1 -2
60 -1 67 -1 414 -1 67 -1 67 -1 -2
60 -1 67 -1 60 -1 437 -1 67 -1 67 -1 -2
67 -1 60 -1 67 -1 60 -1 60 -1 -2
60 -1 67 -1 60 -1 67 -1 60 -1 -2
60 -1 67 -1 60 -1 67 -1 60 -1 -2
60 -1 67 -1 60 -1 67 -1 60 -1 -2
60 -1 67 -1 60 -1 67 -1 60 -1 -2
60 -1 67 -1 60 -1 67 -1 67 -1 -2
60 -1 67 -1 60 -1 368 -1 67 -1 60 -1 67 -1 -2
60 -1 67 -1 60 -1 67 -1 60 -1 -2
60 -1 67 -1 60 -1 67 -1 60 -1 -2
67 -1 60 -1 67 -1 60 -1 67 -1 60 -1 -2
67 -1 67 -1 60 -1 60 -1 67 -1 -2
67 -1 60 -1 67 -1 60 -1 67 -1 60 -1 -2
67 -1 67 -1 67 -1 67 -1 67 -1 -2
67 -1 60 -1 67 -1 60 -1 67 -1 -2
60 -1 67 -1 60 -1 67 -1 60 -1 -2
60 -1 67 -1 60 -1 506 -1 67 -1 60 -1 67 -1 -2
60 -1 67 -1 60 -1 67 -1 67 -1 -2
60 -1 67 -1 60 -1 67 -1 60 -1 -2
67 -1 60 -1 60 -1 60 -1 184 -1 -2
60 -1 67 -1 60 -1 67 -1 60 -1 -2
60 -1 67 -1 60 -1 67 -1 60 -1 -2
67 -1 67 -1 60 -1 60 -1 67 -1 -2
67 -1 60 -1 60 -1 67 -1 67 -1 -2
60 -1 67 -1 67 -1 60 -1 60 -1 67 -1 -2
67 -1 60 -1 67 -1 60 -1 67 -1 60 -1 -2
67 -1 60 -1 67 -1 60 -1 67 -1 60 -1 -2
60 -1 67 -1 60 -1 67 -1 60 -1 67 -1 -2
67 -1 60 -1 67 -1 60 -1 67 -1 60 -1 -2
67 -1 60 -1 67 -1 60 -1 67 -1 60 -1 -2
67 -1 60 -1 67 -1 60 -1 67 -1 -2
60 -1 67 -1 60 -1 299 -1 60 -1 -2
67 -1 60 -1 60 -1 67 -1 67 -1 60 -1 -2
67 -1 60 -1 67 -1 60 -1 67 -1 60 -1 -2
67 -1 60 -1 184 -1 67 -1 60 -1 -2
67 -1 60 -1 67 -1 60 -1 67 -1 -2
60 -1 67 -1 60 -1 67 -1 60 -1 67 -1 -2
67 -1 60 -1 67 -1 60 -1 207 -1 -2
67 -1 60 -1 67 -1 60 -1 60 -1 67 -1 -2
67 -1 60 -1 67 -1 60 -1 67 -1 -2
67 -1 60 -1 67 -1 60 -1 67 -1 60 -1 -2
67 -1 60 -1 67 -1 60 -1 67 -1 -2
67 -1 67 -1 60 -1 60 -1 67 -1 -2
67 -1 60 -1 67 -1 60 -1 67 -1 60 -1 -2
67 -1 60 -1 67 -1 60 -1 67 -1 -2
67 -1 60 -1 67 -1 60 -1 67 -1 -2
67 -1 67 -1 60 -1 60 -1 67 -1 -2
67 -1 67 -1 60 -1 67 -1 60 -1 -2
67 -1 60 -1 67 -1 60 -1 67 -1 -2
60 -1 67 -1 60 -1 207 -1 67 -1 60 -1 67 -1 -2
67 -1 67 -1 60 -1 67 -1 60 -1 -2
67 -1 60 -1 60 -1 67 -1 60 -1 67 -1 -2
67 -1 60 -1 67 -1 60 -1 67 -1 -2
67 -1 60 -1 60 -1 67 -1 60 -1 67 -1 -2
67 -1 60 -1 67 -1 67 -1 60 -1 60 -1 67 -1 -2
67 -1 60 -1 414 -1 67 -1 67 -1 -2
60 -1 67 -1 60 -1 67 -1 60 -1 67 -1 -2
60 -1 67 -1 60 -1 67 -1 60 -1 67 -1 -2
67 -1 60 -1 67 -1 60 -1 67 -1 -2
60 -1 67 -1 60 -1 67 -1 60 -1 67 -1 -2
60 -1 67 -1 60 -1 67 -1 60 -1 67 -1 -2
60 -1 67 -1 60 -1 67 -1 60 -1 67 -1 -2
60 -1 67 -1 60 -1 67 -1 60 -1 67 -1 -2
60 -1 67 -1 60 -1 67 -1 60 -1 67 -1 -2
60 -1 67 -1 60 -1 67 -1 60 -1 67 -1 -2
67 -1 60 -1 67 -1 60 -1 67 -1 -2
60 -1 67 -1 60 -1 67 -1 60 -1 67 -1 -2
67 -1 60 -1 161 -1 67 -1 60 -1 67 -1 60 -1 -2
67 -1 60 -1 67 -1 230 -1 60 -1 67 -1 60 -1 -2
67 -1 60 -1 67 -1 60 -1 207 -1 60 -1 -2
60 -1 67 -1 67 -1 60 -1 67 -1 -2
60 -1 67 -1 60 -1 67 -1 60 -1 67 -1 -2
67 -1 60 -1 67 -1 60 -1 67 -1 -2
67 -1 60 -1 67 -1 60 -1 67 -1 -2
67 -1 60 -1 67 -1 60 -1 67 -1 -2
67 -1 67 -1 67 -1 60 -1 67 -1 67 -1 -2
67 -1 67 -1 67 -1 60 -1 67 -1 -2
67 -1 60 -1 67 -1 60 -1 67 -1 -2
67 -1 60 -1 67 -1 67 -1 60 -1 67 -1 67 -1 -2
67 -1 60 -1 67 -1 67 -1 60 -1 67 -1 -2
60 -1 67 -1 60 -1 67 -1 60 -1 67 -1 -2
67 -1 60 -1 67 -1 60 -1 67 -1 -2
60 -1 67 -1 60 -1 67 -1 60 -1 67 -1 -2
67 -1 60 -1 67 -1 67 -1 60 -1 67 -1 -2
67 -1 60 -1 67 -1 60 -1 67 -1 -2
60 -1 67 -1 67 -1 60 -1 345 -1 67 -1 -2
60 -1 67 -1 60 -1 67 -1 60 -1 67 -1 -2
60 -1 67 -1 60 -1 67 -1 60 -1 -2
60 -1 67 -1 60 -1 67 -1 60 -1 -2
60 -1 67 -1 60 -1 67 -1 60 -1 -2
60 -1 67 -1 60 -1 67 -1 60 -1 -2
60 -1 67 -1 60 -1 67 -1 60 -1 -2
60 -1 60 -1 67 -1 60 -1 67 -1 60 -1 -2
60 -1 67 -1 60 -1 67 -1 60 -1 -2
60 -1 60 -1 67 -1 67 -1 60 -1 60 -1 -2
60 -1 67 -1 60 -1 67 -1 60 -1 -2
60 -1 60 -1 67 -1 60 -1 67 -1 60 -1 -2
60 -1 67 -1 60 -1 67 -1 60 -1 -2
60 -1 67 -1 60 -1 67 -1 60 -1 -2
60 -1 67 -1 60 -1 67 -1 60 -1 -2
60 -1 67 -1 60 -1 67 -1 60 -1 -2
60 -1 391 -1 67 -1 67 -1 60 -1 67 -1 -2
60 -1 67 -1 60 -1 67 -1 60 -1 -2
60 -1 67 -1 60 -1 67 -1 60 -1 -2
60 -1 67 -1 60 -1 67 -1 60 -1 -2
60 -1 67 -1 60 -1 67 -1 60 -1 -2
60 -1 67 -1 60 -1 67 -1 60 -1 -2
60 -1 67 -1 60 -1 67 -1 60 -1 -2
60 -1 67 -1 60 -1 67 -1 60 -1 -2
60 -1 67 -1 60 -1 67 -1 67 -1 -2
60 -1 67 -1 60 -1 67 -1 60 -1 -2
60 -1 67 -1 60 -1 67 -1 60 -1 -2
60 -1 67 -1 60 -1 67 -1 60 -1 -2
60 -1 67 -1 60 -1 67 -1 60 -1 -2
60 -1 67 -1 60 -1 67 -1 60 -1 -2
60 -1 67 -1 60 -1 67 -1 60 -1 -2
67 -1 60 -1 67 -1 60 -1 60 -1 67 -1 -2
60 -1 60 -1 67 -1 60 -1 368 -1 67 -1 -2
60 -1 67 -1 60 -1 67 -1 60 -1 67 -1 -2
67 -1 60 -1 67 -1 60 -1 67 -1 -2
60 -1 67 -1 60 -1 60 -1 67 -1 60 -1 -2
67 -1 60 -1 67 -1 60 -1 67 -1 -2
60 -1 67 -1 60 -1 67 -1 60 -1 -2
67 -1 60 -1 67 -1 60 -1 67 -1 -2
60 -1 67 -1 60 -1 67 -1 60 -1 -2
67 -1 60 -1 67 -1 60 -1 67 -1 -2
60 -1 67 -1 60 -1 60 -1 67 -1 67 -1 60 -1 -2
67 -1 60 -1 67 -1 60 -1 67 -1 -2
67 -1 60 -1 67 -1 60 -1 67 -1 -2
67 -1 60 -1 67 -1 60 -1 67 -1 67 -1 -2
67 -1 60 -1 67 -1 60 -1 67 -1 -2
60 -1 67 -1 60 -1 67 -1 60 -1 67 -1 -2
67 -1 60 -1 67 -1 60 -1 67 -1 -2
60 -1 67 -1 60 -1 67 -1 60 -1 67 -1 -2
67 -1 60 -1 67 -1 60 -1 67 -1 -2
276 -1 67 -1 60 -1 67 -1 60 -1 67 -1 -2
67 -1 67 -1 60 -1 60 -1 67 -1 -2
67 -1 60 -1 67 -1 60 -1 67 -1 -2
67 -1 60 -1 67 -1 60 -1 67 -1 -2
67 -1 60 -1 67 -1 60 -1 67 -1 -2
67 -1 60 -1 67 -1 60 -1 67 -1 -2
60 -1 60 -1 253 -1 67 -1 60 -1 67 -1 67 -1 -2
60 -1 67 -1 60 -1 67 -1 60 -1 67 -1 -2
67 -1 60 -1 67 -1 60 -1 67 -1 -2
67 -1 60 -1 67 -1 60 -1 67 -1 -2
67 -1 60 -1 67 -1 60 -1 67 -1 -2
67 -1 60 -1 67 -1 60 -1 67 -1 -2
60 -1 67 -1 60 -1 67 -1 60 -1 67 -1 -2
67 -1 60 -1 322 -1 67 -1 60 -1 299 -1 67 -1 -2
67 -1 60 -1 60 -1 67 -1 60 -1 67 -1 -2
60 -1 67 -1 60 -1 368 -1 67 -1 67 -1 60 -1 -2
67 -1 60 -1 67 -1 60 -1 67 -1 60 -1 -2
67 -1 60 -1 67 -1 60 -1 67 -1 -2
60 -1 60 -1 67 -1 60 -1 67 -1 -2
60 -1 60 -1 67 -1 60 -1 67 -1 -2
67 -1 60 -1 67 -1 60 -1 67 -1 -2
60 -1 60 -1 67 -1 60 -1 67 -1 -2
60 -1 60 -1 67 -1 60 -1 67 -1 -2
67 -1 60 -1 60 -1 67 -1 60 -1 67 -1 -2
67 -1 60 -1 60 -1 67 -1 60 -1 67 -1 -2
67 -1 60 -1 60 -1 67 -1 60 -1 67 -1 -2
60 -1 60 -1 67 -1 60 -1 67 -1 -2
67 -1 60 -1 60 -1 67 -1 60 -1 67 -1 -2
60 -1 67 -1 60 -1 67 -1 60 -1 67 -1 -2
67 -1 60 -1 60 -1 67 -1 60 -1 67 -1 -2
60 -1 67 -1 60 -1 60 -1 67 -1 -2
67 -1 60 -1 60 -1 67 -1 60 -1 67 -1 -2
60 -1 60 -1 67 -1 60 -1 67 -1 -2
67 -1 60 -1 60 -1 67 -1 60 -1 67 -1 -2
67 -1 60 -1 67 -1 60 -1 60 -1 67 -1 -2
67 -1 60 -1 60 -1 67 -1 67 -1 -2
67 -1 67 -1 60 -1 60 -1 67 -1 -2
60 -1 60 -1 67 -1 60 -1 67 -1 -2
67 -1 67 -1 60 -1 67 -1 230 -1 -2
60 -1 60 -1 67 -1 60 -1 67 -1 -2
60 -1 67 -1 60 -1 67 -1 60 -1 67 -1 -2
60 -1 60 -1 67 -1 60 -1 67 -1 -2
67 -1 60 -1 60 -1 67 -1 60 -1 67 -1 -2
67 -1 67 -1 60 -1 67 -1 67 -1 -2
60 -1 60 -1 67 -1 60 -1 67 -1 -2
67 -1 67 -1 60 -1 67 -1 67 -1 -2
67 -1 60 -1 60 -1 67 -1 60 -1 67 -1 -2
60 -1 67 -1 60 -1 60 -1 67 -1 -2
67 -1 60 -1 67 -1 60 -1 67 -1 -2
67 -1 60 -1 67 -1 60 -1 60 -1 67 -1 -2
67 -1 60 -1 67 -1 60 -1 60 -1 67 -1 -2
253 -1 67 -1 60 -1 67 -1 60 -1 67 -1 -2
67 -1 60 -1 67 -1 60 -1 67 -1 -2
67 -1 60 -1 67 -1 60 -1 60 -1 67 -1 -2
67 -1 60 -1 67 -1 60 -1 67 -1 -2
345 -1 60 -1 67 -1 60 -1 67 -1 -2
67 -1 60 -1 67 -1 60 -1 67 -1 -2
60 -1 60 -1 67 -1 60 -1 67 -1 -2
67 -1 60 -1 67 -1 60 -1 67 -1 -2
67 -1 60 -1 67 -1 60 -1 67 -1 -2
67 -1 60 -1 67 -1 60 -1 67 -1 -2
67 -1 60 -1 67 -1 60 -1 60 -1 67 -1 -2
67 -1 67 -1 60 -1 60 -1 67 -1 -2
67 -1 60 -1 67 -1 60 -1 67 -1 60 -1 -2
67 -1 60 -1 67 -1 60 -1 60 -1 67 -1 -2
67 -1 60 -1 67 -1 60 -1 60 -1 67 -1 -2
67 -1 60 -1 67 -1 60 -1 67 -1 60 -1 -2
67 -1 60 -1 67 -1 60 -1 67 -1 60 -1 -2
60 -1 67 -1 60 -1 67 -1 60 -1 -2
67 -1 60 -1 67 -1 60 -1 67 -1 -2
67 -1 60 -1 60 -1 67 -1 60 -1 -2
60 -1 67 -1 60 -1 67 -1 60 -1 -2
67 -1 60 -1 60 -1 67 -1 60 -1 -2
67 -1 60 -1 60 -1 67 -1 60 -1 -2
60 -1 67 -1 60 -1 67 -1 60 -1 -2
60 -1 67 -1 60 -1 67 -1 60 -1 -2
67 -1 60 -1 67 -1 60 -1 67 -1 60 -1 -2
60 -1 67 -1 60 -1 67 -1 60 -1 -2
67 -1 60 -1 60 -1 67 -1 60 -1 -2
67 -1 60 -1 67 -1 60 -1 67 -1 60 -1 -2
60 -1 67 -1 60 -1 67 -1 60 -1 -2
60 -1 67 -1 60 -1 67 -1 60 -1 -2
60 -1 67 -1 60 -1 67 -1 60 -1 -2
60 -1 67 -1 60 -1 67 -1 60 -1 -2
60 -1 67 -1 60 -1 60 -1 67 -1 -2
60 -1 67 -1 60 -1 230 -1 67 -1 67 -1 -2
60 -1 67 -1 60 -1 67 -1 60 -1 -2
60 -1 67 -1 60 -1 67 -1 60 -1 -2
67 -1 60 -1 60 -1 67 -1 60 -1 67 -1 -2
61 -1 67 -1 65 -1 67 -1 67 -1 -2
67 -1 60 -1 67 -1 60 -1 67 -1 60 -1 -2
60 -1 67 -1 60 -1 67 -1 60 -1 -2
67 -1 60 -1 67 -1 60 -1 67 -1 60 -1 -2
67 -1 60 -1 67 -1 60 -1 60 -1 -2
67 -1 60 -1 67 -1 60 -1 60 -1 -2
67 -1 60 -1 60 -1 67 -1 60 -1 -2
67 -1 60 -1 60 -1 67 -1 60 -1 -2
67 -1 60 -1 67 -1 60 -1 60 -1 -2
61 -1 65 -1 67 -1 67 -1 67 -1 -2
60 -1 67 -1 60 -1 67 -1 60 -1 -2
60 -1 67 -1 60 -1 60 -1 67 -1 -2
60 -1 61 -1 60 -1 67 -1 60 -1 67 -1 -2
60 -1 67 -1 60 -1 67 -1 60 -1 -2
67 -1 67 -1 60 -1 67 -1 60 -1 -2
67 -1 60 -1 60 -1 67 -1 60 -1 67 -1 -2
61 -1 65 -1 67 -1 67 -1 67 -1 -2
60 -1 276 -1 67 -1 60 -1 67 -1 -2
60 -1 60 -1 67 -1 60 -1 67 -1 -2
67 -1 61 -1 65 -1 67 -1 67 -1 -2
67 -1 61 -1 65 -1 67 -1 67 -1 -2
60 -1 67 -1 67 -1 67 -1 60 -1 67 -1 -2
67 -1 60 -1 67 -1 60 -1 67 -1 -2
60 -1 67 -1 60 -1 67 -1 60 -1 67 -1 -2
67 -1 60 -1 67 -1 60 -1 67 -1 -2
67 -1 60 -1 67 -1 60 -1 67 -1 60 -1 -2
67 -1 60 -1 60 -1 60 -1 67 -1 -2
67 -1 60 -1 60 -1 60 -1 67 -1 -2
60 -1 60 -1 67 -1 276 -1 60 -1 67 -1 -2
60 -1 67 -1 60 -1 67 -1 60 -1 -2
60 -1 67 -1 60 -1 67 -1 60 -1 -2
60 -1 67 -1 60 -1 60 -1 276 -1 -2
67 -1 60 -1 60 -1 67 -1 60 -1 -2
67 -1 60 -1 67 -1 60 -1 67 -1 60 -1 -2
67 -1 60 -1 67 -1 67 -1 60 -1 -2
67 -1 60 -1 60 -1 67 -1 60 -1 -2
67 -1 60 -1 67 -1 67 -1 60 -1 -2
67 -1 60 -1 60 -1 67 -1 60 -1 -2
67 -1 60 -1 67 -1 60 -1 60 -1 -2
60 -1 67 -1 60 -1 67 -1 60 -1 -2
60 -1 67 -1 60 -1 67 -1 60 -1 67 -1 -2
60 -1 61 -1 67 -1 65 -1 60 -1 67 -1 67 -1 60 -1 -2
67 -1 60 -1 67 -1 67 -1 60 -1 67 -1 -2
67 -1 60 -1 67 -1 60 -1 60 -1 67 -1 -2
67 -1 60 -1 299 -1 67 -1 60 -1 67 -1 -2
67 -1 61 -1 65 -1 67 -1 60 -1 67 -1 -2
67 -1 60 -1 67 -1 60 -1 60 -1 67 -1 -2
67 -1 60 -1 67 -1 60 -1 60 -1 67 -1 -2
67 -1 60 -1 67 -1 60 -1 60 -1 67 -1 -2
60 -1 67 -1 60 -1 60 -1 67 -1 -2
67 -1 60 -1 67 -1 60 -1 60 -1 67 -1 -2
67 -1 67 -1 67 -1 67 -1 60 -1 -2
67 -1 60 -1 67 -1 60 -1 60 -1 -2
67 -1 61 -1 60 -1 67 -1 67 -1 -2
67 -1 60 -1 60 -1 67 -1 67 -1 -2
67 -1 60 -1 67 -1 60 -1 67 -1 -2
60 -1 61 -1 65 -1 60 -1 67 -1 60 -1 67 -1 -2
67 -1 60 -1 67 -1 60 -1 67 -1 60 -1 -2
60 -1 60 -1 67 -1 60 -1 67 -1 -2
60 -1 60 -1 67 -1 60 -1 67 -1 -2
67 -1 60 -1 67 -1 60 -1 67 -1 -2
60 -1 60 -1 67 -1 60 -1 67 -1 -2
67 -1 60 -1 67 -1 60 -1 207 -1 -2
67 -1 60 -1 67 -1 60 -1 67 -1 -2
67 -1 61 -1 65 -1 67 -1 67 -1 -2
67 -1 61 -1 65 -1 67 -1 67 -1 -2
67 -1 60 -1 67 -1 60 -1 67 -1 67 -1 -2
67 -1 61 -1 65 -1 67 -1 67 -1 -2
67 -1 61 -1 65 -1 67 -1 60 -1 60 -1 67 -1 -2
67 -1 60 -1 67 -1 60 -1 60 -1 276 -1 -2
60 -1 60 -1 67 -1 60 -1 67 -1 -2
67 -1 60 -1 67 -1 60 -1 60 -1 67 -1 -2
67 -1 60 -1 67 -1 60 -1 67 -1 -2
67 -1 60 -1 67 -1 67 -1 60 -1 253 -1 67 -1 -2
67 -1 60 -1 67 -1 60 -1 437 -1 67 -1 -2
67 -1 60 -1 60 -1 67 -1 67 -1 -2
60 -1 60 -1 67 -1 60 -1 67 -1 -2
67 -1 60 -1 67 -1 60 -1 60 -1 67 -1 -2
67 -1 60 -1 67 -1 60 -1 67 -1 -2
67 -1 60 -1 60 -1 67 -1 67 -1 -2
67 -1 67 -1 60 -1 60 -1 67 -1 -2
67 -1 60 -1 67 -1 60 -1 60 -1 67 -1 -2
67 -1 60 -1 67 -1 60 -1 60 -1 67 -1 -2
67 -1 60 -1 67 -1 60 -1 67 -1 60 -1 -2
67 -1 67 -1 60 -1 67 -1 67 -1 -2
67 -1 67 -1 60 -1 67 -1 67 -1 -2
60 -1 67 -1 60 -1 67 -1 60 -1 -2
67 -1 60 -1 61 -1 67 -1 65 -1 67 -1 60 -1 -2
67 -1 67 -1 60 -1 60 -1 67 -1 67 -1 -2
67 -1 67 -1 60 -1 60 -1 67 -1 67 -1 -2
67 -1 67 -1 60 -1 67 -1 67 -1 -2
67 -1 60 -1 67 -1 60 -1 67 -1 -2
67 -1 60 -1 67 -1 60 -1 67 -1 -2
67 -1 60 -1 67 -1 60 -1 67 -1 -2
67 -1 60 -1 67 -1 60 -1 67 -1 -2
67 -1 60 -1 61 -1 65 -1 67 -1 67 -1 -2
67 -1 60 -1 67 -1 60 -1 67 -1 -2
67 -1 60 -1 67 -1 60 -1 67 -1 67 -1 -2
67 -1 60 -1 67 -1 60 -1 67 -1 -2
67 -1 60 -1 67 -1 60 -1 67 -1 -2
60 -1 67 -1 60 -1 67 -1 60 -1 345 -1 -2
67 -1 60 -1 67 -1 60 -1 67 -1 -2
60 -1 60 -1 67 -1 60 -1 67 -1 -2
67 -1 60 -1 67 -1 60 -1 67 -1 -2
67 -1 60 -1 67 -1 60 -1 67 -1 -2
67 -1 60 -1 67 -1 60 -1 67 -1 -2
67 -1 67 -1 60 -1 60 -1 67 -1 -2
67 -1 60 -1 67 -1 60 -1 67 -1 67 -1 -2
67 -1 67 -1 60 -1 67 -1 60 -1 -2
67 -1 60 -1 67 -1 60 -1 67 -1 -2
67 -1 60 -1 67 -1 60 -1 67 -1 67 -1 -2
67 -1 60 -1 67 -1 60 -1 67 -1 60 -1 -2
67 -1 60 -1 67 -1 60 -1 67 -1 -2
67 -1 61 -1 65 -1 60 -1 67 -1 60 -1 67 -1 -2
67 -1 60 -1 60 -1 299 -1 67 -1 60 -1 67 -1 67 -1 -2
67 -1 67 -1 60 -1 67 -1 67 -1 -2
67 -1 67 -1 60 -1 60 -1 67 -1 -2
67 -1 67 -1 60 -1 60 -1 67 -1 -2
67 -1 67 -1 60 -1 60 -1 67 -1 67 -1 -2
67 -1 60 -1 67 -1 60 -1 67 -1 60 -1 -2
67 -1 61 -1 65 -1 67 -1 67 -1 -2
67 -1 67 -1 60 -1 368 -1 67 -1 -2
67 -1 60 -1 67 -1 60 -1 67 -1 67 -1 -2
67 -1 60 -1 67 -1 60 -1 67 -1 -2
67 -1 60 -1 67 -1 60 -1 67 -1 -2
67 -1 60 -1 67 -1 60 -1 67 -1 -2
67 -1 67 -1 61 -1 65 -1 60 -1 67 -1 -2
67 -1 60 -1 67 -1 60 -1 67 -1 -2
67 -1 60 -1 67 -1 60 -1 67 -1 -2
67 -1 60 -1 60 -1 67 -1 60 -1 -2
67 -1 67 -1 60 -1 67 -1 60 -1 -2
67 -1 67 -1 60 -1 67 -1 60 -1 -2
67 -1 60 -1 67 -1 60 -1 67 -1 -2
67 -1 67 -1 67 -1 67 -1 60 -1 -2
60 -1 67 -1 60 -1 67 -1 60 -1 67 -1 -2
67 -1 67 -1 67 -1 67 -1 60 -1 -2
67 -1 67 -1 67 -1 67 -1 60 -1 -2
67 -1 67 -1 67 -1 60 -1 67 -1 -2
67 -1 67 -1 67 -1 67 -1 60 -1 -2
60 -1 67 -1 60 -1 67 -1 60 -1 67 -1 -2
230 -1 67 -1 60 -1 67 -1 60 -1 67 -1 -2
67 -1 60 -1 67 -1 60 -1 67 -1 -2
67 -1 60 -1 60 -1 184 -1 67 -1 60 -1 67 -1 -2
60 -1 60 -1 67 -1 60 -1 67 -1 -2
67 -1 60 -1 67 -1 60 -1 67 -1 -2
60 -1 67 -1 60 -1 67 -1 60 -1 67 -1 -2
67 -1 60 -1 67 -1 60 -1 67 -1 -2
67 -1 60 -1 67 -1 60 -1 67 -1 -2
67 -1 60 -1 67 -1 60 -1 67 -1 -2
67 -1 60 -1 67 -1 60 -1 67 -1 -2
67 -1 67 -1 60 -1 60 -1 67 -1 -2
67 -1 60 -1 67 -1 60 -1 67 -1 -2
67 -1 60 -1 67 -1 60 -1 60 -1 67 -1 -2
67 -1 60 -1 67 -1 60 -1 67 -1 -2
67 -1 60 -1 67 -1 60 -1 60 -1 67 -1 -2
67 -1 60 -1 67 -1 60 -1 67 -1 60 -1 -2
67 -1 60 -1 67 -1 60 -1 60 -1 67 -1 -2
67 -1 67 -1 60 -1 67 -1 60 -1 -2
60 -1 67 -1 60 -1 60 -1 67 -1 -2
60 -1 67 -1 60 -1 60 -1 67 -1 -2
67 -1 60 -1 67 -1 60 -1 60 -1 67 -1 -2
67 -1 60 -1 67 -1 60 -1 60 -1 67 -1 -2
67 -1 60 -1 67 -1 67 -1 60 -1 -2
67 -1 60 -1 67 -1 60 -1 67 -1 -2
67 -1 60 -1 67 -1 67 -1 60 -1 67 -1 60 -1 -2
67 -1 60 -1 67 -1 60 -1 67 -1 60 -1 -2
67 -1 60 -1 67 -1 60 -1 67 -1 60 -1 -2
60 -1 67 -1 60 -1 67 -1 60 -1 -2
60 -1 67 -1 60 -1 60 -1 67 -1 -2
60 -1 67 -1 60 -1 67 -1 60 -1 60 -1 -2
60 -1 67 -1 60 -1 60 -1 67 -1 60 -1 -2
60 -1 67 -1 60 -1 67 -1 67 -1 -2
67 -1 60 -1 67 -1 60 -1 67 -1 -2
67 -1 60 -1 67 -1 60 -1 67 -1 -2
67 -1 60 -1 67 -1 67 -1 60 -1 67 -1 -2
67 -1 67 -1 60 -1 253 -1 67 -1 -2
67 -1 60 -1 67 -1 299 -1 67 -1 -2
67 -1 60 -1 67 -1 67 -1 60 -1 67 -1 -2
67 -1 67 -1 67 -1 67 -1 60 -1 -2
67 -1 67 -1 60 -1 67 -1 67 -1 -2
67 -1 67 -1 60 -1 67 -1 67 -1 -2
60 -1 67 -1 60 -1 67 -1 60 -1 -2
60 -1 67 -1 60 -1 60 -1 67 -1 -2
67 -1 60 -1 67 -1 60 -1 67 -1 -2
67 -1 60 -1 67 -1 60 -1 67 -1 -2
67 -1 60 -1 67 -1 67 -1 67 -1 -2
60 -1 67 -1 60 -1 67 -1 60 -1 -2
67 -1 60 -1 67 -1 60 -1 67 -1 -2
67 -1 60 -1 67 -1 60 -1 67 -1 -2
67 -1 60 -1 67 -1 60 -1 67 -1 -2
67 -1 60 -1 67 -1 60 -1 67 -1 -2
60 -1 67 -1 60 -1 67 -1 60 -1 -2
67 -1 60 -1 67 -1 60 -1 67 -1 -2
60 -1 67 -1 60 -1 67 -1 60 -1 -2
67 -1 60 -1 67 -1 60 -1 67 -1 -2
60 -1 67 -1 60 -1 67 -1 60 -1 -2
60 -1 67 -1 60 -1 67 -1 60 -1 -2
67 -1 60 -1 67 -1 60 -1 67 -1 -2
67 -1 60 -1 67 -1 60 -1 67 -1 -2
67 -1 67 -1 60 -1 67 -1 60 -1 67 -1 -2
67 -1 60 -1 67 -1 60 -1 67 -1 -2
60 -1 67 -1 60 -1 67 -1 60 -1 -2
67 -1 67 -1 60 -1 67 -1 60 -1 -2
60 -1 60 -1 67 -1 60 -1 67 -1 -2
67 -1 60 -1 60 -1 67 -1 60 -1 67 -1 -2
67 -1 60 -1 67 -1 60 -1 60 -1 -2
67 -1 60 -1 60 -1 67 -1 60 -1 -2
60 -1 67 -1 60 -1 67 -1 60 -1 -2
60 -1 60 -1 67 -1 60 -1 67 -1 60 -1 -2
60 -1 60 -1 67 -1 60 -1 67 -1 60 -1 -2
60 -1 60 -1 67 -1 60 -1 67 -1 60 -1 -2
60 -1 60 -1 60 -1 60 -1 67 -1 -2
60 -1 60 -1 437 -1 60 -1 67 -1 -2
67 -1 60 -1 60 -1 67 -1 60 -1 -2
67 -1 60 -1 67 -1 60 -1 60 -1 -2
67 -1 60 -1 60 -1 67 -1 60 -1 -2
67 -1 60 -1 67 -1 60 -1 67 -1 -2
67 -1 67 -1 60 -1 67 -1 67 -1 -2
67 -1 60 -1 67 -1 60 -1 67 -1 -2
60 -1 67 -1 60 -1 67 -1 60 -1 67 -1 -2
60 -1 67 -1 60 -1 67 -1 60 -1 -2
60 -1 67 -1 60 -1 60 -1 67 -1 60 -1 -2
60 -1 67 -1 60 -1 67 -1 60 -1 -2
60 -1 67 -1 60 -1 67 -1 60 -1 -2
60 -1 67 -1 60 -1 67 -1 60 -1 -2
60 -1 60 -1 67 -1 67 -1 60 -1 -2
60 -1 67 -1 60 -1 67 -1 60 -1 -2
60 -1 67 -1 60 -1 67 -1 60 -1 -2
60 -1 67 -1 60 -1 67 -1 60 -1 -2
60 -1 67 -1 60 -1 67 -1 60 -1 -2
60 -1 67 -1 60 -1 67 -1 60 -1 -2
60 -1 67 -1 60 -1 67 -1 60 -1 -2
60 -1 60 -1 67 -1 60 -1 67 -1 -2
67 -1 60 -1 67 -1 60 -1 67 -1 -2
60 -1 67 -1 60 -1 67 -1 60 -1 -2
67 -1 60 -1 60 -1 67 -1 60 -1 67 -1 -2
67 -1 60 -1 67 -1 60 -1 67 -1 -2
60 -1 67 -1 60 -1 67 -1 60 -1 67 -1 -2
67 -1 60 -1 60 -1 67 -1 60 -1 67 -1 -2
67 -1 60 -1 67 -1 60 -1 67 -1 -2
60 -1 60 -1 67 -1 60 -1 67 -1 -2
67 -1 60 -1 60 -1 67 -1 60 -1 67 -1 -2
67 -1 60 -1 60 -1 67 -1 60 -1 67 -1 -2
67 -1 60 -1 60 -1 67 -1 60 -1 67 -1 -2
67 -1 60 -1 60 -1 67 -1 60 -1 67 -1 -2
67 -1 60 -1 60 -1 67 -1 60 -1 67 -1 -2
67 -1 60 -1 60 -1 67 -1 60 -1 67 -1 -2
60 -1 60 -1 67 -1 60 -1 67 -1 -2
67 -1 60 -1 60 -1 67 -1 60 -1 67 -1 -2
60 -1 60 -1 67 -1 60 -1 67 -1 -2
60 -1 276 -1 60 -1 67 -1 67 -1 -2
60 -1 60 -1 67 -1 60 -1 67 -1 60 -1 -2
67 -1 60 -1 60 -1 67 -1 60 -1 253 -1 67 -1 -2
67 -1 60 -1 60 -1 67 -1 60 -1 67 -1 -2
67 -1 60 -1 67 -1 60 -1 67 -1 67 -1 -2
60 -1 60 -1 67 -1 60 -1 67 -1 -2
67 -1 67 -1 60 -1 67 -1 60 -1 -2
67 -1 60 -1 60 -1 67 -1 60 -1 67 -1 -2
67 -1 60 -1 67 -1 60 -1 67 -1 67 -1 -2
60 -1 60 -1 67 -1 60 -1 67 -1 -2
67 -1 60 -1 67 -1 60 -1 60 -1 67 -1 -2
67 -1 60 -1 60 -1 67 -1 60 -1 67 -1 -2
67 -1 60 -1 67 -1 60 -1 60 -1 67 -1 -2
67 -1 60 -1 67 -1 60 -1 67 -1 -2
67 -1 60 -1 67 -1 60 -1 60 -1 67 -1 -2
67 -1 60 -1 67 -1 60 -1 67 -1 -2
67 -1 60 -1 67 -1 60 -1 67 -1 -2
67 -1 60 -1 67 -1 60 -1 60 -1 67 -1 -2
67 -1 60 -1 60 -1 67 -1 60 -1 67 -1 -2
67 -1 60 -1 60 -1 67 -1 60 -1 67 -1 -2
67 -1 60 -1 67 -1 60 -1 67 -1 67 -1 -2
67 -1 67 -1 67 -1 60 -1 207 -1 -2
67 -1 60 -1 67 -1 60 -1 60 -1 67 -1 -2
67 -1 67 -1 60 -1 60 -1 67 -1 -2
60 -1 67 -1 60 -1 67 -1 60 -1 67 -1 -2
67 -1 67 -1 60 -1 67 -1 67 -1 -2
67 -1 60 -1 299 -1 60 -1 67 -1 60 -1 67 -1 -2
67 -1 60 -1 67 -1 60 -1 67 -1 67 -1 -2
67 -1 60 -1 67 -1 60 -1 67 -1 -2
67 -1 60 -1 60 -1 67 -1 60 -1 67 -1 -2
67 -1 60 -1 60 -1 67 -1 60 -1 67 -1 -2
67 -1 60 -1 67 -1 60 -1 67 -1 -2
67 -1 60 -1 67 -1 60 -1 60 -1 67 -1 -2
67 -1 60 -1 67 -1 60 -1 60 -1 67 -1 -2
60 -1 67 -1 60 -1 67 -1 60 -1 67 -1 -2
60 -1 67 -1 60 -1 67 -1 60 -1 67 -1 -2
67 -1 67 -1 60 -1 67 -1 60 -1 67 -1 -2
161 -1 67 -1 60 -1 60 -1 67 -1 -2
67 -1 60 -1 60 -1 67 -1 60 -1 67 -1 -2
60 -1 60 -1 67 -1 67 -1 60 -1 -2
60 -1 60 -1 67 -1 60 -1 67 -1 -2
60 -1 60 -1 67 -1 60 -1 67 -1 -2
67 -1 60 -1 67 -1 60 -1 60 -1 67 -1 -2
60 -1 67 -1 60 -1 67 -1 60 -1 67 -1 -2
67 -1 60 -1 67 -1 60 -1 60 -1 276 -1 67 -1 -2
67 -1 60 -1 67 -1 60 -1 60 -1 67 -1 -2
67 -1 60 -1 60 -1 67 -1 60 -1 67 -1 -2
60 -1 60 -1 67 -1 60 -1 67 -1 -2
67 -1 60 -1 67 -1 60 -1 67 -1 -2
67 -1 60 -1 67 -1 60 -1 67 -1 -2
67 -1 60 -1 67 -1 60 -1 67 -1 60 -1 -2
67 -1 60 -1 60 -1 67 -1 60 -1 67 -1 -2
67 -1 60 -1 67 -1 60 -1 67 -1 60 -1 -2
67 -1 60 -1 60 -1 67 -1 60 -1 67 -1 -2
67 -1 60 -1 60 -1 67 -1 67 -1 60 -1 -2
67 -1 67 -1 60 -1 67 -1 60 -1 -2
67 -1 60 -1 67 -1 67 -1 60 -1 -2
253 -1 67 -1 60 -1 67 -1 60 -1 -2
67 -1 60 -1 60 -1 67 -1 60 -1 67 -1 -2
299 -1 67 -1 60 -1 368 -1 67 -1 60 -1 253 -1 -2
67 -1 60 -1 67 -1 60 -1 67 -1 60 -1 -2
67 -1 60 -1 67 -1 60 -1 67 -1 60 -1 -2
67 -1 60 -1 67 -1 60 -1 67 -1 -2
60 -1 67 -1 60 -1 60 -1 67 -1 -2
67 -1 60 -1 67 -1 60 -1 60 -1 67 -1 -2
60 -1 67 -1 60 -1 67 -1 60 -1 -2
67 -1 60 -1 67 -1 60 -1 67 -1 -2
60 -1 460 -1 60 -1 67 -1 60 -1 67 -1 -2
67 -1 67 -1 60 -1 67 -1 60 -1 67 -1 -2
67 -1 60 -1 67 -1 60 -1 67 -1 -2
60 -1 67 -1 60 -1 67 -1 60 -1 -2
67 -1 60 -1 67 -1 60 -1 67 -1 60 -1 -2
67 -1 60 -1 67 -1 60 -1 67 -1 60 -1 -2
67 -1 60 -1 67 -1 60 -1 67 -1 -2
60 -1 67 -1 60 -1 67 -1 60 -1 -2
67 -1 67 -1 60 -1 60 -1 67 -1 -2
67 -1 60 -1 67 -1 60 -1 67 -1 -2
60 -1 67 -1 60 -1 67 -1 60 -1 -2
67 -1 60 -1 67 -1 60 -1 67 -1 -2
60 -1 67 -1 60 -1 67 -1 60 -1 -2
60 -1 67 -1 60 -1 67 -1 60 -1 -2
67 -1 60 -1 67 -1 60 -1 67 -1 -2
60 -1 67 -1 60 -1 67 -1 60 -1 -2
67 -1 60 -1 60 -1 67 -1 60 -1 -2
67 -1 60 -1 60 -1 67 -1 60 -1 -2
60 -1 67 -1 60 -1 67 -1 60 -1 -2
60 -1 67 -1 60 -1 67 -1 60 -1 -2
60 -1 67 -1 60 -1 67 -1 60 -1 -2
60 -1 67 -1 60 -1 67 -1 60 -1 -2
67 -1 60 -1 60 -1 67 -1 60 -1 -2
60 -1 67 -1 60 -1 67 -1 60 -1 -2
67 -1 60 -1 253 -1 67 -1 60 -1 -2
60 -1 67 -1 60 -1 67 -1 60 -1 -2
67 -1 60 -1 60 -1 67 -1 60 -1 -2
67 -1 60 -1 60 -1 67 -1 60 -1 -2
67 -1 60 -1 60 -1 67 -1 60 -1 -2
67 -1 60 -1 67 -1 60 -1 67 -1 -2
67 -1 67 -1 60 -1 60 -1 67 -1 -2
67 -1 60 -1 67 -1 60 -1 67 -1 -2
67 -1 60 -1 67 -1 60 -1 230 -1 67 -1 -2
67 -1 67 -1 67 -1 60 -1 67 -1 -2
67 -1 60 -1 67 -1 60 -1 60 -1 67 -1 -2
67 -1 60 -1 60 -1 67 -1 60 -1 -2
60 -1 67 -1 60 -1 67 -1 60 -1 -2
67 -1 67 -1 67 -1 60 -1 67 -1 -2
67 -1 60 -1 67 -1 60 -1 67 -1 67 -1 -2
67 -1 60 -1 67 -1 60 -1 67 -1 -2
67 -1 60 -1 67 -1 60 -1 67 -1 67 -1 -2
67 -1 60 -1 67 -1 60 -1 67 -1 67 -1 -2
67 -1 60 -1 67 -1 60 -1 67 -1 60 -1 -2
391 -1 60 -1 67 -1 60 -1 67 -1 -2
67 -1 60 -1 60 -1 67 -1 60 -1 -2
67 -1 67 -1 60 -1 368 -1 60 -1 -2
67 -1 60 -1 67 -1 60 -1 60 -1 -2
67 -1 60 -1 67 -1 60 -1 60 -1 -2
67 -1 60 -1 67 -1 60 -1 60 -1 -2
67 -1 60 -1 67 -1 60 -1 60 -1 -2
67 -1 60 -1 67 -1 60 -1 60 -1 -2
67 -1 60 -1 67 -1 60 -1 60 -1 -2
67 -1 60 -1 67 -1 60 -1 60 -1 -2
67 -1 60 -1 60 -1 67 -1 60 -1 299 -1 67 -1 -2
67 -1 60 -1 67 -1 60 -1 60 -1 -2
67 -1 60 -1 67 -1 60 -1 60 -1 -2
60 -1 60 -1 67 -1 67 -1 60 -1 -2
60 -1 67 -1 60 -1 67 -1 60 -1 -2
67 -1 60 -1 67 -1 60 -1 60 -1 -2
60 -1 67 -1 60 -1 67 -1 60 -1 -2
67 -1 60 -1 60 -1 67 -1 60 -1 -2
67 -1 60 -1 67 -1 67 -1 60 -1 67 -1 -2
67 -1 60 -1 60 -1 67 -1 60 -1 -2
67 -1 60 -1 60 -1 67 -1 60 -1 -2
67 -1 67 -1 60 -1 60 -1 67 -1 -2
67 -1 60 -1 60 -1 67 -1 60 -1 -2
67 -1 60 -1 67 -1 60 -1 67 -1 -2
60 -1 67 -1 60 -1 60 -1 67 -1 -2
60 -1 67 -1 60 -1 60 -1 67 -1 -2
60 -1 67 -1 60 -1 60 -1 67 -1 -2
67 -1 60 -1 67 -1 60 -1 60 -1 -2
67 -1 60 -1 67 -1 60 -1 60 -1 -2
67 -1 60 -1 67 -1 67 -1 60 -1 67 -1 -2
67 -1 60 -1 67 -1 60 -1 60 -1 -2
60 -1 67 -1 60 -1 60 -1 67 -1 -2
67 -1 67 -1 67 -1 60 -1 60 -1 67 -1 -2
67 -1 67 -1 67 -1 60 -1 67 -1 -2
67 -1 60 -1 67 -1 60 -1 60 -1 -2
67 -1 60 -1 67 -1 60 -1 60 -1 -2
67 -1 60 -1 67 -1 60 -1 60 -1 -2
67 -1 60 -1 67 -1 60 -1 60 -1 -2
60 -1 67 -1 60 -1 60 -1 67 -1 -2
67 -1 67 -1 67 -1 60 -1 67 -1 -2
60 -1 67 -1 60 -1 60 -1 67 -1 -2
67 -1 60 -1 299 -1 67 -1 67 -1 -2
67 -1 67 -1 60 -1 67 -1 60 -1 -2
67 -1 67 -1 67 -1 60 -1 60 -1 67 -1 -2
67 -1 67 -1 67 -1 60 -1 60 -1 67 -1 -2
67 -1 60 -1 60 -1 67 -1 60 -1 -2
67 -1 60 -1 60 -1 67 -1 60 -1 -2
67 -1 60 -1 60 -1 67 -1 60 -1 -2
67 -1 60 -1 60 -1 67 -1 60 -1 -2
67 -1 60 -1 60 -1 67 -1 60 -1 -2
67 -1 60 -1 60 -1 67 -1 60 -1 -2
67 -1 60 -1 60 -1 67 -1 60 -1 -2
253 -1 67 -1 67 -1 60 -1 67 -1 60 -1 -2
67 -1 67 -1 67 -1 60 -1 67 -1 -2
67 -1 67 -1 67 -1 60 -1 67 -1 -2
67 -1 67 -1 67 -1 60 -1 67 -1 -2
60 -1 67 -1 60 -1 60 -1 67 -1 -2
60 -1 67 -1 60 -1 60 -1 67 -1 -2
67 -1 67 -1 60 -1 67 -1 60 -1 67 -1 -2
67 -1 60 -1 60 -1 67 -1 60 -1 -2
67 -1 67 -1 60 -1 67 -1 60 -1 67 -1 -2
67 -1 60 -1 67 -1 60 -1 67 -1 -2
67 -1 67 -1 60 -1 66 -1 67 -1 -2
60 -1 60 -1 67 -1 60 -1 67 -1 -2
67 -1 67 -1 60 -1 66 -1 67 -1 -2
67 -1 67 -1 60 -1 67 -1 60 -1 67 -1 -2
67 -1 67 -1 60 -1 67 -1 60 -1 67 -1 -2
67 -1 60 -1 60 -1 67 -1 60 -1 -2
67 -1 67 -1 67 -1 60 -1 67 -1 -2
67 -1 67 -1 60 -1 67 -1 60 -1 67 -1 -2
345 -1 60 -1 67 -1 60 -1 67 -1 -2
67 -1 60 -1 60 -1 345 -1 67 -1 -2
60 -1 67 -1 60 -1 60 -1 67 -1 -2
67 -1 67 -1 60 -1 66 -1 67 -1 -2
67 -1 60 -1 60 -1 60 -1 67 -1 -2
67 -1 60 -1 60 -1 60 -1 67 -1 -2
67 -1 67 -1 67 -1 67 -1 67 -1 67 -1 67 -1 67 -1 -2
67 -1 60 -1 67 -1 60 -1 67 -1 -2
67 -1 67 -1 60 -1 67 -1 60 -1 67 -1 -2
67 -1 60 -1 60 -1 67 -1 60 -1 -2
67 -1 67 -1 67 -1 60 -1 67 -1 -2
67 -1 60 -1 60 -1 67 -1 60 -1 -2
67 -1 60 -1 67 -1 60 -1 67 -1 60 -1 -2
67 -1 60 -1 60 -1 67 -1 60 -1 -2
60 -1 67 -1 60 -1 67 -1 60 -1 -2
67 -1 276 -1 60 -1 67 -1 60 -1 -2
67 -1 67 -1 60 -1 67 -1 60 -1 67 -1 -2
67 -1 60 -1 299 -1 60 -1 67 -1 -2
60 -1 67 -1 60 -1 67 -1 67 -1 -2
60 -1 67 -1 322 -1 60 -1 67 -1 -2
67 -1 299 -1 60 -1 67 -1 60 -1 -2
67 -1 60 -1 67 -1 60 -1 67 -1 -2
