69 -1 69 -1 69 -1 69 -1 69 -1 -2
71 -1 71 -1 71 -1 71 -1 71 -1 -2
76 -1 76 -1 76 -1 76 -1 76 -1 -2
72 -1 72 -1 72 -1 72 -1 72 -1 -2
73 -1 73 -1 73 -1 73 -1 73 -1 -2
71 -1 71 -1 71 -1 71 -1 71 -1 -2
71 -1 71 -1 71 -1 71 -1 71 -1 -2
84 -1 84 -1 84 -1 84 -1 84 -1 -2
83 -1 83 -1 83 -1 83 -1 83 -1 -2
71 -1 71 -1 71 -1 71 -1 71 -1 -2
69 -1 69 -1 69 -1 69 -1 69 -1 -2
68 -1 68 -1 68 -1 68 -1 68 -1 -2
70 -1 70 -1 70 -1 70 -1 70 -1 -2
75 -1 75 -1 75 -1 75 -1 75 -1 -2
73 -1 73 -1 73 -1 73 -1 73 -1 -2
73 -1 73 -1 73 -1 73 -1 73 -1 -2
78 -1 78 -1 78 -1 78 -1 78 -1 -2
76 -1 76 -1 76 -1 76 -1 76 -1 -2
72 -1 72 -1 72 -1 72 -1 72 -1 -2
69 -1 69 -1 69 -1 69 -1 69 -1 -2
67 -1 67 -1 67 -1 67 -1 67 -1 -2
78 -1 78 -1 78 -1 78 -1 78 -1 -2
71 -1 71 -1 71 -1 71 -1 71 -1 -2
86 -1 86 -1 86 -1 86 -1 86 -1 -2
74 -1 74 -1 74 -1 74 -1 74 -1 -2
67 -1 67 -1 67 -1 67 -1 67 -1 -2
71 -1 71 -1 71 -1 71 -1 71 -1 -2
77 -1 77 -1 77 -1 77 -1 77 -1 -2
70 -1 70 -1 70 -1 70 -1 70 -1 -2
76 -1 76 -1 76 -1 76 -1 76 -1 -2
70 -1 70 -1 70 -1 70 -1 70 -1 -2
77 -1 77 -1 77 -1 77 -1 77 -1 -2
79 -1 79 -1 79 -1 79 -1 79 -1 -2
69 -1 69 -1 69 -1 69 -1 69 -1 -2
79 -1 79 -1 79 -1 79 -1 79 -1 -2
76 -1 76 -1 76 -1 76 -1 76 -1 -2
71 -1 71 -1 71 -1 71 -1 71 -1 -2
73 -1 73 -1 73 -1 73 -1 73 -1 -2
68 -1 68 -1 68 -1 68 -1 68 -1 -2
78 -1 78 -1 78 -1 78 -1 78 -1 -2
78 -1 78 -1 78 -1 78 -1 78 -1 -2
68 -1 68 -1 68 -1 68 -1 68 -1 -2
78 -1 78 -1 78 -1 78 -1 78 -1 -2
73 -1 73 -1 73 -1 73 -1 73 -1 -2
71 -1 71 -1 71 -1 71 -1 71 -1 -2
71 -1 71 -1 71 -1 71 -1 71 -1 -2
67 -1 67 -1 67 -1 67 -1 67 -1 -2
72 -1 72 -1 72 -1 72 -1 72 -1 -2
79 -1 79 -1 79 -1 79 -1 79 -1 -2
76 -1 76 -1 76 -1 76 -1 76 -1 -2
77 -1 77 -1 77 -1 77 -1 77 -1 -2
72 -1 72 -1 72 -1 72 -1 72 -1 -2
72 -1 72 -1 72 -1 72 -1 72 -1 -2
71 -1 71 -1 71 -1 71 -1 71 -1 -2
67 -1 67 -1 67 -1 67 -1 67 -1 -2
71 -1 71 -1 71 -1 71 -1 71 -1 -2
70 -1 70 -1 70 -1 70 -1 70 -1 -2
71 -1 71 -1 71 -1 71 -1 71 -1 -2
70 -1 70 -1 70 -1 70 -1 70 -1 -2
79 -1 79 -1 79 -1 79 -1 79 -1 -2
69 -1 69 -1 69 -1 69 -1 69 -1 -2
71 -1 71 -1 71 -1 71 -1 71 -1 -2
71 -1 71 -1 71 -1 71 -1 71 -1 -2
72 -1 72 -1 72 -1 72 -1 72 -1 -2
76 -1 76 -1 76 -1 76 -1 76 -1 -2
72 -1 72 -1 72 -1 72 -1 72 -1 -2
67 -1 67 -1 67 -1 67 -1 67 -1 -2
75 -1 75 -1 75 -1 75 -1 75 -1 -2
75 -1 75 -1 75 -1 75 -1 75 -1 -2
69 -1 69 -1 69 -1 69 -1 69 -1 -2
75 -1 75 -1 75 -1 75 -1 75 -1 -2
73 -1 73 -1 73 -1 73 -1 73 -1 -2
69 -1 69 -1 69 -1 69 -1 69 -1 -2
75 -1 75 -1 75 -1 75 -1 75 -1 -2
69 -1 69 -1 69 -1 69 -1 69 -1 -2
67 -1 67 -1 67 -1 67 -1 67 -1 -2
86 -1 86 -1 86 -1 86 -1 86 -1 -2
72 -1 72 -1 72 -1 72 -1 72 -1 -2
69 -1 69 -1 69 -1 69 -1 69 -1 -2
69 -1 69 -1 69 -1 69 -1 69 -1 -2
67 -1 67 -1 67 -1 67 -1 67 -1 -2
67 -1 67 -1 67 -1 67 -1 67 -1 -2
75 -1 75 -1 75 -1 75 -1 75 -1 -2
67 -1 67 -1 67 -1 67 -1 67 -1 -2
67 -1 67 -1 67 -1 67 -1 67 -1 -2
79 -1 79 -1 79 -1 79 -1 79 -1 -2
71 -1 71 -1 71 -1 71 -1 71 -1 -2
71 -1 71 -1 71 -1 71 -1 71 -1 -2
73 -1 73 -1 73 -1 73 -1 73 -1 -2
81 -1 81 -1 81 -1 81 -1 81 -1 -2
70 -1 70 -1 70 -1 70 -1 70 -1 -2
69 -1 69 -1 69 -1 69 -1 69 -1 -2
67 -1 67 -1 67 -1 67 -1 67 -1 -2
68 -1 68 -1 68 -1 68 -1 68 -1 -2
77 -1 77 -1 77 -1 77 -1 77 -1 -2
71 -1 71 -1 71 -1 71 -1 71 -1 -2
74 -1 74 -1 74 -1 74 -1 74 -1 -2
70 -1 70 -1 70 -1 70 -1 70 -1 -2
69 -1 69 -1 69 -1 69 -1 69 -1 -2
78 -1 78 -1 78 -1 78 -1 78 -1 -2
83 -1 83 -1 83 -1 83 -1 83 -1 -2
70 -1 70 -1 70 -1 70 -1 70 -1 -2
79 -1 79 -1 79 -1 79 -1 79 -1 -2
67 -1 67 -1 67 -1 67 -1 67 -1 -2
75 -1 75 -1 75 -1 75 -1 75 -1 -2
71 -1 71 -1 71 -1 71 -1 71 -1 -2
73 -1 73 -1 73 -1 73 -1 73 -1 -2
69 -1 69 -1 69 -1 69 -1 69 -1 -2
67 -1 67 -1 67 -1 67 -1 67 -1 -2
72 -1 72 -1 72 -1 72 -1 72 -1 -2
67 -1 67 -1 67 -1 67 -1 67 -1 -2
69 -1 69 -1 69 -1 69 -1 69 -1 -2
71 -1 71 -1 71 -1 71 -1 71 -1 -2
68 -1 68 -1 68 -1 68 -1 68 -1 -2
77 -1 77 -1 77 -1 77 -1 77 -1 -2
72 -1 72 -1 72 -1 72 -1 72 -1 -2
84 -1 84 -1 84 -1 84 -1 84 -1 -2
72 -1 72 -1 72 -1 72 -1 72 -1 -2
69 -1 69 -1 69 -1 69 -1 69 -1 -2
69 -1 69 -1 69 -1 69 -1 69 -1 -2
66 -1 66 -1 66 -1 66 -1 66 -1 -2
71 -1 71 -1 71 -1 71 -1 71 -1 -2
88 -1 88 -1 88 -1 88 -1 88 -1 -2
72 -1 72 -1 72 -1 72 -1 72 -1 -2
75 -1 75 -1 75 -1 75 -1 75 -1 -2
87 -1 87 -1 87 -1 87 -1 87 -1 -2
86 -1 86 -1 86 -1 86 -1 86 -1 -2
69 -1 69 -1 69 -1 69 -1 69 -1 -2
66 -1 66 -1 66 -1 66 -1 66 -1 -2
79 -1 79 -1 79 -1 79 -1 79 -1 -2
71 -1 71 -1 71 -1 71 -1 71 -1 -2
73 -1 73 -1 73 -1 73 -1 73 -1 -2
68 -1 68 -1 68 -1 68 -1 68 -1 -2
82 -1 82 -1 82 -1 82 -1 82 -1 -2
67 -1 67 -1 67 -1 67 -1 67 -1 -2
77 -1 77 -1 77 -1 77 -1 77 -1 -2
73 -1 73 -1 73 -1 73 -1 73 -1 -2
68 -1 68 -1 68 -1 68 -1 68 -1 -2
81 -1 81 -1 81 -1 81 -1 81 -1 -2
77 -1 77 -1 77 -1 77 -1 77 -1 -2
69 -1 69 -1 69 -1 69 -1 69 -1 -2
73 -1 73 -1 73 -1 73 -1 73 -1 -2
81 -1 81 -1 81 -1 81 -1 81 -1 -2
81 -1 81 -1 81 -1 81 -1 81 -1 -2
71 -1 71 -1 71 -1 71 -1 71 -1 -2
71 -1 71 -1 71 -1 71 -1 71 -1 -2
71 -1 71 -1 71 -1 71 -1 71 -1 -2
72 -1 72 -1 72 -1 72 -1 72 -1 -2
69 -1 69 -1 69 -1 69 -1 69 -1 -2
74 -1 74 -1 74 -1 74 -1 74 -1 -2
79 -1 79 -1 79 -1 79 -1 79 -1 -2
86 -1 86 -1 86 -1 86 -1 86 -1 -2
75 -1 75 -1 75 -1 75 -1 75 -1 -2
72 -1 72 -1 72 -1 72 -1 72 -1 -2
76 -1 76 -1 76 -1 76 -1 76 -1 -2
73 -1 73 -1 73 -1 73 -1 73 -1 -2
79 -1 79 -1 79 -1 79 -1 79 -1 -2
71 -1 71 -1 71 -1 71 -1 71 -1 -2
77 -1 77 -1 77 -1 77 -1 77 -1 -2
68 -1 68 -1 68 -1 68 -1 68 -1 -2
67 -1 67 -1 67 -1 67 -1 67 -1 -2
71 -1 71 -1 71 -1 71 -1 71 -1 -2
78 -1 78 -1 78 -1 78 -1 78 -1 -2
78 -1 78 -1 78 -1 78 -1 78 -1 -2
72 -1 72 -1 72 -1 72 -1 72 -1 -2
75 -1 75 -1 75 -1 75 -1 75 -1 -2
71 -1 71 -1 71 -1 71 -1 71 -1 -2
67 -1 67 -1 67 -1 67 -1 67 -1 -2
83 -1 83 -1 83 -1 83 -1 83 -1 -2
87 -1 87 -1 87 -1 87 -1 87 -1 -2
67 -1 67 -1 67 -1 67 -1 67 -1 -2
73 -1 73 -1 73 -1 73 -1 73 -1 -2
74 -1 74 -1 74 -1 74 -1 74 -1 -2
77 -1 77 -1 77 -1 77 -1 77 -1 -2
71 -1 71 -1 71 -1 71 -1 71 -1 -2
76 -1 76 -1 76 -1 76 -1 76 -1 -2
74 -1 74 -1 74 -1 74 -1 74 -1 -2
73 -1 73 -1 73 -1 73 -1 73 -1 -2
66 -1 66 -1 66 -1 66 -1 66 -1 -2
73 -1 73 -1 73 -1 73 -1 73 -1 -2
69 -1 69 -1 69 -1 69 -1 69 -1 -2
73 -1 73 -1 73 -1 73 -1 73 -1 -2
84 -1 84 -1 84 -1 84 -1 84 -1 -2
75 -1 75 -1 75 -1 75 -1 75 -1 -2
72 -1 72 -1 72 -1 72 -1 72 -1 -2
69 -1 69 -1 69 -1 69 -1 69 -1 -2
76 -1 76 -1 76 -1 76 -1 76 -1 -2
83 -1 83 -1 83 -1 83 -1 83 -1 -2
74 -1 74 -1 74 -1 74 -1 74 -1 -2
69 -1 69 -1 69 -1 69 -1 69 -1 -2
73 -1 73 -1 73 -1 73 -1 73 -1 -2
80 -1 80 -1 80 -1 80 -1 80 -1 -2
79 -1 79 -1 79 -1 79 -1 79 -1 -2
70 -1 70 -1 70 -1 70 -1 70 -1 -2
89 -1 89 -1 89 -1 89 -1 89 -1 -2
78 -1 78 -1 78 -1 78 -1 78 -1 -2
68 -1 68 -1 68 -1 68 -1 68 -1 -2
70 -1 70 -1 70 -1 70 -1 70 -1 -2
69 -1 69 -1 69 -1 69 -1 69 -1 -2
67 -1 67 -1 67 -1 67 -1 67 -1 -2
78 -1 78 -1 78 -1 78 -1 78 -1 -2
83 -1 83 -1 83 -1 83 -1 83 -1 -2
88 -1 88 -1 88 -1 88 -1 88 -1 -2
74 -1 74 -1 74 -1 74 -1 74 -1 -2
72 -1 72 -1 72 -1 72 -1 72 -1 -2
74 -1 74 -1 74 -1 74 -1 74 -1 -2
84 -1 84 -1 84 -1 84 -1 84 -1 -2
69 -1 69 -1 69 -1 69 -1 69 -1 -2
73 -1 73 -1 73 -1 73 -1 73 -1 -2
71 -1 71 -1 71 -1 71 -1 71 -1 -2
80 -1 80 -1 80 -1 80 -1 80 -1 -2
77 -1 77 -1 77 -1 77 -1 77 -1 -2
87 -1 87 -1 87 -1 87 -1 87 -1 -2
67 -1 67 -1 67 -1 67 -1 67 -1 -2
66 -1 66 -1 66 -1 66 -1 66 -1 -2
83 -1 83 -1 83 -1 83 -1 83 -1 -2
69 -1 69 -1 69 -1 69 -1 69 -1 -2
75 -1 75 -1 75 -1 75 -1 75 -1 -2
72 -1 72 -1 72 -1 72 -1 72 -1 -2
83 -1 83 -1 83 -1 83 -1 83 -1 -2
69 -1 69 -1 69 -1 69 -1 69 -1 -2
83 -1 83 -1 83 -1 83 -1 83 -1 -2
67 -1 67 -1 67 -1 67 -1 67 -1 -2
77 -1 77 -1 77 -1 77 -1 77 -1 -2
67 -1 67 -1 67 -1 67 -1 67 -1 -2
67 -1 60 -1 67 -1 60 -1 299 -1 60 -1 230 -1 -2
67 -1 60 -1 67 -1 60 -1 67 -1 -2
60 -1 67 -1 67 -1 60 -1 67 -1 60 -1 -2
60 -1 67 -1 67 -1 67 -1 60 -1 60 -1 -2
60 -1 67 -1 67 -1 67 -1 67 -1 -2
60 -1 67 -1 67 -1 60 -1 67 -1 67 -1 -2
60 -1 67 -1 67 -1 60 -1 67 -1 60 -1 67 -1 -2
67 -1 67 -1 60 -1 67 -1 60 -1 67 -1 -2
67 -1 67 -1 60 -1 67 -1 60 -1 67 -1 60 -1 -2
67 -1 67 -1 60 -1 60 -1 67 -1 -2
67 -1 60 -1 67 -1 60 -1 60 -1 67 -1 -2
60 -1 67 -1 67 -1 60 -1 60 -1 -2
60 -1 67 -1 67 -1 60 -1 67 -1 -2
67 -1 67 -1 67 -1 60 -1 67 -1 60 -1 -2
67 -1 67 -1 67 -1 60 -1 60 -1 67 -1 -2
67 -1 67 -1 67 -1 60 -1 245 -1 67 -1 -2
67 -1 67 -1 60 -1 67 -1 60 -1 67 -1 -2
67 -1 60 -1 322 -1 67 -1 67 -1 -2
67 -1 60 -1 67 -1 60 -1 60 -1 67 -1 -2
67 -1 67 -1 60 -1 67 -1 60 -1 -2
60 -1 60 -1 67 -1 60 -1 67 -1 -2
60 -1 60 -1 67 -1 60 -1 67 -1 -2
60 -1 67 -1 60 -1 60 -1 67 -1 -2
60 -1 67 -1 60 -1 60 -1 67 -1 -2
60 -1 60 -1 67 -1 60 -1 67 -1 -2
60 -1 60 -1 67 -1 67 -1 60 -1 67 -1 -2
60 -1 67 -1 60 -1 60 -1 67 -1 -2
60 -1 67 -1 60 -1 60 -1 67 -1 -2
60 -1 67 -1 60 -1 60 -1 67 -1 -2
60 -1 67 -1 67 -1 60 -1 67 -1 -2
60 -1 67 -1 67 -1 60 -1 67 -1 -2
60 -1 67 -1 67 -1 60 -1 67 -1 -2
60 -1 67 -1 67 -1 60 -1 67 -1 -2
60 -1 67 -1 67 -1 60 -1 67 -1 -2
60 -1 184 -1 67 -1 60 -1 67 -1 -2
60 -1 67 -1 460 -1 67 -1 60 -1 67 -1 -2
67 -1 67 -1 60 -1 60 -1 67 -1 -2
61 -1 65 -1 67 -1 67 -1 67 -1 -2
67 -1 67 -1 67 -1 67 -1 67 -1 67 -1 -2
67 -1 67 -1 67 -1 67 -1 67 -1 -2
67 -1 67 -1 67 -1 67 -1 67 -1 67 -1 67 -1 -2
67 -1 67 -1 67 -1 67 -1 67 -1 67 -1 -2
67 -1 67 -1 67 -1 67 -1 67 -1 67 -1 67 -1 -2
67 -1 67 -1 67 -1 67 -1 67 -1 -2
67 -1 67 -1 67 -1 67 -1 67 -1 67 -1 67 -1 67 -1 67 -1 -2
67 -1 67 -1 67 -1 67 -1 67 -1 67 -1 -2
67 -1 67 -1 67 -1 67 -1 67 -1 67 -1 67 -1 67 -1 67 -1 67 -1 -2
