60 -1 60 -1 60 -1 60 -1 60 -1 60 -1 60 -1 60 -1 60 -1 60 -1 60 -1 60 -1 60 -1 60 -1 60 -1 60 -1 60 -1 -2
62 -1 60 -1 175 -1 60 -1 171 -1 171 -1 171 -1 171 -1 171 -1 60 -1 171 -1 171 -1 171 -1 171 -1 171 -1 162 -1 60 -1 148 -1 144 -1 60 -1 60 -1 60 -1 60 -1 170 -1 60 -1 60 -1 60 -1 60 -1 60 -1 60 -1 60 -1 60 -1 60 -1 60 -1 60 -1 60 -1 60 -1 60 -1 60 -1 151 -1 60 -1 151 -1 60 -1 151 -1 151 -1 60 -1 151 -1 151 -1 60 -1 151 -1 159 -1 60 -1 60 -1 -2
62 -1 60 -1 146 -1 60 -1 60 -1 60 -1 60 -1 60 -1 60 -1 60 -1 60 -1 60 -1 60 -1 60 -1 132 -1 133 -1 133 -1 132 -1 133 -1 133 -1 132 -1 133 -1 128 -1 60 -1 60 -1 60 -1 60 -1 60 -1 60 -1 60 -1 -2
62 -1 60 -1 175 -1 60 -1 171 -1 171 -1 171 -1 171 -1 171 -1 171 -1 60 -1 171 -1 171 -1 171 -1 171 -1 162 -1 60 -1 148 -1 60 -1 162 -1 60 -1 60 -1 60 -1 60 -1 60 -1 60 -1 60 -1 60 -1 60 -1 60 -1 60 -1 60 -1 60 -1 60 -1 60 -1 60 -1 60 -1 60 -1 60 -1 60 -1 60 -1 60 -1 60 -1 60 -1 60 -1 60 -1 60 -1 60 -1 60 -1 161 -1 161 -1 161 -1 60 -1 60 -1 60 -1 60 -1 60 -1 60 -1 60 -1 60 -1 60 -1 149 -1 60 -1 60 -1 60 -1 60 -1 60 -1 60 -1 60 -1 60 -1 60 -1 60 -1 -2
62 -1 60 -1 175 -1 60 -1 171 -1 171 -1 171 -1 171 -1 171 -1 171 -1 171 -1 171 -1 171 -1 171 -1 162 -1 60 -1 148 -1 60 -1 162 -1 60 -1 60 -1 60 -1 60 -1 60 -1 60 -1 60 -1 60 -1 60 -1 60 -1 60 -1 60 -1 60 -1 60 -1 60 -1 60 -1 60 -1 60 -1 60 -1 60 -1 60 -1 60 -1 60 -1 60 -1 60 -1 60 -1 60 -1 60 -1 60 -1 60 -1 60 -1 60 -1 60 -1 60 -1 60 -1 60 -1 60 -1 60 -1 60 -1 60 -1 161 -1 161 -1 -2
62 -1 60 -1 118 -1 60 -1 60 -1 60 -1 60 -1 60 -1 60 -1 60 -1 60 -1 60 -1 60 -1 60 -1 60 -1 60 -1 60 -1 60 -1 60 -1 60 -1 60 -1 60 -1 60 -1 -2
60 -1 60 -1 60 -1 60 -1 60 -1 60 -1 60 -1 60 -1 60 -1 60 -1 60 -1 60 -1 60 -1 60 -1 60 -1 198 -1 60 -1 60 -1 60 -1 60 -1 60 -1 -2
62 -1 60 -1 206 -1 60 -1 60 -1 60 -1 60 -1 60 -1 60 -1 60 -1 60 -1 60 -1 60 -1 60 -1 60 -1 60 -1 60 -1 60 -1 60 -1 60 -1 -2
60 -1 60 -1 60 -1 60 -1 60 -1 211 -1 60 -1 60 -1 60 -1 146 -1 60 -1 -2
62 -1 60 -1 182 -1 60 -1 157 -1 60 -1 -2
60 -1 60 -1 158 -1 60 -1 158 -1 60 -1 60 -1 158 -1 60 -1 157 -1 60 -1 60 -1 60 -1 60 -1 60 -1 60 -1 60 -1 60 -1 60 -1 60 -1 60 -1 60 -1 60 -1 60 -1 60 -1 60 -1 60 -1 60 -1 60 -1 60 -1 60 -1 60 -1 60 -1 60 -1 60 -1 60 -1 60 -1 60 -1 60 -1 60 -1 60 -1 60 -1 60 -1 60 -1 60 -1 157 -1 60 -1 60 -1 60 -1 157 -1 60 -1 -2
62 -1 60 -1 182 -1 60 -1 60 -1 60 -1 60 -1 60 -1 60 -1 60 -1 60 -1 60 -1 60 -1 60 -1 60 -1 60 -1 60 -1 60 -1 60 -1 60 -1 60 -1 60 -1 60 -1 60 -1 60 -1 60 -1 60 -1 60 -1 60 -1 60 -1 60 -1 60 -1 60 -1 60 -1 60 -1 60 -1 60 -1 60 -1 60 -1 60 -1 60 -1 60 -1 60 -1 60 -1 60 -1 60 -1 60 -1 60 -1 60 -1 60 -1 60 -1 60 -1 60 -1 66 -1 66 -1 66 -1 66 -1 74 -1 74 -1 74 -1 74 -1 74 -1 74 -1 74 -1 74 -1 74 -1 74 -1 74 -1 74 -1 74 -1 74 -1 74 -1 74 -1 74 -1 74 -1 74 -1 74 -1 74 -1 74 -1 74 -1 74 -1 66 -1 66 -1 66 -1 66 -1 66 -1 60 -1 60 -1 60 -1 60 -1 60 -1 60 -1 66 -1 66 -1 66 -1 66 -1 66 -1 66 -1 66 -1 66 -1 66 -1 66 -1 60 -1 60 -1 60 -1 60 -1 60 -1 60 -1 60 -1 60 -1 60 -1 60 -1 60 -1 60 -1 60 -1 60 -1 60 -1 60 -1 60 -1 60 -1 60 -1 60 -1 60 -1 60 -1 60 -1 60 -1 60 -1 60 -1 60 -1 60 -1 60 -1 60 -1 60 -1 60 -1 60 -1 60 -1 60 -1 60 -1 60 -1 60 -1 60 -1 60 -1 60 -1 -2
60 -1 158 -1 60 -1 60 -1 60 -1 -2
60 -1 60 -1 60 -1 157 -1 60 -1 157 -1 60 -1 60 -1 158 -1 60 -1 60 -1 158 -1 60 -1 60 -1 158 -1 60 -1 157 -1 60 -1 158 -1 60 -1 60 -1 60 -1 158 -1 60 -1 60 -1 157 -1 60 -1 60 -1 -2
62 -1 60 -1 156 -1 60 -1 240 -1 60 -1 140 -1 60 -1 140 -1 60 -1 140 -1 60 -1 60 -1 -2
62 -1 60 -1 176 -1 60 -1 172 -1 60 -1 172 -1 60 -1 172 -1 60 -1 172 -1 60 -1 172 -1 60 -1 172 -1 60 -1 172 -1 60 -1 172 -1 60 -1 172 -1 60 -1 172 -1 60 -1 163 -1 60 -1 149 -1 60 -1 165 -1 60 -1 60 -1 60 -1 60 -1 60 -1 60 -1 60 -1 60 -1 60 -1 60 -1 60 -1 60 -1 60 -1 60 -1 60 -1 60 -1 60 -1 60 -1 60 -1 60 -1 60 -1 60 -1 60 -1 60 -1 60 -1 60 -1 60 -1 60 -1 -2
60 -1 60 -1 60 -1 60 -1 60 -1 60 -1 60 -1 60 -1 60 -1 60 -1 60 -1 60 -1 60 -1 60 -1 60 -1 60 -1 60 -1 60 -1 60 -1 60 -1 60 -1 60 -1 60 -1 60 -1 60 -1 60 -1 60 -1 60 -1 60 -1 60 -1 60 -1 60 -1 60 -1 60 -1 60 -1 60 -1 60 -1 60 -1 60 -1 60 -1 60 -1 60 -1 60 -1 60 -1 60 -1 60 -1 60 -1 60 -1 60 -1 60 -1 60 -1 60 -1 60 -1 60 -1 60 -1 60 -1 -2
62 -1 60 -1 132 -1 60 -1 60 -1 60 -1 60 -1 60 -1 60 -1 60 -1 60 -1 60 -1 60 -1 60 -1 60 -1 60 -1 60 -1 60 -1 60 -1 60 -1 60 -1 60 -1 60 -1 60 -1 60 -1 60 -1 60 -1 60 -1 60 -1 60 -1 60 -1 60 -1 60 -1 60 -1 60 -1 60 -1 60 -1 60 -1 60 -1 60 -1 60 -1 60 -1 60 -1 60 -1 60 -1 60 -1 60 -1 60 -1 60 -1 60 -1 60 -1 60 -1 60 -1 60 -1 108 -1 60 -1 60 -1 60 -1 60 -1 60 -1 60 -1 60 -1 60 -1 60 -1 60 -1 60 -1 60 -1 60 -1 60 -1 60 -1 60 -1 60 -1 60 -1 60 -1 60 -1 60 -1 60 -1 60 -1 60 -1 60 -1 60 -1 60 -1 60 -1 60 -1 60 -1 60 -1 60 -1 60 -1 60 -1 60 -1 60 -1 60 -1 60 -1 60 -1 60 -1 60 -1 60 -1 60 -1 60 -1 60 -1 60 -1 60 -1 60 -1 108 -1 60 -1 60 -1 60 -1 60 -1 60 -1 60 -1 60 -1 60 -1 60 -1 60 -1 60 -1 60 -1 60 -1 60 -1 60 -1 60 -1 60 -1 60 -1 60 -1 60 -1 60 -1 60 -1 60 -1 60 -1 60 -1 60 -1 60 -1 60 -1 60 -1 60 -1 60 -1 60 -1 60 -1 60 -1 60 -1 60 -1 60 -1 60 -1 60 -1 60 -1 60 -1 60 -1 60 -1 60 -1 60 -1 60 -1 60 -1 60 -1 60 -1 60 -1 60 -1 60 -1 60 -1 60 -1 60 -1 60 -1 60 -1 60 -1 60 -1 60 -1 60 -1 60 -1 60 -1 60 -1 60 -1 60 -1 60 -1 60 -1 60 -1 60 -1 108 -1 60 -1 60 -1 60 -1 60 -1 60 -1 60 -1 60 -1 60 -1 60 -1 60 -1 60 -1 60 -1 60 -1 60 -1 60 -1 60 -1 60 -1 60 -1 60 -1 60 -1 60 -1 60 -1 60 -1 60 -1 60 -1 60 -1 60 -1 60 -1 60 -1 60 -1 60 -1 60 -1 60 -1 60 -1 60 -1 60 -1 60 -1 60 -1 60 -1 60 -1 60 -1 60 -1 60 -1 60 -1 60 -1 60 -1 60 -1 60 -1 60 -1 60 -1 60 -1 108 -1 60 -1 60 -1 60 -1 60 -1 60 -1 60 -1 60 -1 60 -1 60 -1 60 -1 60 -1 60 -1 60 -1 60 -1 60 -1 60 -1 60 -1 60 -1 60 -1 60 -1 60 -1 60 -1 60 -1 60 -1 60 -1 60 -1 60 -1 60 -1 60 -1 60 -1 60 -1 60 -1 60 -1 60 -1 60 -1 60 -1 60 -1 60 -1 60 -1 60 -1 60 -1 60 -1 60 -1 60 -1 60 -1 60 -1 60 -1 60 -1 60 -1 60 -1 60 -1 60 -1 60 -1 60 -1 60 -1 60 -1 60 -1 60 -1 60 -1 60 -1 60 -1 108 -1 60 -1 60 -1 60 -1 60 -1 60 -1 60 -1 60 -1 60 -1 60 -1 60 -1 60 -1 60 -1 60 -1 60 -1 60 -1 60 -1 60 -1 60 -1 60 -1 60 -1 60 -1 60 -1 60 -1 60 -1 60 -1 60 -1 60 -1 60 -1 60 -1 60 -1 60 -1 60 -1 60 -1 60 -1 60 -1 60 -1 60 -1 60 -1 60 -1 60 -1 60 -1 60 -1 -2
60 -1 60 -1 60 -1 60 -1 60 -1 60 -1 60 -1 60 -1 60 -1 60 -1 60 -1 60 -1 60 -1 60 -1 60 -1 60 -1 60 -1 60 -1 60 -1 60 -1 60 -1 60 -1 60 -1 60 -1 60 -1 60 -1 60 -1 60 -1 60 -1 60 -1 60 -1 60 -1 60 -1 60 -1 60 -1 60 -1 60 -1 60 -1 60 -1 60 -1 60 -1 60 -1 60 -1 60 -1 60 -1 60 -1 60 -1 60 -1 -2
62 -1 60 -1 162 -1 60 -1 60 -1 -2
62 -1 60 -1 146 -1 60 -1 60 -1 164 -1 60 -1 60 -1 60 -1 215 -1 60 -1 60 -1 60 -1 60 -1 212 -1 60 -1 60 -1 60 -1 60 -1 60 -1 60 -1 60 -1 60 -1 60 -1 -2
62 -1 60 -1 122 -1 60 -1 60 -1 60 -1 60 -1 60 -1 60 -1 60 -1 60 -1 60 -1 60 -1 60 -1 60 -1 60 -1 60 -1 60 -1 60 -1 60 -1 60 -1 60 -1 60 -1 -2
62 -1 60 -1 124 -1 60 -1 60 -1 60 -1 60 -1 113 -1 60 -1 60 -1 60 -1 -2
171 -1 171 -1 171 -1 171 -1 171 -1 171 -1 171 -1 171 -1 171 -1 171 -1 171 -1 162 -1 60 -1 171 -1 171 -1 171 -1 162 -1 60 -1 162 -1 60 -1 171 -1 162 -1 60 -1 162 -1 60 -1 162 -1 60 -1 171 -1 60 -1 171 -1 171 -1 171 -1 162 -1 60 -1 171 -1 171 -1 171 -1 60 -1 148 -1 149 -1 171 -1 171 -1 148 -1 148 -1 171 -1 171 -1 171 -1 171 -1 148 -1 171 -1 171 -1 171 -1 165 -1 60 -1 60 -1 60 -1 60 -1 60 -1 60 -1 60 -1 60 -1 60 -1 60 -1 60 -1 60 -1 60 -1 -2
60 -1 171 -1 171 -1 171 -1 171 -1 171 -1 171 -1 171 -1 60 -1 171 -1 171 -1 171 -1 171 -1 60 -1 171 -1 171 -1 171 -1 171 -1 171 -1 171 -1 171 -1 171 -1 171 -1 171 -1 171 -1 171 -1 60 -1 171 -1 60 -1 171 -1 60 -1 171 -1 171 -1 171 -1 171 -1 171 -1 171 -1 171 -1 171 -1 171 -1 171 -1 171 -1 171 -1 171 -1 171 -1 171 -1 171 -1 171 -1 171 -1 60 -1 171 -1 171 -1 171 -1 171 -1 171 -1 171 -1 171 -1 -2
62 -1 60 -1 171 -1 60 -1 171 -1 171 -1 171 -1 171 -1 60 -1 171 -1 175 -1 171 -1 171 -1 171 -1 60 -1 171 -1 171 -1 175 -1 60 -1 175 -1 171 -1 60 -1 171 -1 171 -1 171 -1 171 -1 171 -1 171 -1 171 -1 171 -1 171 -1 171 -1 60 -1 171 -1 60 -1 171 -1 171 -1 171 -1 171 -1 60 -1 171 -1 171 -1 171 -1 171 -1 -2
62 -1 60 -1 150 -1 60 -1 60 -1 60 -1 60 -1 60 -1 60 -1 60 -1 60 -1 60 -1 60 -1 60 -1 60 -1 -2
62 -1 60 -1 164 -1 60 -1 60 -1 131 -1 131 -1 131 -1 131 -1 60 -1 131 -1 60 -1 131 -1 131 -1 60 -1 131 -1 131 -1 132 -1 60 -1 144 -1 60 -1 60 -1 60 -1 60 -1 60 -1 60 -1 60 -1 60 -1 60 -1 60 -1 -2
60 -1 157 -1 60 -1 60 -1 60 -1 60 -1 157 -1 60 -1 60 -1 60 -1 60 -1 -2
62 -1 60 -1 182 -1 60 -1 60 -1 60 -1 158 -1 60 -1 158 -1 60 -1 60 -1 158 -1 60 -1 60 -1 156 -1 -2
60 -1 60 -1 60 -1 60 -1 60 -1 60 -1 60 -1 60 -1 60 -1 157 -1 60 -1 157 -1 60 -1 60 -1 60 -1 60 -1 60 -1 60 -1 60 -1 60 -1 60 -1 60 -1 60 -1 60 -1 60 -1 60 -1 60 -1 60 -1 60 -1 60 -1 60 -1 60 -1 60 -1 60 -1 60 -1 60 -1 60 -1 60 -1 60 -1 60 -1 60 -1 60 -1 157 -1 60 -1 157 -1 60 -1 60 -1 157 -1 60 -1 60 -1 60 -1 158 -1 60 -1 60 -1 158 -1 60 -1 158 -1 60 -1 60 -1 158 -1 60 -1 60 -1 -2
62 -1 60 -1 185 -1 60 -1 60 -1 -2
62 -1 60 -1 143 -1 60 -1 60 -1 -2
171 -1 162 -1 60 -1 171 -1 171 -1 171 -1 171 -1 171 -1 171 -1 60 -1 171 -1 171 -1 171 -1 171 -1 171 -1 171 -1 171 -1 148 -1 171 -1 171 -1 171 -1 171 -1 60 -1 171 -1 171 -1 171 -1 171 -1 171 -1 171 -1 171 -1 171 -1 171 -1 162 -1 60 -1 60 -1 60 -1 60 -1 60 -1 60 -1 60 -1 60 -1 171 -1 171 -1 162 -1 60 -1 171 -1 60 -1 171 -1 171 -1 171 -1 171 -1 171 -1 171 -1 60 -1 171 -1 171 -1 171 -1 148 -1 171 -1 171 -1 148 -1 171 -1 171 -1 148 -1 171 -1 171 -1 -2
62 -1 60 -1 175 -1 171 -1 171 -1 171 -1 171 -1 171 -1 171 -1 60 -1 175 -1 171 -1 171 -1 171 -1 171 -1 60 -1 171 -1 171 -1 171 -1 171 -1 171 -1 171 -1 171 -1 171 -1 60 -1 171 -1 171 -1 171 -1 171 -1 60 -1 171 -1 171 -1 171 -1 171 -1 171 -1 171 -1 171 -1 171 -1 171 -1 171 -1 171 -1 171 -1 60 -1 171 -1 60 -1 171 -1 171 -1 171 -1 171 -1 171 -1 171 -1 -2
60 -1 60 -1 60 -1 60 -1 60 -1 60 -1 60 -1 60 -1 60 -1 60 -1 60 -1 60 -1 60 -1 60 -1 60 -1 60 -1 60 -1 158 -1 60 -1 60 -1 60 -1 60 -1 157 -1 60 -1 60 -1 158 -1 60 -1 60 -1 60 -1 157 -1 60 -1 60 -1 -2
62 -1 60 -1 181 -1 60 -1 60 -1 158 -1 60 -1 60 -1 60 -1 158 -1 60 -1 158 -1 60 -1 60 -1 157 -1 60 -1 60 -1 156 -1 60 -1 60 -1 157 -1 60 -1 60 -1 60 -1 60 -1 60 -1 158 -1 60 -1 60 -1 60 -1 60 -1 60 -1 60 -1 60 -1 -2
62 -1 60 -1 164 -1 60 -1 60 -1 -2
62 -1 60 -1 156 -1 60 -1 60 -1 240 -1 140 -1 60 -1 60 -1 -2
62 -1 60 -1 186 -1 60 -1 60 -1 60 -1 60 -1 60 -1 60 -1 60 -1 60 -1 60 -1 60 -1 60 -1 60 -1 60 -1 60 -1 60 -1 60 -1 60 -1 60 -1 60 -1 60 -1 60 -1 60 -1 60 -1 60 -1 60 -1 60 -1 60 -1 60 -1 60 -1 60 -1 60 -1 60 -1 60 -1 60 -1 60 -1 60 -1 60 -1 60 -1 60 -1 60 -1 60 -1 60 -1 60 -1 60 -1 60 -1 60 -1 60 -1 60 -1 60 -1 60 -1 60 -1 60 -1 60 -1 60 -1 60 -1 60 -1 60 -1 60 -1 60 -1 60 -1 60 -1 60 -1 60 -1 60 -1 60 -1 60 -1 60 -1 60 -1 60 -1 60 -1 60 -1 60 -1 60 -1 60 -1 60 -1 60 -1 60 -1 -2
62 -1 60 -1 171 -1 171 -1 165 -1 60 -1 60 -1 60 -1 60 -1 60 -1 60 -1 60 -1 60 -1 60 -1 60 -1 60 -1 60 -1 60 -1 171 -1 60 -1 148 -1 161 -1 137 -1 171 -1 171 -1 162 -1 60 -1 171 -1 164 -1 60 -1 60 -1 60 -1 60 -1 60 -1 60 -1 60 -1 60 -1 60 -1 162 -1 60 -1 171 -1 162 -1 60 -1 174 -1 148 -1 161 -1 161 -1 141 -1 171 -1 60 -1 165 -1 60 -1 60 -1 60 -1 60 -1 60 -1 60 -1 60 -1 60 -1 60 -1 60 -1 60 -1 60 -1 60 -1 162 -1 60 -1 162 -1 60 -1 148 -1 171 -1 171 -1 148 -1 144 -1 -2
60 -1 60 -1 60 -1 60 -1 161 -1 60 -1 60 -1 60 -1 60 -1 60 -1 60 -1 60 -1 60 -1 60 -1 60 -1 60 -1 60 -1 60 -1 137 -1 162 -1 60 -1 148 -1 174 -1 60 -1 148 -1 145 -1 60 -1 60 -1 60 -1 149 -1 60 -1 162 -1 60 -1 162 -1 60 -1 144 -1 60 -1 60 -1 60 -1 60 -1 60 -1 144 -1 60 -1 60 -1 60 -1 60 -1 60 -1 60 -1 60 -1 60 -1 60 -1 60 -1 60 -1 60 -1 60 -1 149 -1 60 -1 60 -1 60 -1 60 -1 60 -1 60 -1 60 -1 60 -1 60 -1 60 -1 148 -1 167 -1 60 -1 60 -1 60 -1 60 -1 60 -1 60 -1 60 -1 60 -1 60 -1 60 -1 144 -1 60 -1 60 -1 60 -1 60 -1 60 -1 155 -1 60 -1 160 -1 60 -1 60 -1 60 -1 60 -1 60 -1 60 -1 60 -1 60 -1 60 -1 60 -1 148 -1 173 -1 148 -1 165 -1 60 -1 60 -1 60 -1 60 -1 60 -1 60 -1 60 -1 60 -1 60 -1 60 -1 60 -1 60 -1 165 -1 60 -1 60 -1 60 -1 60 -1 60 -1 60 -1 60 -1 60 -1 60 -1 60 -1 60 -1 60 -1 60 -1 141 -1 152 -1 60 -1 60 -1 60 -1 60 -1 60 -1 60 -1 60 -1 60 -1 60 -1 60 -1 60 -1 60 -1 158 -1 60 -1 144 -1 60 -1 60 -1 60 -1 60 -1 60 -1 60 -1 173 -1 171 -1 60 -1 169 -1 60 -1 60 -1 174 -1 142 -1 60 -1 60 -1 60 -1 60 -1 60 -1 60 -1 60 -1 60 -1 60 -1 60 -1 60 -1 172 -1 60 -1 173 -1 171 -1 -2
60 -1 60 -1 60 -1 60 -1 60 -1 60 -1 60 -1 60 -1 60 -1 60 -1 60 -1 60 -1 60 -1 136 -1 60 -1 171 -1 161 -1 155 -1 60 -1 136 -1 171 -1 161 -1 60 -1 175 -1 60 -1 60 -1 60 -1 60 -1 60 -1 60 -1 60 -1 60 -1 60 -1 60 -1 60 -1 171 -1 60 -1 158 -1 60 -1 171 -1 162 -1 171 -1 60 -1 162 -1 60 -1 148 -1 60 -1 171 -1 60 -1 144 -1 60 -1 60 -1 60 -1 60 -1 60 -1 162 -1 60 -1 148 -1 60 -1 60 -1 -2
62 -1 60 -1 162 -1 60 -1 171 -1 148 -1 60 -1 171 -1 148 -1 145 -1 60 -1 60 -1 162 -1 60 -1 148 -1 151 -1 60 -1 60 -1 60 -1 60 -1 60 -1 60 -1 60 -1 60 -1 60 -1 60 -1 60 -1 60 -1 60 -1 60 -1 60 -1 148 -1 162 -1 60 -1 162 -1 60 -1 171 -1 144 -1 60 -1 60 -1 60 -1 60 -1 171 -1 144 -1 60 -1 60 -1 60 -1 60 -1 60 -1 144 -1 60 -1 60 -1 60 -1 60 -1 148 -1 60 -1 144 -1 60 -1 60 -1 60 -1 60 -1 60 -1 152 -1 60 -1 60 -1 60 -1 60 -1 60 -1 60 -1 60 -1 60 -1 60 -1 162 -1 60 -1 60 -1 60 -1 60 -1 60 -1 60 -1 60 -1 148 -1 148 -1 171 -1 137 -1 171 -1 144 -1 60 -1 60 -1 60 -1 60 -1 60 -1 60 -1 60 -1 60 -1 60 -1 60 -1 60 -1 60 -1 60 -1 60 -1 60 -1 162 -1 148 -1 144 -1 60 -1 60 -1 60 -1 60 -1 60 -1 144 -1 60 -1 60 -1 60 -1 60 -1 60 -1 60 -1 144 -1 60 -1 60 -1 60 -1 60 -1 171 -1 155 -1 60 -1 171 -1 150 -1 60 -1 60 -1 60 -1 60 -1 60 -1 60 -1 60 -1 60 -1 60 -1 60 -1 60 -1 60 -1 60 -1 162 -1 60 -1 175 -1 60 -1 60 -1 60 -1 60 -1 60 -1 60 -1 60 -1 60 -1 60 -1 60 -1 60 -1 140 -1 60 -1 60 -1 171 -1 60 -1 175 -1 60 -1 60 -1 60 -1 60 -1 60 -1 60 -1 60 -1 60 -1 60 -1 60 -1 60 -1 60 -1 60 -1 -2
62 -1 60 -1 156 -1 187 -1 60 -1 140 -1 60 -1 140 -1 60 -1 140 -1 60 -1 140 -1 60 -1 140 -1 60 -1 140 -1 60 -1 140 -1 -2
62 -1 60 -1 156 -1 187 -1 60 -1 140 -1 60 -1 140 -1 60 -1 60 -1 -2
62 -1 60 -1 131 -1 60 -1 60 -1 -2
62 -1 60 -1 175 -1 171 -1 171 -1 171 -1 171 -1 171 -1 171 -1 171 -1 171 -1 171 -1 171 -1 162 -1 60 -1 148 -1 144 -1 60 -1 60 -1 60 -1 60 -1 60 -1 148 -1 144 -1 60 -1 60 -1 60 -1 60 -1 60 -1 60 -1 60 -1 -2
62 -1 60 -1 134 -1 60 -1 60 -1 60 -1 113 -1 60 -1 60 -1 100 -1 60 -1 60 -1 60 -1 113 -1 60 -1 60 -1 60 -1 -2
62 -1 60 -1 156 -1 60 -1 120 -1 60 -1 -2
60 -1 60 -1 60 -1 60 -1 60 -1 60 -1 60 -1 60 -1 60 -1 60 -1 60 -1 60 -1 60 -1 60 -1 60 -1 60 -1 60 -1 60 -1 60 -1 60 -1 60 -1 60 -1 60 -1 60 -1 60 -1 60 -1 60 -1 60 -1 60 -1 60 -1 60 -1 60 -1 60 -1 60 -1 60 -1 60 -1 60 -1 60 -1 60 -1 60 -1 60 -1 60 -1 60 -1 60 -1 60 -1 60 -1 -2
60 -1 60 -1 60 -1 60 -1 60 -1 60 -1 60 -1 60 -1 60 -1 60 -1 60 -1 60 -1 60 -1 60 -1 60 -1 60 -1 60 -1 60 -1 60 -1 60 -1 60 -1 60 -1 60 -1 60 -1 60 -1 60 -1 60 -1 60 -1 60 -1 60 -1 60 -1 60 -1 60 -1 60 -1 60 -1 60 -1 60 -1 60 -1 60 -1 60 -1 60 -1 60 -1 60 -1 60 -1 60 -1 60 -1 60 -1 60 -1 60 -1 60 -1 60 -1 60 -1 60 -1 60 -1 60 -1 -2
62 -1 60 -1 118 -1 60 -1 60 -1 60 -1 60 -1 60 -1 60 -1 60 -1 60 -1 60 -1 60 -1 60 -1 60 -1 60 -1 60 -1 60 -1 60 -1 60 -1 60 -1 60 -1 -2
118 -1 60 -1 121 -1 60 -1 117 -1 60 -1 117 -1 60 -1 131 -1 60 -1 151 -1 60 -1 152 -1 60 -1 150 -1 60 -1 60 -1 -2
60 -1 60 -1 60 -1 60 -1 60 -1 -2
62 -1 60 -1 176 -1 60 -1 172 -1 60 -1 172 -1 60 -1 172 -1 60 -1 172 -1 60 -1 172 -1 60 -1 172 -1 60 -1 172 -1 60 -1 172 -1 60 -1 172 -1 60 -1 172 -1 60 -1 163 -1 60 -1 149 -1 60 -1 145 -1 60 -1 60 -1 -2
62 -1 60 -1 198 -1 60 -1 60 -1 60 -1 60 -1 60 -1 60 -1 60 -1 60 -1 60 -1 60 -1 60 -1 60 -1 60 -1 60 -1 60 -1 60 -1 60 -1 60 -1 60 -1 60 -1 146 -1 60 -1 144 -1 60 -1 -2
62 -1 60 -1 175 -1 60 -1 171 -1 171 -1 171 -1 171 -1 171 -1 60 -1 171 -1 60 -1 171 -1 171 -1 171 -1 60 -1 175 -1 60 -1 171 -1 60 -1 162 -1 60 -1 149 -1 148 -1 165 -1 60 -1 60 -1 60 -1 60 -1 60 -1 60 -1 60 -1 60 -1 60 -1 60 -1 60 -1 60 -1 60 -1 174 -1 171 -1 171 -1 171 -1 171 -1 171 -1 60 -1 171 -1 162 -1 60 -1 148 -1 165 -1 60 -1 60 -1 60 -1 60 -1 60 -1 60 -1 60 -1 60 -1 60 -1 60 -1 60 -1 60 -1 60 -1 136 -1 60 -1 -2
62 -1 60 -1 171 -1 171 -1 171 -1 60 -1 171 -1 60 -1 60 -1 -2
62 -1 60 -1 164 -1 60 -1 60 -1 131 -1 60 -1 131 -1 60 -1 131 -1 131 -1 60 -1 131 -1 131 -1 131 -1 131 -1 131 -1 132 -1 60 -1 144 -1 60 -1 60 -1 60 -1 60 -1 60 -1 60 -1 60 -1 60 -1 60 -1 -2
60 -1 60 -1 60 -1 60 -1 60 -1 60 -1 60 -1 60 -1 158 -1 60 -1 60 -1 158 -1 60 -1 157 -1 60 -1 60 -1 60 -1 60 -1 157 -1 60 -1 60 -1 60 -1 60 -1 60 -1 60 -1 60 -1 60 -1 60 -1 60 -1 60 -1 60 -1 60 -1 60 -1 60 -1 60 -1 60 -1 60 -1 60 -1 60 -1 60 -1 60 -1 60 -1 60 -1 60 -1 60 -1 60 -1 60 -1 60 -1 60 -1 60 -1 60 -1 60 -1 60 -1 60 -1 60 -1 60 -1 60 -1 60 -1 60 -1 60 -1 60 -1 60 -1 60 -1 60 -1 60 -1 60 -1 60 -1 60 -1 60 -1 60 -1 60 -1 60 -1 60 -1 60 -1 60 -1 60 -1 60 -1 60 -1 60 -1 60 -1 60 -1 60 -1 60 -1 60 -1 60 -1 60 -1 60 -1 60 -1 60 -1 60 -1 60 -1 60 -1 60 -1 60 -1 60 -1 60 -1 60 -1 60 -1 60 -1 60 -1 60 -1 60 -1 60 -1 60 -1 60 -1 60 -1 60 -1 60 -1 60 -1 60 -1 60 -1 60 -1 60 -1 60 -1 60 -1 60 -1 60 -1 60 -1 60 -1 60 -1 60 -1 60 -1 60 -1 60 -1 60 -1 60 -1 60 -1 60 -1 60 -1 60 -1 60 -1 60 -1 60 -1 60 -1 60 -1 60 -1 60 -1 60 -1 60 -1 60 -1 60 -1 60 -1 60 -1 60 -1 60 -1 60 -1 60 -1 60 -1 60 -1 60 -1 60 -1 60 -1 60 -1 60 -1 60 -1 60 -1 60 -1 60 -1 60 -1 60 -1 60 -1 60 -1 60 -1 60 -1 60 -1 60 -1 60 -1 60 -1 60 -1 60 -1 60 -1 60 -1 60 -1 60 -1 60 -1 60 -1 60 -1 60 -1 60 -1 60 -1 60 -1 60 -1 60 -1 60 -1 60 -1 60 -1 60 -1 60 -1 -2
62 -1 60 -1 182 -1 60 -1 60 -1 60 -1 158 -1 60 -1 60 -1 158 -1 60 -1 156 -1 -2
62 -1 60 -1 175 -1 171 -1 171 -1 175 -1 218 -1 171 -1 175 -1 171 -1 171 -1 171 -1 171 -1 171 -1 171 -1 171 -1 171 -1 60 -1 171 -1 171 -1 60 -1 175 -1 171 -1 60 -1 171 -1 171 -1 60 -1 171 -1 175 -1 60 -1 171 -1 171 -1 60 -1 171 -1 171 -1 171 -1 171 -1 60 -1 171 -1 171 -1 171 -1 171 -1 171 -1 171 -1 171 -1 -2
60 -1 60 -1 60 -1 60 -1 60 -1 60 -1 60 -1 60 -1 60 -1 60 -1 60 -1 171 -1 60 -1 171 -1 171 -1 60 -1 171 -1 171 -1 171 -1 171 -1 171 -1 171 -1 155 -1 60 -1 171 -1 171 -1 60 -1 171 -1 171 -1 171 -1 171 -1 171 -1 171 -1 171 -1 60 -1 175 -1 60 -1 60 -1 60 -1 60 -1 60 -1 60 -1 60 -1 60 -1 60 -1 60 -1 60 -1 171 -1 171 -1 60 -1 171 -1 171 -1 171 -1 171 -1 171 -1 171 -1 171 -1 171 -1 60 -1 171 -1 171 -1 60 -1 171 -1 171 -1 171 -1 60 -1 171 -1 162 -1 60 -1 171 -1 171 -1 60 -1 -2
62 -1 60 -1 175 -1 171 -1 60 -1 171 -1 171 -1 175 -1 162 -1 60 -1 171 -1 60 -1 171 -1 175 -1 60 -1 171 -1 171 -1 60 -1 171 -1 171 -1 60 -1 171 -1 148 -1 171 -1 171 -1 60 -1 171 -1 171 -1 171 -1 171 -1 171 -1 171 -1 171 -1 171 -1 171 -1 171 -1 60 -1 171 -1 171 -1 171 -1 60 -1 171 -1 171 -1 171 -1 171 -1 162 -1 60 -1 171 -1 171 -1 171 -1 171 -1 171 -1 171 -1 60 -1 171 -1 171 -1 -2
62 -1 60 -1 141 -1 60 -1 60 -1 -2
62 -1 60 -1 185 -1 60 -1 60 -1 -2
62 -1 60 -1 182 -1 60 -1 60 -1 60 -1 158 -1 60 -1 60 -1 60 -1 60 -1 158 -1 60 -1 157 -1 60 -1 60 -1 60 -1 158 -1 60 -1 157 -1 60 -1 158 -1 60 -1 60 -1 158 -1 60 -1 157 -1 60 -1 60 -1 158 -1 60 -1 157 -1 60 -1 158 -1 60 -1 60 -1 158 -1 60 -1 158 -1 60 -1 157 -1 60 -1 -2
62 -1 60 -1 182 -1 60 -1 60 -1 60 -1 60 -1 158 -1 60 -1 157 -1 60 -1 60 -1 157 -1 60 -1 157 -1 60 -1 60 -1 60 -1 60 -1 60 -1 60 -1 60 -1 60 -1 60 -1 158 -1 60 -1 -2
60 -1 158 -1 60 -1 157 -1 60 -1 158 -1 60 -1 -2
60 -1 158 -1 60 -1 60 -1 158 -1 60 -1 60 -1 60 -1 60 -1 60 -1 158 -1 60 -1 60 -1 60 -1 60 -1 60 -1 -2
62 -1 60 -1 182 -1 60 -1 157 -1 60 -1 60 -1 157 -1 60 -1 158 -1 60 -1 60 -1 157 -1 60 -1 60 -1 60 -1 60 -1 60 -1 60 -1 60 -1 60 -1 158 -1 60 -1 60 -1 60 -1 60 -1 157 -1 60 -1 60 -1 158 -1 60 -1 -2
62 -1 60 -1 156 -1 60 -1 187 -1 60 -1 60 -1 -2
62 -1 60 -1 171 -1 171 -1 60 -1 171 -1 171 -1 148 -1 60 -1 171 -1 171 -1 171 -1 171 -1 60 -1 171 -1 171 -1 171 -1 162 -1 60 -1 171 -1 171 -1 60 -1 171 -1 171 -1 171 -1 60 -1 162 -1 60 -1 171 -1 148 -1 162 -1 60 -1 162 -1 60 -1 171 -1 60 -1 171 -1 162 -1 60 -1 162 -1 60 -1 148 -1 165 -1 60 -1 60 -1 60 -1 60 -1 60 -1 60 -1 60 -1 60 -1 60 -1 60 -1 60 -1 60 -1 148 -1 148 -1 148 -1 171 -1 148 -1 144 -1 60 -1 60 -1 60 -1 60 -1 148 -1 136 -1 60 -1 148 -1 148 -1 164 -1 60 -1 60 -1 60 -1 60 -1 60 -1 60 -1 60 -1 60 -1 60 -1 60 -1 60 -1 60 -1 60 -1 60 -1 60 -1 60 -1 60 -1 60 -1 60 -1 60 -1 60 -1 60 -1 60 -1 60 -1 60 -1 60 -1 60 -1 60 -1 60 -1 162 -1 -2
60 -1 132 -1 60 -1 132 -1 60 -1 132 -1 132 -1 132 -1 132 -1 132 -1 132 -1 132 -1 132 -1 132 -1 132 -1 132 -1 132 -1 132 -1 132 -1 60 -1 60 -1 -2
60 -1 162 -1 60 -1 60 -1 60 -1 60 -1 60 -1 60 -1 60 -1 60 -1 60 -1 60 -1 60 -1 60 -1 60 -1 60 -1 60 -1 60 -1 60 -1 60 -1 60 -1 60 -1 60 -1 60 -1 60 -1 60 -1 60 -1 60 -1 60 -1 162 -1 60 -1 60 -1 60 -1 60 -1 60 -1 60 -1 60 -1 60 -1 60 -1 60 -1 60 -1 60 -1 60 -1 60 -1 60 -1 60 -1 60 -1 60 -1 60 -1 60 -1 60 -1 60 -1 60 -1 60 -1 60 -1 60 -1 144 -1 60 -1 60 -1 60 -1 60 -1 171 -1 161 -1 148 -1 148 -1 60 -1 132 -1 136 -1 146 -1 60 -1 60 -1 60 -1 60 -1 60 -1 60 -1 60 -1 60 -1 60 -1 60 -1 162 -1 60 -1 161 -1 165 -1 60 -1 60 -1 60 -1 60 -1 60 -1 60 -1 60 -1 60 -1 60 -1 60 -1 60 -1 60 -1 152 -1 60 -1 60 -1 60 -1 60 -1 60 -1 60 -1 60 -1 60 -1 148 -1 146 -1 146 -1 60 -1 60 -1 60 -1 60 -1 60 -1 60 -1 60 -1 60 -1 60 -1 60 -1 60 -1 60 -1 161 -1 161 -1 60 -1 60 -1 60 -1 60 -1 60 -1 60 -1 60 -1 60 -1 60 -1 60 -1 173 -1 160 -1 60 -1 60 -1 60 -1 60 -1 60 -1 60 -1 60 -1 60 -1 60 -1 60 -1 144 -1 60 -1 60 -1 60 -1 60 -1 60 -1 150 -1 60 -1 60 -1 60 -1 60 -1 60 -1 60 -1 60 -1 60 -1 60 -1 60 -1 60 -1 60 -1 60 -1 60 -1 149 -1 60 -1 60 -1 60 -1 60 -1 60 -1 60 -1 60 -1 60 -1 60 -1 152 -1 60 -1 60 -1 60 -1 60 -1 60 -1 60 -1 60 -1 60 -1 60 -1 60 -1 60 -1 60 -1 60 -1 60 -1 155 -1 60 -1 175 -1 -2
60 -1 60 -1 60 -1 60 -1 60 -1 60 -1 60 -1 60 -1 60 -1 60 -1 60 -1 60 -1 132 -1 60 -1 -2
62 -1 60 -1 125 -1 60 -1 125 -1 60 -1 60 -1 -2
62 -1 60 -1 127 -1 60 -1 127 -1 60 -1 135 -1 60 -1 145 -1 60 -1 60 -1 -2
62 -1 60 -1 156 -1 60 -1 240 -1 140 -1 60 -1 140 -1 60 -1 140 -1 60 -1 140 -1 60 -1 140 -1 60 -1 140 -1 60 -1 140 -1 60 -1 -2
62 -1 60 -1 156 -1 187 -1 60 -1 60 -1 -2
62 -1 60 -1 156 -1 60 -1 240 -1 164 -1 60 -1 60 -1 -2
62 -1 60 -1 124 -1 60 -1 60 -1 60 -1 113 -1 60 -1 60 -1 60 -1 -2
60 -1 60 -1 60 -1 60 -1 60 -1 60 -1 60 -1 60 -1 60 -1 60 -1 60 -1 60 -1 -2
62 -1 60 -1 175 -1 175 -1 171 -1 171 -1 171 -1 218 -1 171 -1 60 -1 171 -1 171 -1 171 -1 171 -1 171 -1 171 -1 171 -1 60 -1 171 -1 171 -1 171 -1 175 -1 171 -1 171 -1 171 -1 171 -1 171 -1 171 -1 60 -1 171 -1 171 -1 60 -1 171 -1 171 -1 171 -1 171 -1 171 -1 171 -1 171 -1 60 -1 171 -1 171 -1 162 -1 60 -1 162 -1 60 -1 171 -1 60 -1 148 -1 171 -1 60 -1 161 -1 167 -1 -2
62 -1 60 -1 175 -1 171 -1 171 -1 171 -1 60 -1 171 -1 171 -1 171 -1 171 -1 171 -1 171 -1 171 -1 171 -1 171 -1 171 -1 60 -1 171 -1 171 -1 60 -1 171 -1 162 -1 60 -1 162 -1 60 -1 171 -1 148 -1 148 -1 171 -1 60 -1 144 -1 60 -1 60 -1 60 -1 60 -1 60 -1 60 -1 144 -1 60 -1 60 -1 60 -1 60 -1 60 -1 171 -1 148 -1 60 -1 171 -1 144 -1 60 -1 60 -1 60 -1 60 -1 60 -1 171 -1 60 -1 155 -1 60 -1 60 -1 60 -1 60 -1 60 -1 60 -1 60 -1 60 -1 162 -1 -2
62 -1 60 -1 175 -1 171 -1 171 -1 171 -1 171 -1 171 -1 171 -1 60 -1 171 -1 171 -1 60 -1 171 -1 171 -1 162 -1 60 -1 149 -1 148 -1 144 -1 60 -1 60 -1 60 -1 60 -1 60 -1 60 -1 -2
62 -1 60 -1 191 -1 60 -1 60 -1 60 -1 60 -1 60 -1 60 -1 132 -1 133 -1 133 -1 132 -1 133 -1 133 -1 132 -1 133 -1 60 -1 60 -1 -2
62 -1 60 -1 156 -1 60 -1 240 -1 140 -1 60 -1 140 -1 60 -1 140 -1 60 -1 60 -1 -2
127 -1 60 -1 127 -1 60 -1 127 -1 60 -1 127 -1 60 -1 127 -1 60 -1 135 -1 60 -1 145 -1 60 -1 60 -1 -2
62 -1 60 -1 128 -1 60 -1 60 -1 60 -1 60 -1 -2
175 -1 60 -1 175 -1 60 -1 175 -1 60 -1 166 -1 60 -1 152 -1 60 -1 148 -1 60 -1 60 -1 -2
62 -1 60 -1 175 -1 171 -1 171 -1 171 -1 60 -1 171 -1 171 -1 171 -1 171 -1 171 -1 171 -1 60 -1 171 -1 162 -1 60 -1 148 -1 165 -1 60 -1 60 -1 60 -1 60 -1 60 -1 60 -1 60 -1 60 -1 171 -1 171 -1 162 -1 60 -1 148 -1 144 -1 60 -1 60 -1 60 -1 60 -1 60 -1 158 -1 60 -1 60 -1 -2
62 -1 60 -1 169 -1 60 -1 60 -1 60 -1 60 -1 60 -1 60 -1 60 -1 60 -1 60 -1 60 -1 60 -1 60 -1 60 -1 60 -1 60 -1 60 -1 60 -1 60 -1 60 -1 60 -1 175 -1 171 -1 171 -1 60 -1 171 -1 171 -1 171 -1 171 -1 171 -1 171 -1 60 -1 60 -1 -2
62 -1 60 -1 156 -1 187 -1 60 -1 60 -1 -2
62 -1 60 -1 185 -1 60 -1 60 -1 60 -1 60 -1 60 -1 60 -1 132 -1 133 -1 133 -1 132 -1 133 -1 133 -1 132 -1 133 -1 60 -1 60 -1 -2
62 -1 60 -1 156 -1 187 -1 60 -1 60 -1 -2
62 -1 60 -1 175 -1 171 -1 171 -1 171 -1 60 -1 171 -1 171 -1 171 -1 171 -1 171 -1 171 -1 171 -1 162 -1 60 -1 148 -1 144 -1 60 -1 60 -1 60 -1 60 -1 171 -1 171 -1 60 -1 171 -1 171 -1 171 -1 60 -1 171 -1 162 -1 60 -1 149 -1 148 -1 144 -1 60 -1 60 -1 60 -1 60 -1 60 -1 136 -1 60 -1 60 -1 -2
62 -1 60 -1 118 -1 60 -1 60 -1 60 -1 60 -1 112 -1 60 -1 60 -1 60 -1 60 -1 113 -1 60 -1 60 -1 60 -1 60 -1 60 -1 60 -1 60 -1 60 -1 60 -1 60 -1 60 -1 60 -1 60 -1 60 -1 60 -1 60 -1 111 -1 60 -1 60 -1 60 -1 60 -1 60 -1 60 -1 60 -1 60 -1 60 -1 60 -1 60 -1 60 -1 60 -1 60 -1 60 -1 60 -1 60 -1 60 -1 60 -1 110 -1 110 -1 110 -1 110 -1 110 -1 110 -1 110 -1 60 -1 110 -1 110 -1 110 -1 60 -1 60 -1 -2
62 -1 60 -1 175 -1 175 -1 171 -1 171 -1 171 -1 171 -1 171 -1 171 -1 171 -1 171 -1 171 -1 171 -1 60 -1 171 -1 171 -1 171 -1 171 -1 162 -1 60 -1 148 -1 165 -1 60 -1 60 -1 60 -1 60 -1 60 -1 60 -1 60 -1 60 -1 60 -1 60 -1 60 -1 60 -1 60 -1 60 -1 -2
62 -1 60 -1 151 -1 60 -1 147 -1 60 -1 147 -1 60 -1 147 -1 60 -1 147 -1 60 -1 147 -1 60 -1 147 -1 60 -1 147 -1 147 -1 147 -1 60 -1 147 -1 60 -1 147 -1 60 -1 147 -1 147 -1 138 -1 60 -1 124 -1 60 -1 151 -1 60 -1 120 -1 147 -1 60 -1 -2
60 -1 121 -1 60 -1 147 -1 60 -1 147 -1 60 -1 147 -1 60 -1 147 -1 60 -1 147 -1 60 -1 131 -1 147 -1 60 -1 151 -1 147 -1 60 -1 147 -1 60 -1 138 -1 60 -1 124 -1 60 -1 150 -1 60 -1 -2
62 -1 60 -1 151 -1 60 -1 147 -1 60 -1 147 -1 60 -1 147 -1 60 -1 147 -1 60 -1 147 -1 60 -1 147 -1 60 -1 147 -1 60 -1 147 -1 60 -1 138 -1 60 -1 124 -1 60 -1 147 -1 60 -1 60 -1 -2
60 -1 60 -1 60 -1 60 -1 60 -1 60 -1 60 -1 146 -1 60 -1 60 -1 60 -1 60 -1 60 -1 60 -1 60 -1 60 -1 60 -1 60 -1 60 -1 60 -1 172 -1 60 -1 172 -1 60 -1 172 -1 60 -1 142 -1 60 -1 60 -1 60 -1 60 -1 60 -1 60 -1 60 -1 60 -1 60 -1 60 -1 60 -1 156 -1 60 -1 172 -1 60 -1 172 -1 60 -1 172 -1 60 -1 163 -1 60 -1 149 -1 175 -1 60 -1 -2
62 -1 60 -1 176 -1 60 -1 172 -1 60 -1 172 -1 60 -1 172 -1 60 -1 172 -1 60 -1 172 -1 60 -1 172 -1 60 -1 172 -1 60 -1 172 -1 60 -1 172 -1 60 -1 163 -1 60 -1 163 -1 60 -1 149 -1 60 -1 176 -1 60 -1 145 -1 60 -1 60 -1 60 -1 60 -1 172 -1 143 -1 60 -1 60 -1 60 -1 -2
62 -1 60 -1 156 -1 60 -1 60 -1 364 -1 191 -1 60 -1 60 -1 -2
62 -1 60 -1 171 -1 175 -1 171 -1 171 -1 171 -1 60 -1 171 -1 162 -1 60 -1 171 -1 149 -1 171 -1 171 -1 171 -1 171 -1 60 -1 171 -1 60 -1 171 -1 171 -1 171 -1 60 -1 171 -1 171 -1 171 -1 171 -1 162 -1 60 -1 148 -1 171 -1 144 -1 60 -1 60 -1 60 -1 60 -1 162 -1 162 -1 60 -1 158 -1 148 -1 60 -1 144 -1 60 -1 60 -1 60 -1 60 -1 -2
62 -1 60 -1 145 -1 60 -1 60 -1 60 -1 60 -1 60 -1 172 -1 60 -1 142 -1 60 -1 60 -1 60 -1 60 -1 60 -1 60 -1 60 -1 60 -1 60 -1 60 -1 60 -1 60 -1 60 -1 172 -1 60 -1 172 -1 60 -1 176 -1 60 -1 60 -1 60 -1 60 -1 60 -1 60 -1 60 -1 60 -1 60 -1 60 -1 60 -1 177 -1 60 -1 165 -1 60 -1 60 -1 60 -1 60 -1 60 -1 60 -1 60 -1 60 -1 60 -1 60 -1 60 -1 60 -1 60 -1 60 -1 60 -1 60 -1 60 -1 60 -1 60 -1 60 -1 60 -1 60 -1 60 -1 60 -1 60 -1 60 -1 60 -1 60 -1 60 -1 60 -1 -2
62 -1 60 -1 116 -1 60 -1 116 -1 60 -1 116 -1 60 -1 124 -1 60 -1 120 -1 60 -1 127 -1 60 -1 120 -1 60 -1 127 -1 60 -1 120 -1 60 -1 126 -1 60 -1 120 -1 60 -1 -2
62 -1 60 -1 119 -1 60 -1 60 -1 60 -1 60 -1 60 -1 60 -1 60 -1 119 -1 60 -1 60 -1 60 -1 60 -1 60 -1 60 -1 60 -1 60 -1 60 -1 60 -1 60 -1 119 -1 60 -1 60 -1 60 -1 60 -1 60 -1 60 -1 60 -1 60 -1 127 -1 60 -1 123 -1 60 -1 130 -1 60 -1 60 -1 60 -1 123 -1 60 -1 130 -1 60 -1 60 -1 60 -1 60 -1 123 -1 60 -1 129 -1 60 -1 60 -1 60 -1 123 -1 60 -1 129 -1 60 -1 60 -1 -2
62 -1 60 -1 171 -1 60 -1 175 -1 175 -1 171 -1 171 -1 171 -1 60 -1 171 -1 171 -1 60 -1 162 -1 60 -1 171 -1 162 -1 60 -1 171 -1 175 -1 60 -1 175 -1 171 -1 171 -1 60 -1 171 -1 171 -1 60 -1 171 -1 171 -1 171 -1 171 -1 148 -1 60 -1 171 -1 149 -1 171 -1 60 -1 175 -1 171 -1 171 -1 60 -1 171 -1 171 -1 -2
60 -1 60 -1 60 -1 60 -1 60 -1 -2
60 -1 60 -1 60 -1 60 -1 60 -1 -2
