14 -1 10 -1 14 -1 -2
14 -1 14 -1 14 -1 14 -1 14 -1 14 -1 14 -1 14 -1 14 -1 14 -1 14 -1 14 -1 14 -1 14 -1 14 -1 14 -1 14 -1 14 -1 14 -1 14 -1 14 -1 14 -1 14 -1 14 -1 14 -1 14 -1 14 -1 14 -1 14 -1 14 -1 14 -1 14 -1 14 -1 -2
14 -1 14 -1 14 -1 14 -1 -2
14 -1 14 -1 14 -1 14 -1 14 -1 14 -1 14 -1 -2
14 -1 14 -1 14 -1 -2
13 -1 13 -1 -2
14 -1 14 -1 -2
14 -1 14 -1 14 -1 14 -1 -2
13 -1 -2
11 -1 -2
11 -1 -2
14 -1 -2
14 -1 14 -1 14 -1 14 -1 14 -1 14 -1 14 -1 14 -1 14 -1 14 -1 14 -1 14 -1 14 -1 14 -1 14 -1 14 -1 14 -1 14 -1 14 -1 14 -1 14 -1 14 -1 14 -1 14 -1 14 -1 14 -1 14 -1 14 -1 14 -1 14 -1 14 -1 14 -1 14 -1 14 -1 14 -1 14 -1 14 -1 14 -1 14 -1 14 -1 14 -1 14 -1 14 -1 14 -1 14 -1 14 -1 14 -1 14 -1 14 -1 14 -1 14 -1 14 -1 14 -1 14 -1 14 -1 14 -1 14 -1 14 -1 14 -1 14 -1 14 -1 14 -1 14 -1 14 -1 14 -1 14 -1 14 -1 14 -1 14 -1 14 -1 14 -1 14 -1 14 -1 14 -1 14 -1 14 -1 14 -1 14 -1 14 -1 14 -1 14 -1 14 -1 14 -1 14 -1 14 -1 14 -1 14 -1 14 -1 14 -1 14 -1 -2
14 -1 14 -1 -2
14 -1 -2
14 -1 14 -1 14 -1 14 -1 14 -1 14 -1 14 -1 14 -1 14 -1 14 -1 14 -1 14 -1 14 -1 14 -1 14 -1 14 -1 -2
13 -1 14 -1 14 -1 13 -1 14 -1 14 -1 14 -1 14 -1 14 -1 14 -1 14 -1 14 -1 14 -1 13 -1 13 -1 14 -1 14 -1 14 -1 14 -1 14 -1 14 -1 14 -1 14 -1 14 -1 14 -1 14 -1 14 -1 -2
11 -1 -2
11 -1 -2
13 -1 -2
