62 -1 60 -1 60 -1 60 -1 60 -1 -2
66 -1 62 -1 60 -1 60 -1 60 -1 -2
66 -1 60 -1 60 -1 60 -1 60 -1 -2
66 -1 60 -1 60 -1 60 -1 60 -1 60 -1 60 -1 -2
66 -1 62 -1 60 -1 60 -1 60 -1 -2
66 -1 60 -1 60 -1 60 -1 60 -1 -2
62 -1 60 -1 60 -1 60 -1 60 -1 -2
66 -1 60 -1 60 -1 60 -1 60 -1 60 -1 -2
66 -1 62 -1 60 -1 60 -1 60 -1 -2
66 -1 60 -1 60 -1 60 -1 60 -1 -2
66 -1 60 -1 60 -1 60 -1 60 -1 -2
66 -1 60 -1 60 -1 60 -1 60 -1 60 -1 -2
66 -1 60 -1 60 -1 60 -1 60 -1 -2
66 -1 62 -1 60 -1 60 -1 60 -1 60 -1 -2
66 -1 60 -1 60 -1 60 -1 60 -1 60 -1 60 -1 60 -1 -2
66 -1 60 -1 60 -1 60 -1 60 -1 -2
66 -1 60 -1 60 -1 60 -1 60 -1 60 -1 -2
66 -1 62 -1 60 -1 60 -1 60 -1 -2
66 -1 62 -1 60 -1 60 -1 60 -1 60 -1 -2
66 -1 60 -1 60 -1 60 -1 60 -1 -2
66 -1 62 -1 60 -1 60 -1 60 -1 -2
66 -1 60 -1 60 -1 60 -1 60 -1 -2
66 -1 60 -1 60 -1 60 -1 60 -1 -2
66 -1 60 -1 60 -1 60 -1 60 -1 -2
66 -1 62 -1 60 -1 60 -1 60 -1 60 -1 -2
66 -1 60 -1 60 -1 60 -1 60 -1 -2
66 -1 62 -1 60 -1 60 -1 60 -1 -2
66 -1 60 -1 70 -1 60 -1 60 -1 60 -1 -2
66 -1 62 -1 60 -1 60 -1 60 -1 -2
62 -1 60 -1 60 -1 60 -1 60 -1 -2
66 -1 60 -1 60 -1 60 -1 60 -1 -2
66 -1 62 -1 60 -1 60 -1 60 -1 -2
62 -1 60 -1 60 -1 60 -1 60 -1 60 -1 -2
66 -1 62 -1 62 -1 60 -1 60 -1 60 -1 -2
66 -1 62 -1 60 -1 60 -1 60 -1 -2
66 -1 62 -1 60 -1 60 -1 60 -1 -2
66 -1 60 -1 60 -1 60 -1 60 -1 -2
66 -1 62 -1 60 -1 60 -1 60 -1 -2
66 -1 60 -1 60 -1 60 -1 60 -1 -2
66 -1 60 -1 60 -1 60 -1 60 -1 60 -1 60 -1 -2
66 -1 62 -1 60 -1 60 -1 60 -1 -2
66 -1 60 -1 60 -1 60 -1 60 -1 -2
66 -1 62 -1 60 -1 60 -1 60 -1 60 -1 -2
66 -1 62 -1 60 -1 60 -1 60 -1 -2
66 -1 62 -1 60 -1 60 -1 60 -1 60 -1 -2
66 -1 60 -1 60 -1 60 -1 60 -1 -2
66 -1 62 -1 60 -1 60 -1 60 -1 -2
66 -1 62 -1 60 -1 60 -1 60 -1 -2
66 -1 62 -1 60 -1 60 -1 60 -1 60 -1 -2
66 -1 60 -1 60 -1 60 -1 60 -1 -2
66 -1 60 -1 60 -1 60 -1 60 -1 -2
66 -1 62 -1 60 -1 60 -1 60 -1 -2
66 -1 62 -1 60 -1 60 -1 60 -1 -2
66 -1 62 -1 60 -1 60 -1 60 -1 -2
66 -1 60 -1 60 -1 60 -1 60 -1 -2
66 -1 62 -1 60 -1 60 -1 60 -1 60 -1 -2
66 -1 62 -1 60 -1 60 -1 60 -1 60 -1 -2
66 -1 60 -1 60 -1 60 -1 60 -1 60 -1 -2
66 -1 62 -1 60 -1 60 -1 60 -1 60 -1 -2
66 -1 60 -1 60 -1 60 -1 60 -1 -2
66 -1 60 -1 60 -1 60 -1 60 -1 -2
66 -1 60 -1 60 -1 60 -1 60 -1 -2
66 -1 60 -1 70 -1 60 -1 60 -1 -2
66 -1 62 -1 60 -1 60 -1 60 -1 -2
66 -1 60 -1 60 -1 60 -1 60 -1 -2
66 -1 60 -1 60 -1 60 -1 60 -1 -2
66 -1 60 -1 70 -1 60 -1 60 -1 -2
66 -1 60 -1 60 -1 60 -1 60 -1 -2
66 -1 62 -1 60 -1 60 -1 60 -1 -2
66 -1 62 -1 60 -1 60 -1 60 -1 60 -1 -2
66 -1 60 -1 70 -1 60 -1 60 -1 -2
66 -1 60 -1 70 -1 60 -1 70 -1 70 -1 60 -1 60 -1 -2
66 -1 60 -1 60 -1 60 -1 60 -1 60 -1 -2
66 -1 62 -1 60 -1 60 -1 60 -1 60 -1 -2
66 -1 60 -1 60 -1 60 -1 60 -1 -2
66 -1 60 -1 60 -1 60 -1 60 -1 -2
66 -1 62 -1 60 -1 60 -1 60 -1 -2
66 -1 62 -1 60 -1 60 -1 60 -1 -2
66 -1 62 -1 62 -1 60 -1 60 -1 60 -1 -2
66 -1 62 -1 60 -1 60 -1 60 -1 -2
66 -1 60 -1 60 -1 60 -1 60 -1 60 -1 -2
66 -1 62 -1 60 -1 60 -1 60 -1 -2
66 -1 60 -1 60 -1 60 -1 60 -1 -2
66 -1 62 -1 60 -1 60 -1 60 -1 -2
66 -1 60 -1 60 -1 60 -1 60 -1 -2
78 -1 78 -1 78 -1 78 -1 78 -1 78 -1 78 -1 78 -1 78 -1 78 -1 78 -1 78 -1 78 -1 78 -1 78 -1 78 -1 78 -1 78 -1 78 -1 78 -1 78 -1 78 -1 78 -1 78 -1 78 -1 78 -1 78 -1 -2
