130 -1 130 -1 130 -1 130 -1 130 -1 130 -1 130 -1 130 -1 130 -1 130 -1 130 -1 130 -1 130 -1 130 -1 130 -1 130 -1 130 -1 130 -1 130 -1 130 -1 130 -1 130 -1 130 -1 130 -1 130 -1 130 -1 130 -1 130 -1 130 -1 130 -1 130 -1 130 -1 130 -1 130 -1 130 -1 130 -1 130 -1 130 -1 130 -1 130 -1 130 -1 130 -1 130 -1 130 -1 130 -1 114 -1 130 -1 130 -1 130 -1 130 -1 130 -1 130 -1 130 -1 130 -1 130 -1 130 -1 130 -1 130 -1 130 -1 130 -1 130 -1 130 -1 130 -1 130 -1 130 -1 130 -1 130 -1 130 -1 130 -1 130 -1 130 -1 130 -1 130 -1 130 -1 -2
74 -1 66 -1 1514 -1 123 -1 125 -1 540 -1 103 -1 66 -1 66 -1 -2
74 -1 66 -1 1514 -1 123 -1 125 -1 476 -1 103 -1 66 -1 66 -1 -2
74 -1 66 -1 1514 -1 123 -1 125 -1 476 -1 103 -1 66 -1 66 -1 -2
74 -1 66 -1 1514 -1 123 -1 125 -1 540 -1 103 -1 66 -1 66 -1 -2
74 -1 66 -1 1514 -1 123 -1 125 -1 476 -1 103 -1 66 -1 66 -1 -2
74 -1 66 -1 1514 -1 123 -1 125 -1 476 -1 103 -1 66 -1 66 -1 -2
74 -1 66 -1 1514 -1 123 -1 125 -1 540 -1 103 -1 66 -1 66 -1 -2
74 -1 66 -1 1514 -1 123 -1 125 -1 476 -1 103 -1 66 -1 66 -1 -2
74 -1 66 -1 1514 -1 123 -1 66 -1 125 -1 540 -1 103 -1 66 -1 66 -1 -2
74 -1 66 -1 1514 -1 123 -1 66 -1 125 -1 476 -1 103 -1 66 -1 66 -1 -2
74 -1 66 -1 1514 -1 123 -1 125 -1 540 -1 103 -1 66 -1 66 -1 -2
74 -1 66 -1 1514 -1 123 -1 125 -1 476 -1 103 -1 66 -1 66 -1 -2
74 -1 66 -1 1514 -1 123 -1 125 -1 476 -1 103 -1 66 -1 66 -1 -2
74 -1 66 -1 1514 -1 123 -1 125 -1 476 -1 103 -1 66 -1 66 -1 -2
74 -1 66 -1 1514 -1 123 -1 125 -1 540 -1 103 -1 66 -1 66 -1 -2
74 -1 66 -1 1514 -1 123 -1 125 -1 476 -1 103 -1 66 -1 66 -1 -2
74 -1 66 -1 1514 -1 123 -1 66 -1 125 -1 540 -1 103 -1 66 -1 66 -1 -2
74 -1 66 -1 1514 -1 123 -1 125 -1 476 -1 103 -1 66 -1 66 -1 -2
74 -1 66 -1 1514 -1 123 -1 125 -1 540 -1 103 -1 66 -1 66 -1 -2
74 -1 66 -1 1514 -1 123 -1 66 -1 125 -1 476 -1 103 -1 66 -1 66 -1 -2
74 -1 66 -1 1514 -1 123 -1 66 -1 125 -1 476 -1 103 -1 66 -1 66 -1 -2
74 -1 66 -1 1514 -1 123 -1 66 -1 125 -1 476 -1 103 -1 66 -1 66 -1 -2
74 -1 66 -1 1514 -1 123 -1 125 -1 540 -1 103 -1 66 -1 66 -1 -2
74 -1 66 -1 1514 -1 123 -1 125 -1 540 -1 103 -1 66 -1 66 -1 -2
74 -1 66 -1 1514 -1 123 -1 125 -1 476 -1 103 -1 66 -1 66 -1 -2
74 -1 66 -1 1514 -1 123 -1 66 -1 125 -1 540 -1 103 -1 66 -1 66 -1 -2
74 -1 66 -1 1514 -1 123 -1 125 -1 476 -1 103 -1 66 -1 66 -1 -2
74 -1 66 -1 1514 -1 123 -1 125 -1 476 -1 103 -1 66 -1 66 -1 -2
74 -1 66 -1 1514 -1 123 -1 125 -1 66 -1 604 -1 103 -1 66 -1 66 -1 -2
74 -1 66 -1 1514 -1 123 -1 125 -1 66 -1 540 -1 103 -1 66 -1 -2
74 -1 66 -1 1514 -1 123 -1 125 -1 66 -1 476 -1 103 -1 66 -1 -2
74 -1 66 -1 1514 -1 123 -1 125 -1 540 -1 103 -1 66 -1 66 -1 -2
74 -1 66 -1 1514 -1 123 -1 125 -1 476 -1 103 -1 66 -1 66 -1 -2
74 -1 66 -1 1514 -1 123 -1 66 -1 125 -1 476 -1 103 -1 66 -1 66 -1 -2
74 -1 66 -1 1514 -1 123 -1 125 -1 476 -1 103 -1 66 -1 66 -1 -2
74 -1 66 -1 1514 -1 123 -1 125 -1 476 -1 103 -1 66 -1 66 -1 -2
74 -1 66 -1 1514 -1 123 -1 66 -1 125 -1 540 -1 103 -1 66 -1 66 -1 -2
74 -1 66 -1 1514 -1 123 -1 66 -1 125 -1 476 -1 103 -1 66 -1 66 -1 -2
74 -1 66 -1 1514 -1 123 -1 66 -1 125 -1 476 -1 103 -1 66 -1 66 -1 -2
