62 -1 60 -1 821 -1 60 -1 60 -1 -2
62 -1 60 -1 347 -1 60 -1 60 -1 -2
62 -1 60 -1 685 -1 60 -1 60 -1 -2
62 -1 60 -1 685 -1 60 -1 60 -1 -2
62 -1 60 -1 685 -1 60 -1 60 -1 -2
62 -1 60 -1 980 -1 60 -1 60 -1 -2
62 -1 60 -1 685 -1 60 -1 60 -1 -2
62 -1 60 -1 685 -1 60 -1 60 -1 -2
62 -1 60 -1 685 -1 60 -1 60 -1 -2
62 -1 60 -1 1011 -1 60 -1 60 -1 -2
62 -1 60 -1 685 -1 60 -1 60 -1 -2
62 -1 60 -1 821 -1 60 -1 60 -1 -2
62 -1 60 -1 685 -1 60 -1 60 -1 -2
62 -1 60 -1 1011 -1 60 -1 60 -1 -2
62 -1 60 -1 60 -1 980 -1 60 -1 -2
62 -1 60 -1 685 -1 60 -1 60 -1 -2
62 -1 60 -1 685 -1 60 -1 60 -1 -2
62 -1 60 -1 685 -1 60 -1 60 -1 -2
62 -1 60 -1 685 -1 60 -1 60 -1 -2
