60 -1 60 -1 60 -1 550 -1 60 -1 60 -1 -2
60 -1 60 -1 562 -1 521 -1 519 -1 60 -1 60 -1 60 -1 -2
60 -1 60 -1 60 -1 571 -1 60 -1 60 -1 -2
60 -1 60 -1 60 -1 569 -1 60 -1 60 -1 60 -1 -2
60 -1 60 -1 60 -1 548 -1 60 -1 60 -1 60 -1 -2
60 -1 60 -1 60 -1 521 -1 522 -1 524 -1 543 -1 60 -1 -2
60 -1 60 -1 60 -1 690 -1 60 -1 60 -1 -2
60 -1 60 -1 60 -1 545 -1 60 -1 60 -1 -2
60 -1 60 -1 60 -1 566 -1 60 -1 60 -1 60 -1 -2
60 -1 60 -1 60 -1 523 -1 524 -1 526 -1 60 -1 60 -1 60 -1 -2
60 -1 60 -1 60 -1 632 -1 60 -1 60 -1 -2
