74 -1 66 -1 310 -1 66 -1 66 -1 66 -1 66 -1 66 -1 66 -1 66 -1 -2
74 -1 66 -1 310 -1 66 -1 66 -1 66 -1 66 -1 66 -1 66 -1 66 -1 -2
74 -1 66 -1 311 -1 66 -1 66 -1 66 -1 66 -1 66 -1 66 -1 66 -1 -2
74 -1 66 -1 310 -1 66 -1 66 -1 66 -1 66 -1 66 -1 66 -1 66 -1 -2
74 -1 66 -1 311 -1 66 -1 66 -1 66 -1 66 -1 66 -1 66 -1 66 -1 -2
74 -1 66 -1 311 -1 66 -1 66 -1 66 -1 66 -1 66 -1 66 -1 66 -1 -2
74 -1 66 -1 310 -1 66 -1 66 -1 66 -1 66 -1 66 -1 66 -1 66 -1 -2
74 -1 66 -1 311 -1 66 -1 66 -1 66 -1 66 -1 66 -1 66 -1 66 -1 -2
74 -1 66 -1 311 -1 66 -1 66 -1 66 -1 66 -1 66 -1 66 -1 66 -1 66 -1 66 -1 66 -1 -2
74 -1 66 -1 311 -1 66 -1 66 -1 66 -1 66 -1 66 -1 66 -1 66 -1 -2
74 -1 66 -1 311 -1 66 -1 66 -1 66 -1 66 -1 66 -1 66 -1 66 -1 -2
74 -1 66 -1 311 -1 66 -1 66 -1 66 -1 66 -1 66 -1 66 -1 66 -1 -2
74 -1 66 -1 309 -1 66 -1 66 -1 66 -1 66 -1 66 -1 66 -1 66 -1 -2
74 -1 66 -1 310 -1 66 -1 66 -1 66 -1 66 -1 66 -1 66 -1 66 -1 -2
74 -1 66 -1 311 -1 66 -1 66 -1 66 -1 66 -1 66 -1 66 -1 66 -1 -2
74 -1 66 -1 309 -1 66 -1 66 -1 66 -1 66 -1 66 -1 66 -1 66 -1 -2
74 -1 66 -1 310 -1 66 -1 66 -1 66 -1 66 -1 66 -1 66 -1 66 -1 -2
74 -1 66 -1 309 -1 66 -1 66 -1 66 -1 66 -1 66 -1 66 -1 66 -1 -2
74 -1 66 -1 312 -1 66 -1 66 -1 66 -1 66 -1 66 -1 66 -1 66 -1 66 -1 66 -1 66 -1 -2
74 -1 66 -1 311 -1 66 -1 66 -1 66 -1 66 -1 66 -1 66 -1 66 -1 -2
74 -1 66 -1 310 -1 66 -1 66 -1 66 -1 66 -1 66 -1 66 -1 66 -1 -2
74 -1 66 -1 311 -1 66 -1 66 -1 66 -1 66 -1 66 -1 66 -1 66 -1 -2
74 -1 66 -1 310 -1 66 -1 66 -1 66 -1 66 -1 66 -1 66 -1 66 -1 -2
66 -1 310 -1 66 -1 66 -1 66 -1 66 -1 66 -1 66 -1 66 -1 -2
74 -1 66 -1 309 -1 66 -1 66 -1 66 -1 66 -1 66 -1 66 -1 66 -1 -2
74 -1 66 -1 310 -1 66 -1 66 -1 66 -1 66 -1 66 -1 66 -1 66 -1 -2
74 -1 66 -1 310 -1 66 -1 66 -1 66 -1 66 -1 66 -1 66 -1 66 -1 -2
74 -1 66 -1 310 -1 66 -1 66 -1 66 -1 66 -1 66 -1 66 -1 66 -1 -2
74 -1 66 -1 311 -1 66 -1 66 -1 66 -1 66 -1 66 -1 66 -1 66 -1 66 -1 66 -1 66 -1 -2
74 -1 66 -1 311 -1 66 -1 66 -1 66 -1 66 -1 66 -1 66 -1 66 -1 -2
74 -1 66 -1 307 -1 66 -1 66 -1 66 -1 66 -1 66 -1 66 -1 66 -1 66 -1 66 -1 66 -1 -2
74 -1 66 -1 311 -1 66 -1 66 -1 66 -1 66 -1 66 -1 66 -1 66 -1 -2
74 -1 66 -1 308 -1 66 -1 66 -1 66 -1 66 -1 66 -1 66 -1 66 -1 66 -1 66 -1 66 -1 -2
74 -1 66 -1 307 -1 66 -1 66 -1 66 -1 66 -1 66 -1 66 -1 66 -1 66 -1 66 -1 66 -1 -2
74 -1 66 -1 310 -1 66 -1 66 -1 66 -1 66 -1 66 -1 66 -1 66 -1 -2
74 -1 66 -1 310 -1 66 -1 66 -1 66 -1 66 -1 66 -1 66 -1 66 -1 -2
74 -1 66 -1 310 -1 66 -1 66 -1 66 -1 66 -1 66 -1 66 -1 66 -1 -2
