62 -1 60 -1 507 -1 60 -1 60 -1 -2
62 -1 60 -1 508 -1 60 -1 60 -1 -2
62 -1 60 -1 878 -1 60 -1 60 -1 -2
62 -1 60 -1 879 -1 60 -1 60 -1 -2
62 -1 60 -1 879 -1 60 -1 60 -1 -2
62 -1 60 -1 878 -1 60 -1 60 -1 -2
62 -1 60 -1 987 -1 60 -1 60 -1 -2
62 -1 60 -1 507 -1 60 -1 60 -1 -2
62 -1 60 -1 507 -1 60 -1 60 -1 -2
62 -1 60 -1 507 -1 60 -1 60 -1 -2
62 -1 60 -1 879 -1 60 -1 60 -1 -2
62 -1 60 -1 507 -1 60 -1 60 -1 -2
62 -1 60 -1 878 -1 60 -1 60 -1 -2
62 -1 60 -1 507 -1 60 -1 60 -1 -2
62 -1 60 -1 877 -1 60 -1 60 -1 -2
62 -1 60 -1 878 -1 60 -1 60 -1 -2
62 -1 60 -1 507 -1 60 -1 60 -1 -2
62 -1 60 -1 507 -1 60 -1 60 -1 -2
62 -1 60 -1 60 -1 1388 -1 60 -1 60 -1 -2
62 -1 60 -1 60 -1 1386 -1 60 -1 60 -1 -2
62 -1 60 -1 432 -1 60 -1 60 -1 -2
62 -1 60 -1 878 -1 60 -1 60 -1 -2
62 -1 60 -1 508 -1 60 -1 60 -1 -2
62 -1 60 -1 508 -1 60 -1 60 -1 -2
62 -1 60 -1 879 -1 60 -1 60 -1 -2
62 -1 60 -1 576 -1 60 -1 60 -1 -2
62 -1 60 -1 508 -1 60 -1 60 -1 -2
62 -1 60 -1 878 -1 60 -1 60 -1 -2
62 -1 60 -1 508 -1 60 -1 60 -1 -2
62 -1 60 -1 507 -1 60 -1 60 -1 62 -1 60 -1 878 -1 60 -1 60 -1 -2
62 -1 60 -1 878 -1 60 -1 60 -1 -2
62 -1 60 -1 506 -1 60 -1 60 -1 -2
