92 -1 92 -1 92 -1 92 -1 92 -1 92 -1 -2
60 -1 60 -1 60 -1 60 -1 60 -1 -2
60 -1 60 -1 60 -1 60 -1 60 -1 60 -1 -2
60 -1 60 -1 60 -1 60 -1 60 -1 -2
60 -1 60 -1 60 -1 60 -1 60 -1 60 -1 103 -1 60 -1 60 -1 60 -1 60 -1 60 -1 60 -1 -2
60 -1 60 -1 60 -1 60 -1 60 -1 60 -1 103 -1 -2
60 -1 60 -1 60 -1 60 -1 60 -1 60 -1 -2
62 -1 60 -1 118 -1 60 -1 60 -1 60 -1 60 -1 60 -1 60 -1 111 -1 60 -1 60 -1 60 -1 60 -1 -2
62 -1 60 -1 117 -1 103 -1 60 -1 60 -1 60 -1 60 -1 60 -1 60 -1 60 -1 60 -1 60 -1 60 -1 60 -1 60 -1 60 -1 60 -1 93 -1 103 -1 60 -1 60 -1 60 -1 60 -1 60 -1 60 -1 60 -1 60 -1 60 -1 60 -1 60 -1 60 -1 60 -1 60 -1 93 -1 103 -1 60 -1 60 -1 60 -1 60 -1 60 -1 60 -1 60 -1 60 -1 60 -1 60 -1 60 -1 60 -1 60 -1 60 -1 60 -1 -2
62 -1 60 -1 153 -1 60 -1 153 -1 60 -1 60 -1 156 -1 60 -1 156 -1 60 -1 156 -1 60 -1 156 -1 60 -1 156 -1 60 -1 156 -1 60 -1 156 -1 60 -1 156 -1 60 -1 156 -1 60 -1 156 -1 60 -1 156 -1 60 -1 156 -1 60 -1 60 -1 153 -1 60 -1 60 -1 153 -1 60 -1 60 -1 -2
62 -1 60 -1 153 -1 60 -1 60 -1 153 -1 60 -1 60 -1 156 -1 60 -1 156 -1 60 -1 156 -1 60 -1 156 -1 60 -1 156 -1 60 -1 156 -1 60 -1 156 -1 60 -1 156 -1 60 -1 156 -1 60 -1 156 -1 60 -1 156 -1 60 -1 156 -1 60 -1 60 -1 153 -1 60 -1 153 -1 60 -1 153 -1 60 -1 153 -1 60 -1 153 -1 60 -1 153 -1 60 -1 153 -1 60 -1 60 -1 -2
62 -1 60 -1 112 -1 60 -1 60 -1 60 -1 60 -1 60 -1 60 -1 60 -1 60 -1 60 -1 60 -1 60 -1 60 -1 60 -1 60 -1 60 -1 60 -1 60 -1 60 -1 60 -1 60 -1 60 -1 60 -1 60 -1 60 -1 60 -1 60 -1 60 -1 60 -1 60 -1 60 -1 60 -1 60 -1 60 -1 113 -1 60 -1 60 -1 60 -1 60 -1 60 -1 60 -1 112 -1 112 -1 112 -1 112 -1 111 -1 112 -1 112 -1 60 -1 60 -1 -2
62 -1 60 -1 124 -1 60 -1 60 -1 60 -1 60 -1 60 -1 60 -1 60 -1 60 -1 60 -1 60 -1 60 -1 60 -1 60 -1 60 -1 60 -1 60 -1 60 -1 60 -1 60 -1 60 -1 60 -1 60 -1 60 -1 60 -1 60 -1 60 -1 60 -1 -2
62 -1 60 -1 121 -1 60 -1 60 -1 -2
62 -1 60 -1 130 -1 60 -1 60 -1 60 -1 60 -1 60 -1 60 -1 60 -1 60 -1 60 -1 60 -1 60 -1 60 -1 60 -1 60 -1 60 -1 60 -1 60 -1 60 -1 60 -1 60 -1 60 -1 60 -1 60 -1 60 -1 60 -1 60 -1 60 -1 60 -1 60 -1 60 -1 60 -1 60 -1 60 -1 60 -1 60 -1 165 -1 60 -1 165 -1 60 -1 174 -1 162 -1 167 -1 174 -1 162 -1 167 -1 174 -1 162 -1 167 -1 174 -1 162 -1 167 -1 174 -1 162 -1 167 -1 169 -1 162 -1 166 -1 60 -1 158 -1 60 -1 60 -1 60 -1 60 -1 60 -1 60 -1 60 -1 60 -1 60 -1 60 -1 60 -1 60 -1 60 -1 60 -1 60 -1 60 -1 60 -1 60 -1 60 -1 60 -1 60 -1 60 -1 60 -1 60 -1 174 -1 60 -1 162 -1 167 -1 174 -1 162 -1 167 -1 174 -1 162 -1 167 -1 174 -1 162 -1 167 -1 174 -1 162 -1 167 -1 174 -1 162 -1 167 -1 169 -1 162 -1 166 -1 60 -1 189 -1 60 -1 60 -1 60 -1 60 -1 60 -1 60 -1 60 -1 60 -1 60 -1 60 -1 60 -1 60 -1 60 -1 60 -1 60 -1 60 -1 174 -1 162 -1 167 -1 169 -1 162 -1 166 -1 60 -1 155 -1 60 -1 60 -1 60 -1 60 -1 60 -1 60 -1 60 -1 60 -1 60 -1 60 -1 179 -1 60 -1 60 -1 60 -1 60 -1 60 -1 60 -1 60 -1 60 -1 60 -1 60 -1 157 -1 60 -1 60 -1 -2
62 -1 60 -1 166 -1 60 -1 60 -1 60 -1 -2
62 -1 60 -1 113 -1 60 -1 60 -1 60 -1 60 -1 60 -1 60 -1 60 -1 60 -1 60 -1 60 -1 60 -1 60 -1 60 -1 60 -1 60 -1 60 -1 60 -1 60 -1 60 -1 60 -1 60 -1 60 -1 60 -1 60 -1 60 -1 60 -1 60 -1 60 -1 60 -1 60 -1 66 -1 66 -1 66 -1 60 -1 60 -1 60 -1 60 -1 60 -1 60 -1 60 -1 60 -1 60 -1 60 -1 60 -1 60 -1 60 -1 60 -1 60 -1 60 -1 113 -1 60 -1 60 -1 60 -1 60 -1 60 -1 60 -1 112 -1 112 -1 112 -1 112 -1 111 -1 112 -1 112 -1 60 -1 60 -1 -2
62 -1 60 -1 145 -1 60 -1 60 -1 -2
62 -1 60 -1 133 -1 60 -1 60 -1 -2
62 -1 60 -1 150 -1 60 -1 60 -1 60 -1 60 -1 60 -1 60 -1 60 -1 60 -1 60 -1 60 -1 60 -1 60 -1 60 -1 60 -1 60 -1 60 -1 60 -1 60 -1 60 -1 -2
62 -1 60 -1 127 -1 60 -1 60 -1 -2
62 -1 60 -1 135 -1 60 -1 60 -1 60 -1 60 -1 -2
62 -1 60 -1 113 -1 60 -1 60 -1 114 -1 60 -1 60 -1 -2
62 -1 60 -1 113 -1 60 -1 60 -1 60 -1 60 -1 -2
62 -1 60 -1 115 -1 60 -1 91 -1 60 -1 -2
62 -1 60 -1 207 -1 60 -1 174 -1 60 -1 60 -1 60 -1 60 -1 177 -1 60 -1 60 -1 167 -1 60 -1 129 -1 60 -1 147 -1 60 -1 60 -1 60 -1 -2
62 -1 60 -1 112 -1 60 -1 60 -1 60 -1 60 -1 60 -1 60 -1 60 -1 60 -1 60 -1 60 -1 60 -1 60 -1 60 -1 60 -1 60 -1 60 -1 60 -1 60 -1 60 -1 60 -1 60 -1 60 -1 60 -1 60 -1 60 -1 60 -1 60 -1 60 -1 60 -1 60 -1 60 -1 60 -1 60 -1 60 -1 60 -1 60 -1 60 -1 60 -1 60 -1 60 -1 60 -1 113 -1 60 -1 60 -1 60 -1 60 -1 60 -1 60 -1 112 -1 112 -1 112 -1 112 -1 111 -1 112 -1 112 -1 60 -1 60 -1 -2
62 -1 60 -1 127 -1 60 -1 60 -1 60 -1 60 -1 60 -1 60 -1 -2
60 -1 60 -1 60 -1 60 -1 103 -1 60 -1 60 -1 60 -1 60 -1 60 -1 60 -1 -2
103 -1 60 -1 60 -1 60 -1 60 -1 94 -1 60 -1 60 -1 60 -1 60 -1 60 -1 60 -1 60 -1 60 -1 60 -1 60 -1 60 -1 -2
62 -1 60 -1 144 -1 60 -1 60 -1 60 -1 60 -1 60 -1 60 -1 60 -1 60 -1 60 -1 60 -1 60 -1 132 -1 133 -1 133 -1 132 -1 133 -1 133 -1 132 -1 133 -1 128 -1 60 -1 60 -1 60 -1 60 -1 60 -1 133 -1 128 -1 60 -1 60 -1 60 -1 60 -1 60 -1 60 -1 236 -1 60 -1 60 -1 60 -1 60 -1 60 -1 60 -1 132 -1 133 -1 133 -1 132 -1 133 -1 133 -1 132 -1 133 -1 132 -1 133 -1 133 -1 132 -1 133 -1 133 -1 132 -1 133 -1 128 -1 60 -1 60 -1 60 -1 60 -1 60 -1 60 -1 60 -1 -2
62 -1 60 -1 156 -1 132 -1 133 -1 137 -1 60 -1 133 -1 60 -1 60 -1 60 -1 60 -1 60 -1 60 -1 60 -1 129 -1 60 -1 60 -1 60 -1 60 -1 60 -1 60 -1 60 -1 60 -1 126 -1 60 -1 60 -1 60 -1 60 -1 60 -1 60 -1 121 -1 60 -1 60 -1 60 -1 60 -1 127 -1 60 -1 60 -1 60 -1 60 -1 60 -1 126 -1 132 -1 132 -1 60 -1 132 -1 132 -1 60 -1 131 -1 131 -1 60 -1 60 -1 -2
62 -1 60 -1 113 -1 60 -1 60 -1 114 -1 60 -1 60 -1 -2
62 -1 60 -1 148 -1 60 -1 60 -1 60 -1 60 -1 60 -1 60 -1 60 -1 60 -1 60 -1 60 -1 60 -1 -2
62 -1 60 -1 112 -1 60 -1 60 -1 60 -1 60 -1 -2
