60 -1 60 -1 646 -1 60 -1 60 -1 -2
60 -1 60 -1 630 -1 60 -1 60 -1 -2
60 -1 60 -1 646 -1 60 -1 60 -1 -2
60 -1 60 -1 646 -1 60 -1 60 -1 -2
60 -1 60 -1 646 -1 60 -1 60 -1 -2
60 -1 60 -1 692 -1 60 -1 60 -1 -2
60 -1 60 -1 646 -1 60 -1 60 -1 -2
60 -1 60 -1 686 -1 60 -1 60 -1 -2
60 -1 60 -1 646 -1 60 -1 60 -1 -2
60 -1 60 -1 646 -1 60 -1 60 -1 -2
60 -1 60 -1 646 -1 60 -1 60 -1 -2
60 -1 60 -1 598 -1 60 -1 60 -1 -2
60 -1 60 -1 630 -1 60 -1 60 -1 -2
60 -1 60 -1 702 -1 60 -1 60 -1 -2
60 -1 60 -1 692 -1 60 -1 60 -1 -2
60 -1 60 -1 646 -1 60 -1 60 -1 -2
60 -1 60 -1 646 -1 60 -1 60 -1 -2
60 -1 60 -1 646 -1 60 -1 60 -1 -2
60 -1 60 -1 602 -1 60 -1 60 -1 -2
60 -1 60 -1 632 -1 60 -1 60 -1 -2
60 -1 60 -1 628 -1 60 -1 60 -1 -2
60 -1 60 -1 646 -1 60 -1 60 -1 -2
