62 -1 60 -1 564 -1 60 -1 60 -1 -2
62 -1 60 -1 879 -1 60 -1 60 -1 -2
62 -1 60 -1 508 -1 60 -1 60 -1 -2
62 -1 60 -1 507 -1 60 -1 60 -1 -2
62 -1 60 -1 879 -1 60 -1 60 -1 -2
62 -1 60 -1 508 -1 60 -1 60 -1 -2
62 -1 60 -1 878 -1 60 -1 60 -1 -2
62 -1 60 -1 508 -1 60 -1 60 -1 62 -1 60 -1 879 -1 60 -1 60 -1 62 -1 60 -1 508 -1 60 -1 60 -1 -2
62 -1 60 -1 508 -1 60 -1 60 -1 -2
62 -1 60 -1 879 -1 60 -1 60 -1 -2
62 -1 60 -1 507 -1 60 -1 60 -1 -2
62 -1 60 -1 507 -1 60 -1 60 -1 -2
62 -1 60 -1 507 -1 60 -1 60 -1 -2
62 -1 60 -1 1007 -1 60 -1 60 -1 -2
62 -1 60 -1 879 -1 60 -1 60 -1 -2
62 -1 60 -1 588 -1 60 -1 60 -1 -2
62 -1 60 -1 507 -1 60 -1 60 -1 -2
62 -1 60 -1 878 -1 60 -1 60 -1 -2
62 -1 60 -1 876 -1 60 -1 60 -1 -2
62 -1 60 -1 508 -1 60 -1 60 -1 -2
62 -1 60 -1 507 -1 60 -1 60 -1 -2
62 -1 60 -1 508 -1 60 -1 60 -1 -2
62 -1 60 -1 507 -1 60 -1 60 -1 -2
62 -1 60 -1 609 -1 60 -1 60 -1 -2
62 -1 60 -1 879 -1 60 -1 60 -1 -2
62 -1 60 -1 878 -1 60 -1 60 -1 62 -1 60 -1 508 -1 60 -1 60 -1 62 -1 60 -1 879 -1 60 -1 60 -1 -2
62 -1 60 -1 508 -1 60 -1 60 -1 -2
62 -1 60 -1 507 -1 60 -1 60 -1 -2
62 -1 60 -1 878 -1 60 -1 60 -1 -2
62 -1 60 -1 508 -1 60 -1 60 -1 -2
62 -1 60 -1 508 -1 60 -1 60 -1 -2
62 -1 60 -1 508 -1 60 -1 60 -1 -2
62 -1 60 -1 508 -1 60 -1 60 -1 -2
62 -1 60 -1 878 -1 60 -1 60 -1 -2
62 -1 60 -1 508 -1 60 -1 60 -1 -2
62 -1 60 -1 580 -1 60 -1 60 -1 -2
62 -1 60 -1 507 -1 60 -1 60 -1 -2
62 -1 60 -1 644 -1 60 -1 60 -1 -2
62 -1 60 -1 507 -1 60 -1 60 -1 -2
62 -1 60 -1 878 -1 60 -1 60 -1 -2
62 -1 60 -1 505 -1 60 -1 60 -1 -2
62 -1 60 -1 506 -1 60 -1 60 -1 62 -1 60 -1 877 -1 60 -1 60 -1 -2
62 -1 60 -1 878 -1 60 -1 60 -1 -2
62 -1 60 -1 507 -1 60 -1 60 -1 -2
62 -1 60 -1 879 -1 60 -1 60 -1 -2
62 -1 60 -1 523 -1 60 -1 60 -1 -2
62 -1 60 -1 506 -1 60 -1 60 -1 -2
62 -1 60 -1 508 -1 60 -1 60 -1 -2
62 -1 60 -1 507 -1 60 -1 60 -1 -2
62 -1 60 -1 507 -1 60 -1 60 -1 -2
62 -1 60 -1 878 -1 60 -1 60 -1 -2
