62 -1 62 -1 62 -1 60 -1 380 -1 60 -1 -2
62 -1 60 -1 380 -1 60 -1 60 -1 60 -1 -2
62 -1 62 -1 60 -1 615 -1 60 -1 60 -1 60 -1 -2
62 -1 60 -1 659 -1 60 -1 60 -1 60 -1 -2
62 -1 60 -1 615 -1 60 -1 60 -1 60 -1 -2
62 -1 60 -1 377 -1 60 -1 60 -1 60 -1 -2
62 -1 60 -1 380 -1 60 -1 60 -1 60 -1 -2
62 -1 60 -1 380 -1 60 -1 60 -1 60 -1 -2
62 -1 60 -1 380 -1 60 -1 60 -1 60 -1 -2
62 -1 60 -1 377 -1 60 -1 60 -1 60 -1 -2
62 -1 380 -1 60 -1 60 -1 60 -1 -2
62 -1 60 -1 380 -1 60 -1 60 -1 60 -1 -2
62 -1 60 -1 380 -1 60 -1 60 -1 60 -1 -2
62 -1 60 -1 377 -1 60 -1 60 -1 60 -1 -2
62 -1 60 -1 380 -1 60 -1 60 -1 60 -1 -2
62 -1 60 -1 377 -1 60 -1 60 -1 60 -1 -2
62 -1 60 -1 377 -1 60 -1 60 -1 60 -1 -2
