62 -1 54 -1 254 -1 252 -1 251 -1 54 -1 346 -1 128 -1 640 -1 640 -1 54 -1 640 -1 54 -1 640 -1 1514 -1 1514 -1 1288 -1 144 -1 54 -1 54 -1 54 -1 54 -1 54 -1 54 -1 54 -1 54 -1 54 -1 54 -1 54 -1 54 -1 54 -1 640 -1 54 -1 54 -1 54 -1 54 -1 54 -1 54 -1 54 -1 54 -1 54 -1 54 -1 54 -1 54 -1 54 -1 640 -1 640 -1 54 -1 -2
62 -1 54 -1 264 -1 252 -1 251 -1 54 -1 346 -1 128 -1 54 -1 640 -1 640 -1 54 -1 640 -1 54 -1 640 -1 1514 -1 1514 -1 1288 -1 144 -1 54 -1 54 -1 54 -1 54 -1 54 -1 54 -1 54 -1 54 -1 54 -1 54 -1 54 -1 54 -1 54 -1 54 -1 54 -1 54 -1 54 -1 54 -1 54 -1 54 -1 54 -1 54 -1 54 -1 54 -1 640 -1 640 -1 640 -1 -2
62 -1 54 -1 258 -1 252 -1 251 -1 54 -1 346 -1 128 -1 54 -1 640 -1 640 -1 54 -1 640 -1 54 -1 640 -1 1514 -1 1514 -1 1288 -1 144 -1 54 -1 54 -1 54 -1 54 -1 54 -1 54 -1 54 -1 54 -1 54 -1 54 -1 54 -1 54 -1 54 -1 54 -1 54 -1 54 -1 54 -1 54 -1 54 -1 54 -1 640 -1 640 -1 640 -1 -2
62 -1 54 -1 266 -1 252 -1 267 -1 54 -1 346 -1 128 -1 640 -1 640 -1 640 -1 54 -1 640 -1 1514 -1 1514 -1 1288 -1 144 -1 54 -1 54 -1 54 -1 54 -1 54 -1 54 -1 54 -1 54 -1 54 -1 54 -1 54 -1 54 -1 54 -1 54 -1 54 -1 54 -1 54 -1 54 -1 640 -1 640 -1 640 -1 -2
62 -1 54 -1 252 -1 252 -1 251 -1 54 -1 346 -1 128 -1 640 -1 640 -1 54 -1 640 -1 54 -1 640 -1 1514 -1 1514 -1 1288 -1 144 -1 54 -1 54 -1 54 -1 54 -1 54 -1 54 -1 54 -1 54 -1 54 -1 54 -1 54 -1 54 -1 54 -1 54 -1 54 -1 54 -1 54 -1 54 -1 54 -1 640 -1 54 -1 54 -1 54 -1 54 -1 54 -1 54 -1 54 -1 54 -1 54 -1 54 -1 54 -1 54 -1 54 -1 54 -1 54 -1 54 -1 640 -1 640 -1 -2
62 -1 54 -1 257 -1 252 -1 251 -1 54 -1 346 -1 128 -1 54 -1 640 -1 640 -1 640 -1 54 -1 640 -1 1514 -1 1514 -1 1288 -1 144 -1 54 -1 54 -1 54 -1 54 -1 54 -1 54 -1 54 -1 54 -1 54 -1 54 -1 54 -1 54 -1 54 -1 54 -1 54 -1 54 -1 54 -1 54 -1 54 -1 54 -1 54 -1 54 -1 54 -1 54 -1 54 -1 54 -1 54 -1 54 -1 640 -1 640 -1 640 -1 -2
62 -1 54 -1 268 -1 252 -1 267 -1 54 -1 346 -1 128 -1 640 -1 640 -1 54 -1 640 -1 54 -1 640 -1 1514 -1 1514 -1 1288 -1 144 -1 54 -1 54 -1 54 -1 54 -1 54 -1 54 -1 54 -1 54 -1 54 -1 54 -1 54 -1 54 -1 54 -1 54 -1 54 -1 54 -1 54 -1 640 -1 640 -1 640 -1 -2
62 -1 54 -1 268 -1 252 -1 267 -1 54 -1 346 -1 128 -1 54 -1 640 -1 640 -1 54 -1 640 -1 54 -1 640 -1 1514 -1 1514 -1 1288 -1 144 -1 54 -1 54 -1 54 -1 54 -1 54 -1 54 -1 54 -1 54 -1 54 -1 54 -1 54 -1 54 -1 54 -1 54 -1 54 -1 54 -1 54 -1 54 -1 54 -1 54 -1 54 -1 54 -1 54 -1 54 -1 54 -1 54 -1 54 -1 54 -1 640 -1 640 -1 640 -1 -2
62 -1 54 -1 256 -1 252 -1 251 -1 54 -1 346 -1 54 -1 128 -1 54 -1 640 -1 640 -1 54 -1 640 -1 54 -1 640 -1 1514 -1 1514 -1 1288 -1 144 -1 54 -1 54 -1 54 -1 54 -1 54 -1 54 -1 54 -1 54 -1 54 -1 54 -1 54 -1 54 -1 54 -1 54 -1 54 -1 54 -1 54 -1 54 -1 54 -1 54 -1 54 -1 640 -1 640 -1 640 -1 -2
62 -1 54 -1 261 -1 252 -1 251 -1 54 -1 346 -1 128 -1 640 -1 640 -1 640 -1 640 -1 1514 -1 1514 -1 1288 -1 144 -1 54 -1 54 -1 54 -1 54 -1 54 -1 54 -1 54 -1 54 -1 54 -1 54 -1 54 -1 54 -1 54 -1 54 -1 54 -1 54 -1 54 -1 54 -1 640 -1 640 -1 640 -1 54 -1 -2
62 -1 54 -1 271 -1 252 -1 267 -1 54 -1 346 -1 54 -1 128 -1 54 -1 640 -1 640 -1 54 -1 640 -1 54 -1 640 -1 1514 -1 1514 -1 1288 -1 144 -1 54 -1 54 -1 54 -1 54 -1 54 -1 54 -1 54 -1 54 -1 54 -1 54 -1 54 -1 54 -1 54 -1 54 -1 54 -1 54 -1 54 -1 54 -1 54 -1 54 -1 54 -1 640 -1 640 -1 640 -1 -2
62 -1 54 -1 269 -1 252 -1 267 -1 54 -1 346 -1 54 -1 128 -1 54 -1 640 -1 640 -1 640 -1 54 -1 640 -1 1514 -1 1514 -1 1288 -1 144 -1 54 -1 54 -1 54 -1 54 -1 54 -1 54 -1 54 -1 54 -1 54 -1 54 -1 54 -1 54 -1 54 -1 54 -1 54 -1 54 -1 54 -1 54 -1 640 -1 640 -1 640 -1 -2
640 -1 54 -1 640 -1 54 -1 54 -1 -2
