62 -1 60 -1 508 -1 60 -1 60 -1 -2
62 -1 60 -1 508 -1 60 -1 60 -1 -2
62 -1 60 -1 879 -1 60 -1 60 -1 -2
62 -1 60 -1 508 -1 60 -1 60 -1 -2
62 -1 60 -1 507 -1 60 -1 60 -1 -2
62 -1 60 -1 506 -1 60 -1 60 -1 -2
62 -1 60 -1 508 -1 60 -1 60 -1 -2
62 -1 60 -1 507 -1 60 -1 60 -1 -2
62 -1 60 -1 878 -1 60 -1 60 -1 -2
62 -1 60 -1 507 -1 60 -1 60 -1 -2
62 -1 60 -1 506 -1 60 -1 60 -1 -2
62 -1 60 -1 507 -1 60 -1 60 -1 -2
62 -1 60 -1 878 -1 60 -1 60 -1 -2
62 -1 60 -1 507 -1 60 -1 60 -1 -2
62 -1 60 -1 507 -1 60 -1 60 -1 -2
62 -1 60 -1 507 -1 60 -1 60 -1 -2
62 -1 60 -1 508 -1 60 -1 60 -1 -2
62 -1 60 -1 508 -1 60 -1 60 -1 -2
62 -1 60 -1 508 -1 60 -1 60 -1 -2
62 -1 60 -1 878 -1 60 -1 60 -1 -2
62 -1 60 -1 879 -1 60 -1 60 -1 -2
62 -1 60 -1 507 -1 60 -1 60 -1 -2
62 -1 60 -1 878 -1 60 -1 60 -1 -2
62 -1 60 -1 644 -1 60 -1 60 -1 -2
62 -1 60 -1 878 -1 60 -1 60 -1 -2
62 -1 60 -1 508 -1 60 -1 60 -1 -2
62 -1 60 -1 507 -1 60 -1 60 -1 -2
62 -1 60 -1 508 -1 60 -1 60 -1 -2
62 -1 60 -1 878 -1 60 -1 60 -1 -2
62 -1 60 -1 508 -1 60 -1 60 -1 -2
62 -1 60 -1 506 -1 60 -1 60 -1 -2
62 -1 60 -1 507 -1 60 -1 60 -1 -2
62 -1 60 -1 877 -1 60 -1 60 -1 -2
62 -1 60 -1 878 -1 60 -1 60 -1 -2
62 -1 60 -1 507 -1 60 -1 60 -1 -2
62 -1 60 -1 878 -1 60 -1 60 -1 -2
62 -1 60 -1 507 -1 60 -1 60 -1 -2
62 -1 60 -1 878 -1 60 -1 60 -1 -2
62 -1 60 -1 60 -1 1367 -1 60 -1 60 -1 -2
62 -1 60 -1 508 -1 60 -1 60 -1 -2
62 -1 60 -1 508 -1 60 -1 60 -1 -2
62 -1 60 -1 506 -1 60 -1 60 -1 -2
62 -1 60 -1 508 -1 60 -1 60 -1 -2
62 -1 60 -1 879 -1 60 -1 60 -1 -2
62 -1 60 -1 508 -1 60 -1 60 -1 -2
62 -1 60 -1 507 -1 60 -1 60 -1 -2
62 -1 60 -1 879 -1 60 -1 60 -1 -2
62 -1 60 -1 877 -1 60 -1 60 -1 -2
62 -1 60 -1 508 -1 60 -1 60 -1 -2
62 -1 60 -1 507 -1 60 -1 60 -1 -2
62 -1 60 -1 507 -1 60 -1 60 -1 -2
62 -1 60 -1 507 -1 60 -1 60 -1 -2
62 -1 60 -1 878 -1 60 -1 60 -1 -2
62 -1 60 -1 507 -1 60 -1 60 -1 -2
62 -1 60 -1 508 -1 60 -1 60 -1 -2
62 -1 60 -1 878 -1 60 -1 60 -1 -2
62 -1 60 -1 508 -1 60 -1 60 -1 -2
62 -1 60 -1 507 -1 60 -1 60 -1 -2
62 -1 60 -1 508 -1 60 -1 60 -1 -2
62 -1 60 -1 508 -1 60 -1 60 -1 -2
62 -1 60 -1 506 -1 60 -1 60 -1 -2
62 -1 60 -1 508 -1 60 -1 60 -1 -2
62 -1 60 -1 506 -1 60 -1 60 -1 -2
62 -1 60 -1 879 -1 60 -1 60 -1 -2
62 -1 60 -1 508 -1 60 -1 60 -1 -2
62 -1 60 -1 877 -1 60 -1 60 -1 -2
62 -1 60 -1 507 -1 60 -1 60 -1 -2
62 -1 60 -1 506 -1 60 -1 60 -1 -2
62 -1 60 -1 507 -1 60 -1 60 -1 -2
62 -1 60 -1 506 -1 60 -1 60 -1 -2
62 -1 60 -1 507 -1 60 -1 60 -1 -2
62 -1 60 -1 878 -1 60 -1 60 -1 -2
62 -1 60 -1 508 -1 60 -1 60 -1 -2
62 -1 60 -1 508 -1 60 -1 60 -1 -2
62 -1 60 -1 879 -1 60 -1 60 -1 -2
62 -1 60 -1 878 -1 60 -1 60 -1 -2
62 -1 60 -1 879 -1 60 -1 60 -1 -2
62 -1 60 -1 508 -1 60 -1 60 -1 -2
62 -1 60 -1 508 -1 60 -1 60 -1 -2
62 -1 60 -1 879 -1 60 -1 60 -1 -2
62 -1 60 -1 879 -1 60 -1 60 -1 -2
62 -1 60 -1 877 -1 60 -1 60 -1 -2
62 -1 60 -1 508 -1 60 -1 60 -1 -2
62 -1 60 -1 508 -1 60 -1 60 -1 -2
62 -1 60 -1 879 -1 60 -1 60 -1 -2
62 -1 60 -1 508 -1 60 -1 60 -1 -2
62 -1 60 -1 507 -1 60 -1 60 -1 -2
62 -1 60 -1 507 -1 60 -1 60 -1 -2
62 -1 60 -1 60 -1 1387 -1 60 -1 60 -1 -2
62 -1 60 -1 506 -1 60 -1 60 -1 -2
62 -1 60 -1 878 -1 60 -1 60 -1 -2
62 -1 60 -1 508 -1 60 -1 60 -1 -2
62 -1 60 -1 879 -1 60 -1 60 -1 -2
62 -1 60 -1 507 -1 60 -1 60 -1 -2
62 -1 60 -1 508 -1 60 -1 60 -1 -2
62 -1 60 -1 507 -1 60 -1 60 -1 -2
62 -1 60 -1 508 -1 60 -1 60 -1 -2
62 -1 60 -1 879 -1 60 -1 60 -1 -2
62 -1 60 -1 508 -1 60 -1 60 -1 -2
62 -1 60 -1 508 -1 60 -1 60 -1 -2
62 -1 60 -1 507 -1 60 -1 60 -1 -2
62 -1 60 -1 878 -1 60 -1 60 -1 -2
62 -1 60 -1 508 -1 60 -1 60 -1 -2
62 -1 60 -1 508 -1 60 -1 60 -1 -2
62 -1 60 -1 507 -1 60 -1 60 -1 -2
62 -1 60 -1 506 -1 60 -1 60 -1 -2
62 -1 60 -1 879 -1 60 -1 60 -1 -2
62 -1 60 -1 508 -1 60 -1 60 -1 -2
62 -1 60 -1 507 -1 60 -1 60 -1 -2
62 -1 60 -1 879 -1 60 -1 60 -1 -2
62 -1 60 -1 878 -1 60 -1 60 -1 -2
62 -1 60 -1 507 -1 60 -1 60 -1 -2
62 -1 60 -1 879 -1 60 -1 60 -1 -2
62 -1 60 -1 507 -1 60 -1 60 -1 -2
62 -1 60 -1 608 -1 60 -1 60 -1 -2
62 -1 60 -1 508 -1 60 -1 60 -1 -2
62 -1 60 -1 878 -1 60 -1 60 -1 -2
62 -1 60 -1 507 -1 60 -1 60 -1 -2
62 -1 60 -1 878 -1 60 -1 60 -1 -2
62 -1 60 -1 508 -1 60 -1 60 -1 -2
62 -1 60 -1 508 -1 60 -1 60 -1 -2
62 -1 60 -1 564 -1 60 -1 60 -1 -2
62 -1 60 -1 508 -1 60 -1 60 -1 -2
62 -1 60 -1 879 -1 60 -1 60 -1 -2
62 -1 60 -1 879 -1 60 -1 60 -1 -2
62 -1 60 -1 877 -1 60 -1 60 -1 -2
