62 -1 60 -1 507 -1 60 -1 60 -1 -2
62 -1 60 -1 508 -1 60 -1 60 -1 -2
62 -1 60 -1 507 -1 60 -1 60 -1 -2
62 -1 60 -1 508 -1 60 -1 60 -1 -2
62 -1 60 -1 878 -1 60 -1 60 -1 -2
62 -1 60 -1 507 -1 60 -1 60 -1 -2
62 -1 60 -1 879 -1 60 -1 60 -1 -2
62 -1 60 -1 507 -1 60 -1 60 -1 -2
62 -1 60 -1 508 -1 60 -1 60 -1 -2
62 -1 60 -1 508 -1 60 -1 60 -1 -2
62 -1 60 -1 508 -1 60 -1 60 -1 -2
62 -1 60 -1 506 -1 60 -1 60 -1 -2
62 -1 60 -1 878 -1 60 -1 60 -1 -2
62 -1 60 -1 611 -1 60 -1 60 -1 -2
62 -1 60 -1 878 -1 60 -1 60 -1 -2
62 -1 60 -1 879 -1 60 -1 60 -1 -2
62 -1 60 -1 507 -1 60 -1 60 -1 -2
62 -1 60 -1 879 -1 60 -1 60 -1 -2
62 -1 60 -1 879 -1 60 -1 60 -1 -2
62 -1 60 -1 507 -1 60 -1 60 -1 -2
62 -1 60 -1 878 -1 60 -1 60 -1 -2
62 -1 60 -1 508 -1 60 -1 60 -1 -2
62 -1 60 -1 878 -1 60 -1 60 -1 -2
62 -1 60 -1 507 -1 60 -1 60 -1 -2
62 -1 60 -1 508 -1 60 -1 60 -1 -2
62 -1 60 -1 879 -1 60 -1 60 -1 -2
62 -1 60 -1 508 -1 60 -1 60 -1 -2
62 -1 60 -1 508 -1 60 -1 60 -1 -2
62 -1 60 -1 508 -1 60 -1 60 -1 -2
62 -1 60 -1 508 -1 60 -1 60 -1 -2
62 -1 60 -1 508 -1 60 -1 60 -1 -2
62 -1 60 -1 879 -1 60 -1 60 -1 -2
62 -1 60 -1 879 -1 60 -1 60 -1 -2
62 -1 60 -1 688 -1 60 -1 60 -1 -2
62 -1 60 -1 508 -1 60 -1 60 -1 -2
62 -1 60 -1 879 -1 60 -1 60 -1 -2
62 -1 60 -1 636 -1 60 -1 60 -1 -2
62 -1 60 -1 1197 -1 60 -1 60 -1 -2
62 -1 60 -1 879 -1 60 -1 60 -1 -2
62 -1 60 -1 508 -1 60 -1 60 -1 -2
62 -1 60 -1 507 -1 60 -1 60 -1 -2
62 -1 60 -1 507 -1 60 -1 60 -1 -2
62 -1 60 -1 507 -1 60 -1 60 -1 -2
62 -1 60 -1 506 -1 60 -1 60 -1 -2
62 -1 60 -1 507 -1 60 -1 60 -1 -2
62 -1 60 -1 508 -1 60 -1 60 -1 -2
62 -1 60 -1 643 -1 60 -1 60 -1 -2
62 -1 60 -1 508 -1 60 -1 60 -1 -2
62 -1 60 -1 708 -1 60 -1 60 -1 -2
62 -1 60 -1 508 -1 60 -1 60 -1 -2
62 -1 60 -1 879 -1 60 -1 60 -1 -2
62 -1 60 -1 507 -1 60 -1 60 -1 -2
62 -1 60 -1 878 -1 60 -1 60 -1 -2
62 -1 60 -1 878 -1 60 -1 60 -1 -2
62 -1 60 -1 508 -1 60 -1 60 -1 -2
62 -1 60 -1 878 -1 60 -1 60 -1 -2
62 -1 60 -1 508 -1 60 -1 60 -1 -2
62 -1 60 -1 508 -1 60 -1 60 -1 -2
62 -1 60 -1 877 -1 60 -1 60 -1 -2
62 -1 60 -1 508 -1 60 -1 60 -1 -2
62 -1 60 -1 507 -1 60 -1 60 -1 -2
62 -1 60 -1 507 -1 60 -1 60 -1 -2
62 -1 60 -1 508 -1 60 -1 60 -1 -2
62 -1 60 -1 507 -1 60 -1 60 -1 -2
62 -1 60 -1 619 -1 60 -1 60 -1 -2
62 -1 60 -1 507 -1 60 -1 60 -1 -2
62 -1 60 -1 507 -1 60 -1 60 -1 -2
62 -1 60 -1 878 -1 60 -1 60 -1 -2
62 -1 60 -1 879 -1 60 -1 60 -1 -2
62 -1 60 -1 508 -1 60 -1 60 -1 -2
62 -1 60 -1 507 -1 60 -1 60 -1 -2
62 -1 60 -1 542 -1 60 -1 60 -1 -2
