44 -1 67 -1 44 -1 67 -1 44 -1 -2
44 -1 44 -1 67 -1 67 -1 44 -1 -2
67 -1 67 -1 44 -1 67 -1 44 -1 -2
44 -1 67 -1 44 -1 67 -1 44 -1 -2
44 -1 67 -1 44 -1 67 -1 44 -1 -2
44 -1 44 -1 67 -1 67 -1 44 -1 -2
67 -1 44 -1 67 -1 44 -1 67 -1 -2
44 -1 44 -1 67 -1 67 -1 44 -1 -2
84 -1 80 -1 80 -1 80 -1 80 -1 80 -1 80 -1 80 -1 80 -1 80 -1 80 -1 80 -1 80 -1 80 -1 80 -1 80 -1 80 -1 80 -1 80 -1 80 -1 80 -1 80 -1 80 -1 80 -1 64 -1 80 -1 84 -1 80 -1 80 -1 80 -1 80 -1 80 -1 80 -1 80 -1 80 -1 80 -1 80 -1 80 -1 80 -1 80 -1 80 -1 80 -1 80 -1 80 -1 80 -1 80 -1 80 -1 80 -1 80 -1 80 -1 80 -1 64 -1 44 -1 44 -1 -2
44 -1 67 -1 44 -1 67 -1 44 -1 -2
44 -1 67 -1 44 -1 67 -1 44 -1 -2
