62 -1 103 -1 54 -1 76 -1 54 -1 68 -1 54 -1 68 -1 91 -1 54 -1 54 -1 91 -1 54 -1 69 -1 54 -1 54 -1 -2
62 -1 103 -1 54 -1 76 -1 68 -1 68 -1 91 -1 54 -1 54 -1 91 -1 69 -1 54 -1 54 -1 -2
62 -1 103 -1 54 -1 76 -1 68 -1 68 -1 91 -1 54 -1 54 -1 91 -1 69 -1 54 -1 54 -1 -2
62 -1 103 -1 54 -1 76 -1 68 -1 68 -1 91 -1 54 -1 54 -1 91 -1 69 -1 54 -1 54 -1 -2
62 -1 103 -1 54 -1 76 -1 68 -1 68 -1 91 -1 54 -1 54 -1 91 -1 69 -1 54 -1 54 -1 -2
62 -1 103 -1 54 -1 76 -1 68 -1 68 -1 91 -1 54 -1 54 -1 91 -1 69 -1 54 -1 54 -1 -2
62 -1 103 -1 54 -1 76 -1 68 -1 68 -1 91 -1 54 -1 54 -1 91 -1 69 -1 54 -1 54 -1 -2
62 -1 103 -1 54 -1 76 -1 68 -1 68 -1 91 -1 54 -1 54 -1 91 -1 69 -1 54 -1 54 -1 -2
62 -1 103 -1 54 -1 76 -1 68 -1 68 -1 91 -1 54 -1 54 -1 91 -1 69 -1 54 -1 54 -1 -2
62 -1 103 -1 54 -1 76 -1 68 -1 68 -1 91 -1 54 -1 54 -1 91 -1 69 -1 54 -1 54 -1 -2
62 -1 103 -1 54 -1 76 -1 68 -1 68 -1 91 -1 54 -1 54 -1 91 -1 69 -1 54 -1 54 -1 -2
62 -1 103 -1 54 -1 76 -1 68 -1 68 -1 91 -1 54 -1 54 -1 91 -1 69 -1 54 -1 54 -1 -2
62 -1 103 -1 54 -1 76 -1 68 -1 68 -1 91 -1 54 -1 54 -1 91 -1 69 -1 54 -1 54 -1 -2
