62 -1 60 -1 60 -1 351 -1 60 -1 60 -1 60 -1 -2
62 -1 60 -1 60 -1 351 -1 60 -1 60 -1 60 -1 -2
62 -1 60 -1 60 -1 351 -1 60 -1 60 -1 60 -1 -2
62 -1 60 -1 60 -1 351 -1 60 -1 60 -1 60 -1 -2
62 -1 60 -1 60 -1 513 -1 60 -1 60 -1 376 -1 60 -1 60 -1 351 -1 60 -1 60 -1 376 -1 60 -1 60 -1 351 -1 60 -1 -2
62 -1 60 -1 60 -1 356 -1 60 -1 -2
62 -1 60 -1 60 -1 351 -1 60 -1 60 -1 60 -1 -2
62 -1 60 -1 60 -1 351 -1 60 -1 60 -1 60 -1 -2
62 -1 60 -1 60 -1 356 -1 60 -1 -2
62 -1 60 -1 60 -1 513 -1 60 -1 -2
62 -1 60 -1 60 -1 351 -1 60 -1 -2
