62 -1 591 -1 60 -1 60 -1 60 -1 -2
62 -1 1071 -1 60 -1 60 -1 60 -1 -2
62 -1 857 -1 60 -1 60 -1 60 -1 -2
62 -1 816 -1 60 -1 60 -1 60 -1 -2
62 -1 851 -1 60 -1 60 -1 60 -1 60 -1 -2
62 -1 591 -1 60 -1 60 -1 60 -1 -2
62 -1 1256 -1 60 -1 60 -1 60 -1 -2
62 -1 598 -1 60 -1 60 -1 60 -1 -2
62 -1 816 -1 60 -1 60 -1 60 -1 -2
62 -1 841 -1 60 -1 60 -1 60 -1 -2
62 -1 597 -1 60 -1 60 -1 60 -1 -2
62 -1 562 -1 60 -1 60 -1 60 -1 -2
62 -1 842 -1 690 -1 60 -1 60 -1 60 -1 -2
62 -1 526 -1 60 -1 60 -1 60 -1 -2
62 -1 816 -1 60 -1 60 -1 60 -1 -2
62 -1 597 -1 60 -1 60 -1 60 -1 -2
62 -1 60 -1 60 -1 690 -1 60 -1 60 -1 -2
62 -1 1016 -1 60 -1 60 -1 60 -1 -2
62 -1 841 -1 60 -1 60 -1 60 -1 -2
62 -1 60 -1 60 -1 816 -1 60 -1 60 -1 -2
62 -1 60 -1 60 -1 1071 -1 60 -1 60 -1 -2
62 -1 591 -1 60 -1 60 -1 60 -1 -2
62 -1 597 -1 60 -1 60 -1 60 -1 -2
62 -1 1016 -1 60 -1 60 -1 60 -1 -2
62 -1 60 -1 60 -1 1071 -1 60 -1 60 -1 -2
62 -1 591 -1 60 -1 60 -1 60 -1 -2
