62 -1 60 -1 696 -1 60 -1 60 -1 -2
62 -1 60 -1 698 -1 60 -1 60 -1 -2
62 -1 60 -1 680 -1 60 -1 60 -1 -2
62 -1 60 -1 696 -1 60 -1 60 -1 -2
62 -1 60 -1 696 -1 60 -1 60 -1 -2
62 -1 60 -1 696 -1 60 -1 60 -1 -2
62 -1 60 -1 696 -1 60 -1 60 -1 -2
62 -1 60 -1 698 -1 60 -1 60 -1 -2
62 -1 60 -1 696 -1 60 -1 60 -1 -2
62 -1 60 -1 696 -1 60 -1 60 -1 -2
62 -1 60 -1 696 -1 60 -1 60 -1 -2
62 -1 60 -1 698 -1 60 -1 60 -1 -2
62 -1 60 -1 698 -1 60 -1 60 -1 62 -1 60 -1 698 -1 60 -1 60 -1 -2
62 -1 60 -1 690 -1 60 -1 60 -1 -2
62 -1 60 -1 696 -1 60 -1 60 -1 -2
62 -1 60 -1 696 -1 60 -1 60 -1 -2
62 -1 60 -1 696 -1 60 -1 60 -1 -2
62 -1 60 -1 698 -1 60 -1 60 -1 -2
62 -1 60 -1 698 -1 60 -1 60 -1 -2
62 -1 60 -1 696 -1 60 -1 60 -1 -2
62 -1 60 -1 698 -1 60 -1 60 -1 -2
62 -1 60 -1 696 -1 60 -1 60 -1 -2
62 -1 60 -1 696 -1 60 -1 60 -1 -2
62 -1 60 -1 696 -1 60 -1 60 -1 -2
62 -1 60 -1 698 -1 60 -1 60 -1 -2
62 -1 60 -1 698 -1 60 -1 60 -1 -2
62 -1 60 -1 698 -1 60 -1 60 -1 -2
62 -1 60 -1 698 -1 60 -1 60 -1 -2
62 -1 60 -1 686 -1 60 -1 60 -1 -2
62 -1 60 -1 698 -1 60 -1 60 -1 -2
62 -1 60 -1 698 -1 60 -1 60 -1 -2
62 -1 60 -1 698 -1 60 -1 60 -1 -2
62 -1 60 -1 698 -1 60 -1 60 -1 -2
62 -1 60 -1 698 -1 60 -1 60 -1 -2
62 -1 60 -1 698 -1 60 -1 60 -1 -2
62 -1 60 -1 698 -1 60 -1 60 -1 -2
62 -1 60 -1 676 -1 60 -1 60 -1 -2
62 -1 60 -1 696 -1 60 -1 60 -1 -2
62 -1 60 -1 696 -1 60 -1 60 -1 -2
62 -1 60 -1 696 -1 60 -1 60 -1 -2
62 -1 60 -1 676 -1 60 -1 60 -1 -2
62 -1 60 -1 696 -1 60 -1 60 -1 -2
62 -1 60 -1 698 -1 60 -1 60 -1 -2
62 -1 60 -1 696 -1 60 -1 60 -1 -2
62 -1 60 -1 678 -1 60 -1 60 -1 -2
62 -1 60 -1 698 -1 60 -1 60 -1 -2
62 -1 60 -1 698 -1 60 -1 60 -1 -2
62 -1 60 -1 698 -1 60 -1 60 -1 -2
62 -1 60 -1 698 -1 60 -1 60 -1 -2
62 -1 60 -1 696 -1 60 -1 60 -1 -2
62 -1 60 -1 698 -1 60 -1 60 -1 -2
62 -1 60 -1 698 -1 60 -1 60 -1 -2
62 -1 60 -1 696 -1 60 -1 60 -1 -2
62 -1 60 -1 678 -1 60 -1 60 -1 -2
62 -1 60 -1 698 -1 60 -1 60 -1 -2
62 -1 60 -1 694 -1 60 -1 60 -1 -2
62 -1 60 -1 672 -1 60 -1 60 -1 -2
62 -1 60 -1 678 -1 60 -1 60 -1 -2
62 -1 60 -1 698 -1 60 -1 60 -1 -2
62 -1 60 -1 700 -1 60 -1 60 -1 -2
62 -1 60 -1 698 -1 60 -1 60 -1 -2
62 -1 60 -1 698 -1 60 -1 60 -1 -2
62 -1 60 -1 698 -1 60 -1 60 -1 -2
62 -1 60 -1 698 -1 60 -1 60 -1 -2
62 -1 60 -1 696 -1 60 -1 60 -1 -2
62 -1 60 -1 680 -1 60 -1 60 -1 -2
62 -1 60 -1 698 -1 60 -1 60 -1 -2
62 -1 60 -1 678 -1 60 -1 60 -1 -2
62 -1 60 -1 692 -1 60 -1 60 -1 -2
62 -1 60 -1 696 -1 60 -1 60 -1 -2
62 -1 60 -1 698 -1 60 -1 60 -1 -2
62 -1 60 -1 698 -1 60 -1 60 -1 -2
62 -1 60 -1 698 -1 60 -1 60 -1 -2
62 -1 60 -1 698 -1 60 -1 60 -1 -2
62 -1 60 -1 698 -1 60 -1 60 -1 -2
62 -1 60 -1 698 -1 60 -1 60 -1 -2
62 -1 60 -1 680 -1 60 -1 60 -1 62 -1 60 -1 698 -1 60 -1 60 -1 -2
62 -1 60 -1 682 -1 60 -1 60 -1 -2
62 -1 60 -1 696 -1 60 -1 60 -1 -2
62 -1 60 -1 698 -1 60 -1 60 -1 -2
62 -1 60 -1 682 -1 60 -1 60 -1 -2
62 -1 60 -1 696 -1 60 -1 60 -1 -2
62 -1 60 -1 698 -1 60 -1 60 -1 -2
62 -1 60 -1 682 -1 60 -1 60 -1 -2
62 -1 60 -1 696 -1 60 -1 60 -1 -2
62 -1 60 -1 698 -1 60 -1 60 -1 -2
62 -1 60 -1 696 -1 60 -1 60 -1 -2
62 -1 60 -1 696 -1 60 -1 60 -1 -2
62 -1 60 -1 698 -1 60 -1 60 -1 -2
62 -1 60 -1 696 -1 60 -1 60 -1 -2
62 -1 60 -1 698 -1 60 -1 60 -1 -2
62 -1 60 -1 696 -1 60 -1 60 -1 62 -1 60 -1 696 -1 60 -1 60 -1 -2
62 -1 60 -1 676 -1 60 -1 60 -1 -2
62 -1 60 -1 696 -1 60 -1 60 -1 -2
62 -1 60 -1 698 -1 60 -1 60 -1 -2
62 -1 60 -1 696 -1 60 -1 60 -1 -2
62 -1 60 -1 696 -1 60 -1 60 -1 -2
62 -1 60 -1 698 -1 60 -1 60 -1 -2
62 -1 60 -1 700 -1 60 -1 60 -1 -2
62 -1 60 -1 696 -1 60 -1 60 -1 -2
62 -1 60 -1 678 -1 60 -1 60 -1 -2
62 -1 60 -1 696 -1 60 -1 60 -1 -2
62 -1 60 -1 696 -1 60 -1 60 -1 -2
62 -1 60 -1 698 -1 60 -1 60 -1 -2
62 -1 60 -1 674 -1 60 -1 60 -1 -2
62 -1 60 -1 698 -1 60 -1 60 -1 -2
62 -1 60 -1 696 -1 60 -1 60 -1 -2
62 -1 60 -1 698 -1 60 -1 60 -1 -2
62 -1 60 -1 674 -1 60 -1 60 -1 -2
62 -1 60 -1 696 -1 60 -1 60 -1 -2
62 -1 60 -1 698 -1 60 -1 60 -1 -2
62 -1 60 -1 698 -1 60 -1 60 -1 -2
62 -1 60 -1 696 -1 60 -1 60 -1 -2
62 -1 60 -1 696 -1 60 -1 60 -1 -2
62 -1 60 -1 696 -1 60 -1 60 -1 -2
62 -1 60 -1 698 -1 60 -1 60 -1 -2
62 -1 60 -1 698 -1 60 -1 60 -1 -2
62 -1 60 -1 698 -1 60 -1 60 -1 -2
62 -1 60 -1 696 -1 60 -1 60 -1 -2
62 -1 60 -1 698 -1 60 -1 60 -1 -2
62 -1 60 -1 698 -1 60 -1 60 -1 -2
62 -1 60 -1 684 -1 60 -1 60 -1 -2
62 -1 60 -1 694 -1 60 -1 60 -1 -2
62 -1 60 -1 696 -1 60 -1 60 -1 -2
62 -1 60 -1 696 -1 60 -1 60 -1 -2
62 -1 60 -1 698 -1 60 -1 60 -1 -2
62 -1 60 -1 698 -1 60 -1 60 -1 -2
62 -1 60 -1 698 -1 60 -1 60 -1 -2
62 -1 60 -1 698 -1 60 -1 60 -1 -2
62 -1 60 -1 698 -1 60 -1 60 -1 -2
62 -1 60 -1 674 -1 60 -1 60 -1 -2
62 -1 60 -1 698 -1 60 -1 60 -1 -2
62 -1 60 -1 698 -1 60 -1 60 -1 -2
62 -1 60 -1 698 -1 60 -1 60 -1 -2
62 -1 60 -1 698 -1 60 -1 60 -1 -2
62 -1 60 -1 698 -1 60 -1 60 -1 -2
62 -1 60 -1 698 -1 60 -1 60 -1 -2
62 -1 60 -1 698 -1 60 -1 60 -1 -2
62 -1 60 -1 698 -1 60 -1 60 -1 -2
62 -1 60 -1 698 -1 60 -1 60 -1 -2
62 -1 60 -1 682 -1 60 -1 60 -1 -2
62 -1 60 -1 698 -1 60 -1 60 -1 -2
62 -1 60 -1 698 -1 60 -1 60 -1 -2
62 -1 60 -1 698 -1 60 -1 60 -1 -2
62 -1 60 -1 696 -1 60 -1 60 -1 -2
62 -1 60 -1 696 -1 60 -1 60 -1 -2
62 -1 60 -1 678 -1 60 -1 60 -1 -2
62 -1 60 -1 698 -1 60 -1 60 -1 -2
62 -1 60 -1 698 -1 60 -1 60 -1 -2
62 -1 60 -1 698 -1 60 -1 60 -1 -2
62 -1 60 -1 698 -1 60 -1 60 -1 -2
62 -1 60 -1 696 -1 60 -1 60 -1 -2
62 -1 60 -1 698 -1 60 -1 60 -1 -2
62 -1 60 -1 698 -1 60 -1 60 -1 -2
62 -1 60 -1 698 -1 60 -1 60 -1 -2
62 -1 60 -1 696 -1 60 -1 60 -1 -2
62 -1 60 -1 696 -1 60 -1 60 -1 -2
62 -1 60 -1 698 -1 60 -1 60 -1 -2
62 -1 60 -1 698 -1 60 -1 60 -1 -2
62 -1 60 -1 678 -1 60 -1 60 -1 -2
62 -1 60 -1 686 -1 60 -1 60 -1 -2
62 -1 60 -1 696 -1 60 -1 60 -1 -2
62 -1 60 -1 696 -1 60 -1 60 -1 -2
62 -1 60 -1 696 -1 60 -1 60 -1 -2
62 -1 60 -1 696 -1 60 -1 60 -1 -2
62 -1 60 -1 698 -1 60 -1 60 -1 -2
62 -1 60 -1 696 -1 60 -1 60 -1 -2
62 -1 60 -1 698 -1 60 -1 60 -1 -2
62 -1 60 -1 698 -1 60 -1 60 -1 -2
62 -1 60 -1 698 -1 60 -1 60 -1 -2
62 -1 60 -1 696 -1 60 -1 60 -1 -2
62 -1 60 -1 696 -1 60 -1 60 -1 -2
62 -1 60 -1 696 -1 60 -1 60 -1 -2
62 -1 60 -1 678 -1 60 -1 60 -1 -2
62 -1 60 -1 700 -1 60 -1 60 -1 -2
62 -1 60 -1 696 -1 60 -1 60 -1 -2
62 -1 60 -1 676 -1 60 -1 60 -1 -2
62 -1 60 -1 698 -1 60 -1 60 -1 -2
