62 -1 60 -1 115 -1 60 -1 91 -1 60 -1 -2
62 -1 60 -1 128 -1 60 -1 60 -1 60 -1 60 -1 60 -1 60 -1 60 -1 60 -1 60 -1 60 -1 60 -1 60 -1 60 -1 60 -1 60 -1 60 -1 60 -1 60 -1 60 -1 60 -1 60 -1 60 -1 60 -1 60 -1 60 -1 60 -1 60 -1 60 -1 60 -1 60 -1 60 -1 60 -1 60 -1 60 -1 60 -1 60 -1 60 -1 60 -1 60 -1 60 -1 60 -1 104 -1 60 -1 60 -1 60 -1 60 -1 60 -1 60 -1 60 -1 60 -1 60 -1 60 -1 60 -1 60 -1 60 -1 60 -1 60 -1 60 -1 60 -1 60 -1 60 -1 60 -1 60 -1 60 -1 60 -1 60 -1 60 -1 60 -1 60 -1 60 -1 60 -1 60 -1 60 -1 60 -1 60 -1 60 -1 60 -1 60 -1 60 -1 60 -1 60 -1 60 -1 60 -1 60 -1 113 -1 60 -1 -2
62 -1 60 -1 207 -1 60 -1 174 -1 60 -1 60 -1 60 -1 60 -1 177 -1 60 -1 60 -1 167 -1 60 -1 129 -1 60 -1 60 -1 147 -1 60 -1 60 -1 60 -1 -2
62 -1 60 -1 181 -1 158 -1 60 -1 -2
62 -1 60 -1 278 -1 60 -1 60 -1 60 -1 60 -1 60 -1 60 -1 132 -1 133 -1 133 -1 132 -1 133 -1 133 -1 132 -1 133 -1 60 -1 60 -1 -2
62 -1 60 -1 160 -1 60 -1 60 -1 -2
62 -1 60 -1 166 -1 60 -1 60 -1 60 -1 60 -1 60 -1 60 -1 60 -1 60 -1 128 -1 128 -1 128 -1 128 -1 128 -1 128 -1 128 -1 128 -1 128 -1 128 -1 128 -1 128 -1 128 -1 129 -1 133 -1 60 -1 60 -1 60 -1 60 -1 60 -1 60 -1 60 -1 60 -1 60 -1 125 -1 60 -1 60 -1 131 -1 60 -1 60 -1 -2
62 -1 60 -1 131 -1 60 -1 60 -1 60 -1 60 -1 60 -1 -2
62 -1 60 -1 173 -1 60 -1 60 -1 60 -1 60 -1 60 -1 142 -1 60 -1 60 -1 60 -1 60 -1 60 -1 60 -1 162 -1 60 -1 60 -1 60 -1 60 -1 142 -1 60 -1 60 -1 60 -1 60 -1 163 -1 60 -1 60 -1 60 -1 60 -1 60 -1 60 -1 60 -1 60 -1 60 -1 60 -1 60 -1 60 -1 60 -1 60 -1 60 -1 60 -1 60 -1 60 -1 60 -1 60 -1 60 -1 136 -1 60 -1 60 -1 60 -1 60 -1 60 -1 66 -1 66 -1 66 -1 66 -1 66 -1 66 -1 66 -1 66 -1 66 -1 66 -1 66 -1 60 -1 151 -1 60 -1 60 -1 60 -1 60 -1 60 -1 60 -1 60 -1 145 -1 60 -1 60 -1 60 -1 60 -1 60 -1 60 -1 60 -1 60 -1 144 -1 60 -1 60 -1 60 -1 60 -1 136 -1 60 -1 60 -1 60 -1 60 -1 60 -1 60 -1 60 -1 150 -1 60 -1 60 -1 60 -1 60 -1 60 -1 60 -1 60 -1 60 -1 60 -1 60 -1 60 -1 60 -1 60 -1 60 -1 60 -1 143 -1 60 -1 60 -1 60 -1 60 -1 60 -1 134 -1 60 -1 60 -1 60 -1 60 -1 60 -1 60 -1 60 -1 134 -1 60 -1 60 -1 60 -1 60 -1 134 -1 60 -1 60 -1 60 -1 60 -1 60 -1 60 -1 141 -1 60 -1 60 -1 60 -1 60 -1 144 -1 60 -1 60 -1 60 -1 60 -1 60 -1 60 -1 155 -1 60 -1 162 -1 60 -1 -2
62 -1 60 -1 148 -1 60 -1 60 -1 60 -1 60 -1 60 -1 60 -1 60 -1 60 -1 60 -1 60 -1 60 -1 132 -1 133 -1 133 -1 132 -1 133 -1 133 -1 132 -1 133 -1 134 -1 60 -1 60 -1 60 -1 60 -1 60 -1 60 -1 60 -1 -2
62 -1 60 -1 122 -1 60 -1 60 -1 60 -1 60 -1 60 -1 60 -1 60 -1 60 -1 60 -1 60 -1 60 -1 132 -1 133 -1 133 -1 132 -1 133 -1 133 -1 132 -1 133 -1 134 -1 60 -1 60 -1 60 -1 60 -1 60 -1 60 -1 60 -1 -2
62 -1 60 -1 182 -1 163 -1 60 -1 172 -1 60 -1 60 -1 60 -1 60 -1 60 -1 60 -1 60 -1 60 -1 60 -1 60 -1 60 -1 60 -1 60 -1 60 -1 60 -1 60 -1 60 -1 60 -1 60 -1 60 -1 60 -1 60 -1 60 -1 60 -1 60 -1 60 -1 60 -1 60 -1 60 -1 60 -1 60 -1 60 -1 60 -1 60 -1 60 -1 60 -1 60 -1 60 -1 60 -1 60 -1 60 -1 60 -1 60 -1 60 -1 172 -1 60 -1 60 -1 60 -1 155 -1 60 -1 60 -1 -2
62 -1 60 -1 158 -1 155 -1 60 -1 60 -1 60 -1 155 -1 60 -1 60 -1 60 -1 -2
60 -1 60 -1 60 -1 60 -1 60 -1 60 -1 60 -1 60 -1 60 -1 60 -1 60 -1 60 -1 60 -1 60 -1 60 -1 60 -1 60 -1 60 -1 60 -1 129 -1 60 -1 60 -1 60 -1 60 -1 60 -1 60 -1 60 -1 60 -1 60 -1 60 -1 60 -1 60 -1 60 -1 60 -1 60 -1 60 -1 60 -1 60 -1 60 -1 60 -1 60 -1 60 -1 -2
62 -1 60 -1 152 -1 60 -1 60 -1 60 -1 60 -1 60 -1 60 -1 60 -1 60 -1 60 -1 60 -1 60 -1 60 -1 60 -1 60 -1 60 -1 60 -1 60 -1 60 -1 60 -1 129 -1 60 -1 60 -1 60 -1 60 -1 60 -1 60 -1 60 -1 60 -1 60 -1 60 -1 60 -1 60 -1 60 -1 60 -1 60 -1 60 -1 60 -1 60 -1 60 -1 60 -1 60 -1 60 -1 129 -1 60 -1 60 -1 60 -1 60 -1 60 -1 60 -1 60 -1 60 -1 60 -1 60 -1 60 -1 60 -1 60 -1 60 -1 60 -1 60 -1 60 -1 60 -1 60 -1 60 -1 60 -1 60 -1 -2
62 -1 60 -1 181 -1 158 -1 60 -1 -2
62 -1 60 -1 168 -1 60 -1 60 -1 60 -1 -2
62 -1 60 -1 139 -1 60 -1 60 -1 -2
62 -1 60 -1 171 -1 60 -1 173 -1 60 -1 -2
62 -1 60 -1 131 -1 60 -1 60 -1 60 -1 60 -1 60 -1 -2
62 -1 60 -1 114 -1 60 -1 141 -1 60 -1 145 -1 60 -1 141 -1 60 -1 -2
62 -1 60 -1 147 -1 60 -1 60 -1 60 -1 60 -1 60 -1 60 -1 140 -1 60 -1 60 -1 60 -1 60 -1 60 -1 60 -1 60 -1 60 -1 60 -1 60 -1 60 -1 60 -1 60 -1 60 -1 -2
62 -1 60 -1 142 -1 60 -1 60 -1 60 -1 60 -1 60 -1 60 -1 60 -1 60 -1 60 -1 60 -1 60 -1 60 -1 120 -1 60 -1 119 -1 60 -1 60 -1 60 -1 -2
62 -1 60 -1 118 -1 113 -1 60 -1 60 -1 60 -1 60 -1 60 -1 60 -1 60 -1 60 -1 60 -1 -2
62 -1 60 -1 164 -1 60 -1 60 -1 60 -1 60 -1 60 -1 60 -1 60 -1 60 -1 60 -1 60 -1 60 -1 132 -1 133 -1 133 -1 132 -1 133 -1 133 -1 132 -1 133 -1 128 -1 60 -1 60 -1 60 -1 60 -1 60 -1 60 -1 60 -1 -2
62 -1 60 -1 146 -1 60 -1 60 -1 60 -1 60 -1 60 -1 60 -1 60 -1 60 -1 60 -1 60 -1 60 -1 132 -1 133 -1 133 -1 132 -1 133 -1 133 -1 132 -1 133 -1 128 -1 60 -1 60 -1 60 -1 60 -1 60 -1 60 -1 60 -1 -2
62 -1 60 -1 189 -1 123 -1 60 -1 -2
60 -1 60 -1 60 -1 60 -1 60 -1 60 -1 142 -1 60 -1 60 -1 60 -1 60 -1 60 -1 60 -1 60 -1 60 -1 148 -1 60 -1 60 -1 60 -1 60 -1 60 -1 60 -1 60 -1 60 -1 60 -1 60 -1 60 -1 60 -1 60 -1 60 -1 60 -1 60 -1 140 -1 60 -1 60 -1 60 -1 60 -1 60 -1 60 -1 60 -1 140 -1 60 -1 60 -1 60 -1 60 -1 60 -1 60 -1 60 -1 60 -1 60 -1 60 -1 60 -1 60 -1 60 -1 60 -1 60 -1 138 -1 60 -1 60 -1 60 -1 60 -1 60 -1 60 -1 60 -1 60 -1 142 -1 60 -1 60 -1 60 -1 60 -1 60 -1 60 -1 60 -1 60 -1 60 -1 60 -1 60 -1 60 -1 60 -1 60 -1 60 -1 60 -1 60 -1 60 -1 146 -1 60 -1 60 -1 60 -1 60 -1 143 -1 60 -1 60 -1 60 -1 60 -1 60 -1 60 -1 60 -1 60 -1 60 -1 60 -1 60 -1 60 -1 60 -1 60 -1 60 -1 60 -1 60 -1 60 -1 60 -1 60 -1 60 -1 60 -1 142 -1 60 -1 60 -1 60 -1 60 -1 60 -1 60 -1 60 -1 60 -1 60 -1 60 -1 60 -1 60 -1 60 -1 60 -1 60 -1 60 -1 60 -1 60 -1 60 -1 60 -1 136 -1 60 -1 60 -1 60 -1 60 -1 60 -1 60 -1 60 -1 60 -1 60 -1 60 -1 60 -1 60 -1 60 -1 60 -1 148 -1 60 -1 60 -1 60 -1 60 -1 60 -1 60 -1 60 -1 60 -1 60 -1 60 -1 60 -1 60 -1 60 -1 60 -1 138 -1 60 -1 60 -1 60 -1 60 -1 60 -1 60 -1 60 -1 139 -1 60 -1 60 -1 60 -1 60 -1 60 -1 142 -1 60 -1 60 -1 60 -1 60 -1 60 -1 60 -1 155 -1 60 -1 162 -1 60 -1 -2
62 -1 60 -1 174 -1 60 -1 60 -1 60 -1 60 -1 60 -1 60 -1 60 -1 60 -1 60 -1 60 -1 60 -1 60 -1 60 -1 60 -1 60 -1 60 -1 60 -1 160 -1 60 -1 60 -1 60 -1 60 -1 60 -1 60 -1 60 -1 144 -1 60 -1 60 -1 60 -1 142 -1 60 -1 60 -1 60 -1 60 -1 60 -1 60 -1 60 -1 60 -1 60 -1 60 -1 60 -1 60 -1 60 -1 60 -1 144 -1 60 -1 60 -1 60 -1 60 -1 60 -1 150 -1 60 -1 60 -1 60 -1 60 -1 143 -1 60 -1 60 -1 60 -1 60 -1 60 -1 151 -1 60 -1 60 -1 60 -1 60 -1 60 -1 60 -1 60 -1 60 -1 60 -1 60 -1 60 -1 60 -1 139 -1 60 -1 60 -1 60 -1 60 -1 155 -1 60 -1 60 -1 60 -1 60 -1 60 -1 60 -1 144 -1 60 -1 60 -1 60 -1 155 -1 60 -1 162 -1 60 -1 -2
62 -1 60 -1 147 -1 128 -1 60 -1 60 -1 60 -1 60 -1 60 -1 60 -1 60 -1 60 -1 60 -1 60 -1 60 -1 60 -1 60 -1 60 -1 60 -1 60 -1 60 -1 60 -1 60 -1 60 -1 60 -1 128 -1 60 -1 60 -1 60 -1 60 -1 60 -1 60 -1 60 -1 60 -1 60 -1 60 -1 60 -1 60 -1 60 -1 60 -1 60 -1 60 -1 60 -1 60 -1 60 -1 60 -1 60 -1 129 -1 60 -1 60 -1 60 -1 60 -1 60 -1 60 -1 60 -1 60 -1 60 -1 60 -1 60 -1 60 -1 60 -1 60 -1 60 -1 60 -1 60 -1 60 -1 60 -1 60 -1 60 -1 60 -1 -2
62 -1 60 -1 181 -1 158 -1 60 -1 -2
62 -1 60 -1 142 -1 60 -1 60 -1 60 -1 60 -1 60 -1 -2
62 -1 60 -1 138 -1 60 -1 131 -1 60 -1 60 -1 135 -1 60 -1 60 -1 60 -1 60 -1 -2
62 -1 60 -1 161 -1 158 -1 159 -1 161 -1 158 -1 159 -1 161 -1 60 -1 158 -1 60 -1 159 -1 161 -1 158 -1 159 -1 161 -1 158 -1 159 -1 161 -1 158 -1 159 -1 161 -1 158 -1 159 -1 161 -1 158 -1 159 -1 161 -1 158 -1 159 -1 161 -1 158 -1 159 -1 60 -1 173 -1 60 -1 171 -1 60 -1 173 -1 60 -1 -2
158 -1 159 -1 161 -1 158 -1 159 -1 161 -1 158 -1 159 -1 161 -1 158 -1 159 -1 161 -1 158 -1 159 -1 161 -1 158 -1 159 -1 161 -1 158 -1 159 -1 161 -1 158 -1 159 -1 161 -1 158 -1 159 -1 161 -1 158 -1 159 -1 60 -1 173 -1 60 -1 -2
62 -1 60 -1 158 -1 60 -1 60 -1 60 -1 60 -1 60 -1 60 -1 60 -1 60 -1 60 -1 60 -1 60 -1 60 -1 60 -1 60 -1 60 -1 60 -1 60 -1 156 -1 60 -1 60 -1 60 -1 60 -1 60 -1 60 -1 60 -1 60 -1 60 -1 60 -1 60 -1 60 -1 60 -1 153 -1 60 -1 60 -1 60 -1 60 -1 60 -1 60 -1 60 -1 60 -1 60 -1 60 -1 60 -1 156 -1 60 -1 60 -1 60 -1 60 -1 60 -1 60 -1 60 -1 60 -1 60 -1 60 -1 146 -1 60 -1 60 -1 60 -1 60 -1 60 -1 60 -1 60 -1 60 -1 60 -1 151 -1 60 -1 139 -1 60 -1 60 -1 139 -1 60 -1 60 -1 145 -1 60 -1 148 -1 60 -1 155 -1 60 -1 60 -1 60 -1 151 -1 60 -1 149 -1 60 -1 148 -1 60 -1 136 -1 60 -1 60 -1 148 -1 60 -1 60 -1 60 -1 -2
60 -1 139 -1 60 -1 60 -1 145 -1 60 -1 148 -1 60 -1 155 -1 60 -1 60 -1 60 -1 151 -1 60 -1 149 -1 60 -1 148 -1 60 -1 139 -1 60 -1 -2
62 -1 60 -1 139 -1 60 -1 60 -1 -2
62 -1 60 -1 171 -1 60 -1 173 -1 60 -1 -2
62 -1 60 -1 155 -1 60 -1 60 -1 -2
62 -1 60 -1 115 -1 60 -1 115 -1 60 -1 -2
62 -1 60 -1 148 -1 60 -1 60 -1 60 -1 60 -1 60 -1 60 -1 60 -1 60 -1 60 -1 -2
62 -1 60 -1 130 -1 130 -1 138 -1 60 -1 127 -1 60 -1 131 -1 60 -1 60 -1 -2
62 -1 60 -1 158 -1 172 -1 60 -1 60 -1 60 -1 60 -1 172 -1 60 -1 60 -1 60 -1 60 -1 60 -1 60 -1 60 -1 60 -1 60 -1 60 -1 60 -1 60 -1 172 -1 60 -1 60 -1 60 -1 60 -1 171 -1 60 -1 60 -1 60 -1 60 -1 172 -1 60 -1 60 -1 60 -1 60 -1 172 -1 60 -1 60 -1 60 -1 60 -1 60 -1 172 -1 60 -1 60 -1 60 -1 60 -1 60 -1 172 -1 60 -1 60 -1 60 -1 60 -1 60 -1 171 -1 60 -1 60 -1 60 -1 60 -1 172 -1 60 -1 60 -1 60 -1 172 -1 60 -1 60 -1 60 -1 60 -1 60 -1 60 -1 60 -1 -2
62 -1 60 -1 155 -1 60 -1 60 -1 -2
62 -1 60 -1 179 -1 60 -1 60 -1 -2
