10 -1 10 -1 10 -1 8 -1 10 -1 10 -1 10 -1 10 -1  #SUP: 1
10 -1 8 -1 10 -1 10 -1 10 -1 10 -1 10 -1  #SUP: 1
10 -1 8 -1  #SUP: 1
10 -1 10 -1 8 -1 10 -1 10 -1 10 -1  #SUP: 1
10 -1 10 -1 10 -1 10 -1 10 -1 10 -1 8 -1 10 -1  #SUP: 1
123 -1 123 -1 125 -1 125 -1 123 -1  #SUP: 189
123 -1 123 -1 125 -1 125 -1  #SUP: 189
125 -1 125 -1 123 -1  #SUP: 189
123 -1 125 -1 123 -1  #SUP: 189
123 -1 123 -1 125 -1  #SUP: 189
123 -1 125 -1 125 -1  #SUP: 233
125 -1 125 -1  #SUP: 233
123 -1 125 -1  #SUP: 233
123 -1 123 -1 123 -1  #SUP: 233
125 -1 123 -1  #SUP: 233
