62 -1 60 -1 578 -1 60 -1 60 -1 -2
62 -1 60 -1 549 -1 60 -1 60 -1 -2
62 -1 60 -1 578 -1 60 -1 60 -1 -2
62 -1 60 -1 549 -1 60 -1 60 -1 -2
62 -1 60 -1 549 -1 60 -1 60 -1 -2
62 -1 60 -1 549 -1 60 -1 60 -1 -2
62 -1 62 -1 60 -1 1491 -1 60 -1 60 -1 -2
62 -1 60 -1 588 -1 60 -1 60 -1 -2
62 -1 60 -1 578 -1 60 -1 60 -1 -2
62 -1 60 -1 549 -1 60 -1 60 -1 -2
62 -1 60 -1 578 -1 60 -1 60 -1 -2
62 -1 60 -1 549 -1 60 -1 60 -1 -2
62 -1 60 -1 578 -1 60 -1 60 -1 -2
62 -1 60 -1 963 -1 60 -1 60 -1 -2
62 -1 60 -1 578 -1 60 -1 60 -1 -2
62 -1 60 -1 549 -1 60 -1 60 -1 -2
62 -1 60 -1 578 -1 60 -1 60 -1 -2
