62 -1 60 -1 60 -1 60 -1 80 -1 -2
1434 -1 60 -1 60 -1 60 -1 60 -1 60 -1 -2
62 -1 60 -1 60 -1 60 -1 82 -1 -2
64 -1 60 -1 183 -1 60 -1 60 -1 240 -1 60 -1 684 -1 60 -1 60 -1 -2
62 -1 60 -1 60 -1 60 -1 83 -1 -2
60 -1 74 -1 60 -1 66 -1 60 -1 76 -1 60 -1 68 -1 60 -1 90 -1 60 -1 91 -1 90 -1 60 -1 87 -1 60 -1 87 -1 60 -1 60 -1 60 -1 1389 -1 60 -1 60 -1 -2
62 -1 60 -1 60 -1 60 -1 73 -1 -2
60 -1 60 -1 73 -1 60 -1 60 -1 75 -1 60 -1 66 -1 60 -1 76 -1 60 -1 72 -1 60 -1 91 -1 60 -1 86 -1 60 -1 83 -1 60 -1 60 -1 60 -1 1171 -1 60 -1 60 -1 -2
62 -1 60 -1 60 -1 60 -1 64 -1 167 -1 60 -1 60 -1 252 -1 1502 -1 1514 -1 1514 -1 1514 -1 796 -1 60 -1 60 -1 60 -1 60 -1 60 -1 60 -1 60 -1 60 -1 60 -1 60 -1 60 -1 60 -1 60 -1 60 -1 60 -1 60 -1 60 -1 60 -1 60 -1 60 -1 60 -1 60 -1 60 -1 60 -1 60 -1 60 -1 60 -1 60 -1 60 -1 60 -1 60 -1 60 -1 60 -1 -2
62 -1 60 -1 60 -1 60 -1 81 -1 -2
62 -1 60 -1 60 -1 60 -1 82 -1 -2
62 -1 60 -1 60 -1 60 -1 64 -1 60 -1 183 -1 60 -1 60 -1 60 -1 380 -1 60 -1 987 -1 60 -1 60 -1 60 -1 60 -1 60 -1 60 -1 60 -1 60 -1 60 -1 60 -1 60 -1 60 -1 60 -1 60 -1 60 -1 60 -1 60 -1 60 -1 60 -1 60 -1 60 -1 60 -1 60 -1 60 -1 60 -1 60 -1 60 -1 60 -1 60 -1 60 -1 60 -1 60 -1 60 -1 60 -1 60 -1 60 -1 60 -1 60 -1 60 -1 60 -1 60 -1 60 -1 60 -1 60 -1 60 -1 60 -1 60 -1 60 -1 60 -1 -2
62 -1 60 -1 60 -1 60 -1 88 -1 60 -1 2002 -1 60 -1 60 -1 60 -1 60 -1 60 -1 60 -1 60 -1 60 -1 60 -1 60 -1 60 -1 60 -1 60 -1 60 -1 60 -1 60 -1 60 -1 60 -1 60 -1 60 -1 60 -1 60 -1 60 -1 60 -1 -2
62 -1 60 -1 60 -1 60 -1 82 -1 -2
60 -1 77 -1 60 -1 66 -1 60 -1 80 -1 60 -1 68 -1 60 -1 93 -1 60 -1 83 -1 87 -1 60 -1 83 -1 60 -1 85 -1 60 -1 60 -1 60 -1 1202 -1 60 -1 60 -1 -2
62 -1 60 -1 60 -1 60 -1 73 -1 -2
62 -1 60 -1 60 -1 60 -1 73 -1 60 -1 60 -1 68 -1 60 -1 66 -1 60 -1 68 -1 60 -1 72 -1 60 -1 84 -1 60 -1 84 -1 86 -1 60 -1 60 -1 60 -1 1083 -1 60 -1 60 -1 -2
62 -1 60 -1 60 -1 60 -1 73 -1 60 -1 60 -1 75 -1 60 -1 66 -1 60 -1 76 -1 60 -1 72 -1 60 -1 91 -1 90 -1 60 -1 89 -1 60 -1 87 -1 60 -1 60 -1 60 -1 1468 -1 60 -1 60 -1 -2
60 -1 60 -1 60 -1 64 -1 183 -1 60 -1 60 -1 60 -1 60 -1 252 -1 1502 -1 1514 -1 1514 -1 1514 -1 604 -1 60 -1 60 -1 60 -1 60 -1 60 -1 60 -1 60 -1 66 -1 66 -1 66 -1 66 -1 66 -1 66 -1 66 -1 66 -1 66 -1 66 -1 66 -1 66 -1 66 -1 66 -1 66 -1 66 -1 66 -1 66 -1 66 -1 60 -1 60 -1 60 -1 60 -1 60 -1 60 -1 60 -1 60 -1 60 -1 60 -1 60 -1 60 -1 60 -1 60 -1 60 -1 60 -1 60 -1 60 -1 60 -1 60 -1 60 -1 60 -1 60 -1 60 -1 60 -1 60 -1 60 -1 60 -1 60 -1 60 -1 -2
62 -1 60 -1 60 -1 60 -1 64 -1 183 -1 60 -1 60 -1 60 -1 60 -1 252 -1 1502 -1 2974 -1 1514 -1 652 -1 60 -1 60 -1 60 -1 60 -1 60 -1 60 -1 60 -1 60 -1 60 -1 60 -1 60 -1 60 -1 60 -1 60 -1 60 -1 60 -1 60 -1 60 -1 60 -1 60 -1 60 -1 60 -1 60 -1 60 -1 60 -1 60 -1 60 -1 60 -1 60 -1 60 -1 60 -1 60 -1 60 -1 60 -1 60 -1 60 -1 60 -1 60 -1 60 -1 60 -1 60 -1 -2
62 -1 60 -1 60 -1 60 -1 73 -1 60 -1 60 -1 75 -1 60 -1 66 -1 60 -1 76 -1 60 -1 68 -1 60 -1 91 -1 86 -1 60 -1 91 -1 60 -1 91 -1 60 -1 60 -1 60 -1 1204 -1 60 -1 60 -1 91 -1 60 -1 85 -1 60 -1 94 -1 60 -1 88 -1 60 -1 -2
62 -1 60 -1 60 -1 60 -1 73 -1 60 -1 60 -1 75 -1 60 -1 66 -1 60 -1 76 -1 60 -1 72 -1 60 -1 91 -1 60 -1 87 -1 60 -1 94 -1 60 -1 60 -1 60 -1 1298 -1 60 -1 60 -1 -2
62 -1 60 -1 60 -1 60 -1 81 -1 -2
60 -1 60 -1 73 -1 60 -1 60 -1 76 -1 60 -1 66 -1 60 -1 76 -1 60 -1 68 -1 60 -1 92 -1 84 -1 60 -1 90 -1 60 -1 86 -1 60 -1 60 -1 60 -1 1195 -1 60 -1 60 -1 -2
62 -1 60 -1 60 -1 60 -1 77 -1 -2
60 -1 60 -1 60 -1 64 -1 171 -1 60 -1 60 -1 380 -1 1502 -1 1514 -1 1055 -1 60 -1 60 -1 60 -1 60 -1 60 -1 60 -1 60 -1 60 -1 60 -1 60 -1 60 -1 60 -1 60 -1 60 -1 60 -1 60 -1 60 -1 60 -1 60 -1 60 -1 60 -1 -2
62 -1 60 -1 60 -1 60 -1 82 -1 -2
62 -1 60 -1 60 -1 60 -1 64 -1 171 -1 60 -1 60 -1 60 -1 60 -1 252 -1 1502 -1 1139 -1 60 -1 60 -1 60 -1 -2
62 -1 60 -1 60 -1 60 -1 89 -1 -2
62 -1 60 -1 60 -1 60 -1 73 -1 60 -1 60 -1 73 -1 60 -1 66 -1 60 -1 72 -1 60 -1 72 -1 60 -1 89 -1 60 -1 83 -1 60 -1 87 -1 60 -1 85 -1 60 -1 60 -1 60 -1 1062 -1 60 -1 60 -1 -2
62 -1 60 -1 60 -1 60 -1 73 -1 60 -1 60 -1 76 -1 60 -1 66 -1 60 -1 76 -1 60 -1 68 -1 60 -1 92 -1 60 -1 85 -1 60 -1 84 -1 60 -1 60 -1 60 -1 1273 -1 -2
73 -1 60 -1 60 -1 77 -1 60 -1 66 -1 60 -1 80 -1 60 -1 68 -1 60 -1 93 -1 87 -1 60 -1 85 -1 60 -1 60 -1 60 -1 1145 -1 60 -1 60 -1 -2
62 -1 60 -1 60 -1 60 -1 73 -1 60 -1 60 -1 73 -1 60 -1 66 -1 60 -1 72 -1 60 -1 68 -1 60 -1 89 -1 87 -1 88 -1 60 -1 85 -1 60 -1 89 -1 60 -1 60 -1 60 -1 1498 -1 60 -1 60 -1 89 -1 60 -1 89 -1 95 -1 60 -1 60 -1 60 -1 1301 -1 60 -1 60 -1 89 -1 60 -1 93 -1 60 -1 89 -1 60 -1 60 -1 -2
62 -1 60 -1 60 -1 60 -1 73 -1 60 -1 60 -1 73 -1 60 -1 66 -1 60 -1 72 -1 60 -1 68 -1 60 -1 89 -1 60 -1 84 -1 60 -1 89 -1 60 -1 86 -1 60 -1 60 -1 60 -1 1101 -1 60 -1 60 -1 -2
62 -1 60 -1 60 -1 60 -1 73 -1 60 -1 60 -1 84 -1 60 -1 66 -1 60 -1 88 -1 60 -1 76 -1 60 -1 100 -1 60 -1 91 -1 60 -1 90 -1 60 -1 88 -1 60 -1 60 -1 60 -1 1080 -1 60 -1 60 -1 -2
62 -1 60 -1 60 -1 60 -1 73 -1 60 -1 60 -1 71 -1 60 -1 66 -1 60 -1 72 -1 60 -1 68 -1 60 -1 87 -1 94 -1 60 -1 90 -1 60 -1 60 -1 60 -1 1149 -1 60 -1 60 -1 -2
62 -1 60 -1 60 -1 60 -1 73 -1 60 -1 60 -1 73 -1 60 -1 66 -1 60 -1 72 -1 60 -1 68 -1 60 -1 89 -1 91 -1 88 -1 60 -1 95 -1 60 -1 60 -1 60 -1 1170 -1 60 -1 60 -1 -2
62 -1 60 -1 60 -1 60 -1 84 -1 -2
62 -1 60 -1 60 -1 60 -1 73 -1 60 -1 60 -1 77 -1 60 -1 66 -1 60 -1 80 -1 60 -1 72 -1 60 -1 93 -1 87 -1 86 -1 60 -1 85 -1 60 -1 60 -1 60 -1 1083 -1 60 -1 60 -1 -2
60 -1 60 -1 73 -1 60 -1 60 -1 76 -1 60 -1 66 -1 60 -1 76 -1 60 -1 72 -1 60 -1 92 -1 60 -1 92 -1 60 -1 90 -1 60 -1 86 -1 60 -1 60 -1 60 -1 1461 -1 60 -1 60 -1 -2
60 -1 60 -1 73 -1 60 -1 60 -1 76 -1 60 -1 66 -1 60 -1 76 -1 60 -1 68 -1 60 -1 92 -1 85 -1 60 -1 82 -1 60 -1 86 -1 60 -1 94 -1 60 -1 60 -1 60 -1 1317 -1 60 -1 60 -1 -2
60 -1 60 -1 73 -1 60 -1 60 -1 76 -1 60 -1 66 -1 60 -1 76 -1 60 -1 68 -1 60 -1 92 -1 83 -1 60 -1 92 -1 60 -1 88 -1 60 -1 60 -1 60 -1 1325 -1 60 -1 60 -1 -2
60 -1 60 -1 73 -1 60 -1 60 -1 71 -1 60 -1 66 -1 60 -1 72 -1 60 -1 68 -1 60 -1 87 -1 91 -1 60 -1 90 -1 60 -1 86 -1 60 -1 60 -1 60 -1 1151 -1 60 -1 60 -1 87 -1 60 -1 89 -1 90 -1 60 -1 88 -1 60 -1 83 -1 60 -1 60 -1 60 -1 1076 -1 60 -1 60 -1 87 -1 60 -1 90 -1 60 -1 90 -1 60 -1 85 -1 60 -1 93 -1 60 -1 60 -1 1278 -1 60 -1 60 -1 60 -1 -2
62 -1 60 -1 60 -1 60 -1 73 -1 60 -1 60 -1 69 -1 60 -1 66 -1 60 -1 68 -1 60 -1 68 -1 60 -1 85 -1 60 -1 84 -1 60 -1 85 -1 89 -1 60 -1 90 -1 -2
60 -1 60 -1 1221 -1 60 -1 60 -1 -2
62 -1 60 -1 60 -1 60 -1 73 -1 60 -1 60 -1 75 -1 60 -1 66 -1 60 -1 76 -1 60 -1 68 -1 60 -1 91 -1 85 -1 84 -1 60 -1 60 -1 1243 -1 60 -1 60 -1 -2
60 -1 60 -1 73 -1 60 -1 60 -1 72 -1 60 -1 66 -1 60 -1 72 -1 60 -1 68 -1 60 -1 88 -1 60 -1 89 -1 89 -1 60 -1 60 -1 60 -1 1166 -1 60 -1 60 -1 -2
62 -1 60 -1 60 -1 60 -1 73 -1 60 -1 60 -1 75 -1 60 -1 66 -1 60 -1 76 -1 60 -1 68 -1 60 -1 91 -1 84 -1 60 -1 94 -1 60 -1 91 -1 60 -1 60 -1 60 -1 1314 -1 60 -1 60 -1 -2
62 -1 60 -1 60 -1 60 -1 73 -1 60 -1 60 -1 68 -1 60 -1 66 -1 60 -1 68 -1 72 -1 84 -1 60 -1 91 -1 60 -1 87 -1 90 -1 60 -1 90 -1 60 -1 60 -1 1277 -1 60 -1 60 -1 -2
62 -1 60 -1 60 -1 60 -1 73 -1 60 -1 60 -1 73 -1 60 -1 66 -1 60 -1 72 -1 60 -1 72 -1 60 -1 89 -1 60 -1 84 -1 60 -1 86 -1 60 -1 60 -1 60 -1 1077 -1 60 -1 60 -1 -2
62 -1 60 -1 60 -1 60 -1 73 -1 60 -1 60 -1 75 -1 60 -1 66 -1 60 -1 76 -1 60 -1 68 -1 60 -1 91 -1 88 -1 60 -1 90 -1 60 -1 88 -1 60 -1 60 -1 1405 -1 60 -1 60 -1 -2
62 -1 60 -1 60 -1 60 -1 73 -1 60 -1 60 -1 70 -1 60 -1 66 -1 60 -1 68 -1 60 -1 72 -1 60 -1 86 -1 89 -1 90 -1 60 -1 86 -1 60 -1 60 -1 60 -1 1068 -1 60 -1 60 -1 -2
62 -1 60 -1 60 -1 60 -1 73 -1 60 -1 60 -1 74 -1 60 -1 66 -1 60 -1 76 -1 60 -1 72 -1 60 -1 90 -1 60 -1 90 -1 60 -1 91 -1 60 -1 82 -1 60 -1 60 -1 1106 -1 60 -1 60 -1 -2
62 -1 60 -1 60 -1 60 -1 73 -1 60 -1 60 -1 77 -1 60 -1 66 -1 60 -1 80 -1 60 -1 72 -1 60 -1 93 -1 89 -1 60 -1 82 -1 60 -1 60 -1 60 -1 1057 -1 60 -1 60 -1 -2
62 -1 60 -1 60 -1 60 -1 77 -1 -2
62 -1 60 -1 60 -1 60 -1 73 -1 60 -1 60 -1 78 -1 60 -1 66 -1 60 -1 80 -1 60 -1 68 -1 60 -1 94 -1 81 -1 85 -1 86 -1 60 -1 60 -1 60 -1 1195 -1 60 -1 60 -1 -2
60 -1 60 -1 73 -1 60 -1 60 -1 69 -1 60 -1 66 -1 60 -1 68 -1 60 -1 68 -1 60 -1 85 -1 86 -1 86 -1 60 -1 89 -1 60 -1 89 -1 60 -1 60 -1 60 -1 1087 -1 60 -1 60 -1 -2
62 -1 60 -1 60 -1 60 -1 73 -1 60 -1 60 -1 72 -1 60 -1 66 -1 60 -1 72 -1 60 -1 68 -1 60 -1 88 -1 60 -1 93 -1 85 -1 60 -1 60 -1 60 -1 1422 -1 60 -1 60 -1 -2
62 -1 60 -1 60 -1 60 -1 73 -1 60 -1 60 -1 74 -1 60 -1 66 -1 60 -1 76 -1 60 -1 72 -1 60 -1 90 -1 80 -1 60 -1 85 -1 60 -1 60 -1 60 -1 1339 -1 60 -1 60 -1 -2
62 -1 60 -1 60 -1 60 -1 73 -1 60 -1 60 -1 75 -1 60 -1 66 -1 60 -1 76 -1 60 -1 72 -1 60 -1 91 -1 60 -1 85 -1 60 -1 88 -1 60 -1 84 -1 60 -1 83 -1 60 -1 60 -1 1048 -1 60 -1 60 -1 -2
60 -1 60 -1 60 -1 64 -1 171 -1 60 -1 60 -1 252 -1 1502 -1 1514 -1 1514 -1 1514 -1 428 -1 60 -1 60 -1 60 -1 60 -1 60 -1 60 -1 60 -1 60 -1 60 -1 60 -1 60 -1 60 -1 60 -1 60 -1 60 -1 60 -1 60 -1 60 -1 60 -1 60 -1 60 -1 60 -1 60 -1 60 -1 60 -1 60 -1 60 -1 60 -1 60 -1 60 -1 60 -1 60 -1 60 -1 -2
62 -1 60 -1 60 -1 60 -1 73 -1 60 -1 60 -1 74 -1 60 -1 66 -1 60 -1 76 -1 60 -1 68 -1 60 -1 90 -1 60 -1 88 -1 60 -1 89 -1 60 -1 88 -1 60 -1 60 -1 1373 -1 60 -1 60 -1 -2
62 -1 60 -1 60 -1 60 -1 73 -1 60 -1 60 -1 77 -1 60 -1 66 -1 60 -1 80 -1 60 -1 68 -1 60 -1 93 -1 86 -1 92 -1 60 -1 60 -1 60 -1 1137 -1 60 -1 60 -1 93 -1 60 -1 85 -1 -2
62 -1 60 -1 60 -1 60 -1 73 -1 60 -1 60 -1 71 -1 60 -1 66 -1 60 -1 72 -1 60 -1 76 -1 60 -1 87 -1 60 -1 91 -1 60 -1 85 -1 90 -1 60 -1 60 -1 60 -1 1067 -1 60 -1 60 -1 -2
62 -1 60 -1 60 -1 60 -1 73 -1 60 -1 60 -1 72 -1 60 -1 66 -1 60 -1 72 -1 60 -1 68 -1 60 -1 88 -1 60 -1 86 -1 60 -1 89 -1 60 -1 82 -1 60 -1 93 -1 60 -1 60 -1 60 -1 1386 -1 60 -1 60 -1 -2
62 -1 60 -1 60 -1 60 -1 73 -1 60 -1 60 -1 78 -1 60 -1 66 -1 60 -1 80 -1 60 -1 68 -1 60 -1 94 -1 91 -1 60 -1 84 -1 60 -1 60 -1 60 -1 1298 -1 60 -1 60 -1 -2
62 -1 60 -1 60 -1 60 -1 73 -1 60 -1 60 -1 75 -1 60 -1 66 -1 60 -1 76 -1 60 -1 68 -1 60 -1 91 -1 60 -1 87 -1 60 -1 81 -1 60 -1 60 -1 60 -1 1229 -1 60 -1 60 -1 -2
62 -1 60 -1 60 -1 60 -1 73 -1 60 -1 60 -1 77 -1 60 -1 66 -1 60 -1 80 -1 60 -1 76 -1 60 -1 93 -1 60 -1 92 -1 60 -1 88 -1 60 -1 86 -1 60 -1 60 -1 60 -1 1406 -1 60 -1 60 -1 -2
62 -1 60 -1 60 -1 60 -1 73 -1 60 -1 60 -1 75 -1 60 -1 66 -1 60 -1 76 -1 60 -1 72 -1 91 -1 88 -1 60 -1 93 -1 60 -1 85 -1 60 -1 86 -1 60 -1 60 -1 60 -1 1399 -1 60 -1 60 -1 -2
62 -1 60 -1 60 -1 60 -1 64 -1 171 -1 60 -1 60 -1 252 -1 1502 -1 2974 -1 1514 -1 252 -1 60 -1 60 -1 60 -1 60 -1 60 -1 60 -1 60 -1 60 -1 60 -1 60 -1 60 -1 60 -1 60 -1 60 -1 60 -1 60 -1 60 -1 60 -1 60 -1 60 -1 60 -1 60 -1 60 -1 60 -1 60 -1 60 -1 60 -1 60 -1 60 -1 60 -1 60 -1 60 -1 60 -1 60 -1 60 -1 60 -1 60 -1 60 -1 60 -1 60 -1 60 -1 60 -1 -2
62 -1 60 -1 60 -1 60 -1 73 -1 60 -1 60 -1 74 -1 60 -1 66 -1 60 -1 76 -1 60 -1 68 -1 60 -1 90 -1 60 -1 89 -1 60 -1 87 -1 60 -1 82 -1 60 -1 60 -1 1339 -1 60 -1 60 -1 -2
62 -1 60 -1 60 -1 60 -1 73 -1 60 -1 60 -1 73 -1 60 -1 66 -1 60 -1 72 -1 60 -1 68 -1 60 -1 89 -1 84 -1 82 -1 91 -1 60 -1 83 -1 60 -1 60 -1 60 -1 1211 -1 60 -1 60 -1 -2
62 -1 60 -1 60 -1 60 -1 73 -1 60 -1 60 -1 75 -1 60 -1 66 -1 60 -1 76 -1 60 -1 68 -1 60 -1 91 -1 60 -1 90 -1 60 -1 89 -1 60 -1 92 -1 60 -1 60 -1 60 -1 1236 -1 60 -1 60 -1 -2
62 -1 60 -1 60 -1 60 -1 73 -1 60 -1 60 -1 80 -1 60 -1 66 -1 60 -1 84 -1 60 -1 68 -1 60 -1 96 -1 60 -1 83 -1 60 -1 91 -1 60 -1 60 -1 60 -1 1260 -1 60 -1 60 -1 -2
62 -1 60 -1 60 -1 60 -1 73 -1 60 -1 60 -1 77 -1 60 -1 66 -1 60 -1 80 -1 60 -1 72 -1 60 -1 93 -1 90 -1 95 -1 60 -1 60 -1 1128 -1 60 -1 60 -1 93 -1 60 -1 87 -1 60 -1 84 -1 60 -1 88 -1 60 -1 60 -1 60 -1 1253 -1 60 -1 60 -1 93 -1 60 -1 90 -1 60 -1 92 -1 60 -1 89 -1 60 -1 60 -1 60 -1 1246 -1 60 -1 60 -1 60 -1 -2
62 -1 60 -1 60 -1 60 -1 73 -1 60 -1 60 -1 76 -1 60 -1 66 -1 60 -1 76 -1 60 -1 68 -1 60 -1 92 -1 60 -1 89 -1 60 -1 86 -1 60 -1 93 -1 60 -1 85 -1 60 -1 60 -1 60 -1 1135 -1 60 -1 60 -1 -2
62 -1 60 -1 60 -1 60 -1 73 -1 60 -1 60 -1 74 -1 60 -1 66 -1 60 -1 76 -1 60 -1 68 -1 60 -1 90 -1 60 -1 79 -1 88 -1 60 -1 87 -1 60 -1 60 -1 60 -1 1579 -1 60 -1 60 -1 -2
62 -1 60 -1 60 -1 60 -1 73 -1 60 -1 60 -1 76 -1 60 -1 66 -1 60 -1 76 -1 60 -1 68 -1 60 -1 92 -1 87 -1 88 -1 60 -1 87 -1 60 -1 86 -1 60 -1 60 -1 60 -1 1422 -1 60 -1 60 -1 -2
62 -1 60 -1 60 -1 60 -1 73 -1 60 -1 60 -1 77 -1 60 -1 66 -1 60 -1 80 -1 60 -1 68 -1 60 -1 93 -1 60 -1 86 -1 60 -1 90 -1 60 -1 85 -1 60 -1 60 -1 60 -1 1578 -1 60 -1 60 -1 -2
62 -1 60 -1 60 -1 60 -1 64 -1 167 -1 60 -1 60 -1 252 -1 1502 -1 2974 -1 1514 -1 796 -1 60 -1 60 -1 60 -1 60 -1 60 -1 60 -1 60 -1 60 -1 60 -1 60 -1 60 -1 60 -1 60 -1 60 -1 60 -1 60 -1 60 -1 60 -1 60 -1 60 -1 60 -1 60 -1 60 -1 60 -1 60 -1 60 -1 60 -1 60 -1 60 -1 66 -1 66 -1 60 -1 60 -1 -2
62 -1 60 -1 60 -1 60 -1 73 -1 60 -1 60 -1 80 -1 60 -1 66 -1 60 -1 84 -1 60 -1 72 -1 60 -1 96 -1 88 -1 60 -1 83 -1 60 -1 90 -1 60 -1 85 -1 60 -1 60 -1 60 -1 1129 -1 60 -1 60 -1 -2
62 -1 60 -1 60 -1 60 -1 73 -1 60 -1 60 -1 73 -1 60 -1 66 -1 60 -1 72 -1 60 -1 72 -1 60 -1 89 -1 86 -1 60 -1 85 -1 60 -1 89 -1 60 -1 60 -1 60 -1 991 -1 60 -1 60 -1 89 -1 60 -1 83 -1 60 -1 87 -1 60 -1 86 -1 88 -1 60 -1 60 -1 60 -1 1151 -1 60 -1 60 -1 89 -1 60 -1 80 -1 60 -1 93 -1 60 -1 88 -1 60 -1 90 -1 60 -1 60 -1 60 -1 1333 -1 60 -1 -2
62 -1 60 -1 60 -1 60 -1 73 -1 60 -1 60 -1 68 -1 60 -1 66 -1 60 -1 68 -1 60 -1 68 -1 60 -1 84 -1 90 -1 60 -1 85 -1 60 -1 91 -1 60 -1 91 -1 60 -1 60 -1 60 -1 1210 -1 60 -1 60 -1 -2
62 -1 60 -1 60 -1 60 -1 81 -1 -2
62 -1 60 -1 60 -1 60 -1 73 -1 60 -1 60 -1 79 -1 60 -1 66 -1 60 -1 80 -1 60 -1 76 -1 60 -1 95 -1 87 -1 60 -1 90 -1 60 -1 88 -1 60 -1 60 -1 60 -1 1341 -1 60 -1 60 -1 -2
60 -1 60 -1 80 -1 60 -1 60 -1 76 -1 60 -1 66 -1 60 -1 76 -1 72 -1 60 -1 94 -1 60 -1 94 -1 60 -1 87 -1 60 -1 60 -1 60 -1 655 -1 60 -1 60 -1 60 -1 -2
62 -1 60 -1 60 -1 60 -1 73 -1 60 -1 60 -1 78 -1 60 -1 66 -1 60 -1 80 -1 60 -1 68 -1 60 -1 94 -1 60 -1 83 -1 60 -1 89 -1 60 -1 88 -1 60 -1 90 -1 60 -1 60 -1 60 -1 1035 -1 60 -1 60 -1 -2
62 -1 60 -1 60 -1 60 -1 73 -1 60 -1 60 -1 71 -1 60 -1 66 -1 60 -1 72 -1 60 -1 68 -1 60 -1 87 -1 91 -1 60 -1 92 -1 60 -1 60 -1 60 -1 1271 -1 60 -1 60 -1 -2
62 -1 60 -1 60 -1 60 -1 73 -1 60 -1 60 -1 76 -1 60 -1 66 -1 60 -1 76 -1 60 -1 68 -1 60 -1 92 -1 60 -1 91 -1 60 -1 91 -1 60 -1 93 -1 60 -1 60 -1 60 -1 1038 -1 60 -1 60 -1 -2
62 -1 60 -1 60 -1 60 -1 73 -1 60 -1 60 -1 72 -1 60 -1 66 -1 60 -1 72 -1 60 -1 68 -1 60 -1 88 -1 86 -1 60 -1 87 -1 60 -1 85 -1 60 -1 83 -1 60 -1 60 -1 60 -1 1112 -1 60 -1 60 -1 -2
62 -1 60 -1 60 -1 60 -1 73 -1 -2
62 -1 60 -1 60 -1 60 -1 73 -1 60 -1 60 -1 76 -1 60 -1 66 -1 60 -1 76 -1 60 -1 72 -1 60 -1 92 -1 87 -1 60 -1 84 -1 60 -1 60 -1 60 -1 1246 -1 60 -1 60 -1 -2
62 -1 60 -1 60 -1 60 -1 73 -1 60 -1 60 -1 74 -1 60 -1 66 -1 60 -1 76 -1 60 -1 68 -1 60 -1 90 -1 60 -1 90 -1 60 -1 91 -1 60 -1 90 -1 60 -1 60 -1 60 -1 1127 -1 60 -1 60 -1 -2
62 -1 60 -1 60 -1 60 -1 80 -1 60 -1 60 -1 82 -1 60 -1 66 -1 60 -1 84 -1 60 -1 72 -1 60 -1 100 -1 60 -1 89 -1 60 -1 88 -1 60 -1 60 -1 685 -1 60 -1 -2
62 -1 60 -1 60 -1 60 -1 73 -1 60 -1 60 -1 72 -1 60 -1 66 -1 60 -1 72 -1 60 -1 76 -1 60 -1 88 -1 90 -1 83 -1 86 -1 60 -1 84 -1 60 -1 60 -1 60 -1 1164 -1 60 -1 60 -1 -2
62 -1 60 -1 60 -1 60 -1 73 -1 60 -1 60 -1 73 -1 60 -1 66 -1 60 -1 72 -1 60 -1 68 -1 60 -1 89 -1 60 -1 81 -1 60 -1 90 -1 60 -1 83 -1 60 -1 89 -1 60 -1 60 -1 60 -1 1345 -1 60 -1 60 -1 -2
62 -1 60 -1 60 -1 60 -1 64 -1 167 -1 60 -1 60 -1 60 -1 252 -1 1502 -1 1514 -1 63 -1 60 -1 60 -1 60 -1 60 -1 60 -1 60 -1 60 -1 60 -1 60 -1 60 -1 60 -1 60 -1 60 -1 60 -1 60 -1 60 -1 60 -1 60 -1 60 -1 -2
62 -1 60 -1 60 -1 60 -1 81 -1 -2
62 -1 60 -1 60 -1 60 -1 73 -1 60 -1 60 -1 78 -1 60 -1 66 -1 60 -1 80 -1 60 -1 68 -1 94 -1 60 -1 85 -1 60 -1 89 -1 60 -1 60 -1 60 -1 1085 -1 60 -1 60 -1 -2
62 -1 60 -1 60 -1 60 -1 77 -1 -2
62 -1 60 -1 60 -1 60 -1 81 -1 -2
62 -1 60 -1 60 -1 60 -1 73 -1 60 -1 60 -1 74 -1 60 -1 66 -1 60 -1 76 -1 60 -1 72 -1 60 -1 90 -1 60 -1 85 -1 88 -1 60 -1 87 -1 60 -1 60 -1 1116 -1 60 -1 60 -1 -2
62 -1 60 -1 60 -1 60 -1 88 -1 -2
62 -1 60 -1 60 -1 60 -1 64 -1 167 -1 60 -1 60 -1 252 -1 1502 -1 1514 -1 1514 -1 1514 -1 828 -1 60 -1 60 -1 60 -1 60 -1 60 -1 60 -1 60 -1 60 -1 60 -1 60 -1 60 -1 60 -1 60 -1 60 -1 60 -1 60 -1 60 -1 60 -1 60 -1 60 -1 60 -1 60 -1 60 -1 60 -1 60 -1 60 -1 60 -1 60 -1 60 -1 60 -1 60 -1 60 -1 60 -1 -2
62 -1 60 -1 60 -1 60 -1 64 -1 60 -1 183 -1 60 -1 60 -1 60 -1 60 -1 60 -1 380 -1 60 -1 1502 -1 1514 -1 335 -1 60 -1 60 -1 60 -1 -2
60 -1 60 -1 60 -1 64 -1 224 -1 60 -1 60 -1 60 -1 60 -1 60 -1 60 -1 60 -1 60 -1 60 -1 60 -1 60 -1 -2
62 -1 60 -1 60 -1 60 -1 64 -1 183 -1 60 -1 60 -1 252 -1 779 -1 60 -1 -2
62 -1 60 -1 60 -1 60 -1 64 -1 171 -1 60 -1 60 -1 60 -1 60 -1 252 -1 1502 -1 2974 -1 1514 -1 476 -1 60 -1 60 -1 60 -1 60 -1 60 -1 60 -1 60 -1 60 -1 60 -1 60 -1 60 -1 60 -1 60 -1 60 -1 60 -1 60 -1 60 -1 60 -1 60 -1 60 -1 60 -1 60 -1 60 -1 60 -1 60 -1 60 -1 60 -1 60 -1 60 -1 60 -1 60 -1 60 -1 60 -1 60 -1 60 -1 60 -1 60 -1 60 -1 60 -1 60 -1 60 -1 60 -1 -2
62 -1 60 -1 60 -1 60 -1 64 -1 167 -1 60 -1 60 -1 252 -1 795 -1 60 -1 -2
62 -1 60 -1 60 -1 60 -1 64 -1 171 -1 60 -1 60 -1 252 -1 1502 -1 1514 -1 1514 -1 1514 -1 460 -1 60 -1 60 -1 60 -1 60 -1 60 -1 60 -1 60 -1 60 -1 60 -1 60 -1 60 -1 60 -1 60 -1 60 -1 60 -1 60 -1 60 -1 60 -1 60 -1 60 -1 60 -1 60 -1 60 -1 60 -1 60 -1 60 -1 60 -1 60 -1 60 -1 60 -1 60 -1 60 -1 60 -1 -2
62 -1 60 -1 60 -1 60 -1 77 -1 -2
60 -1 60 -1 60 -1 64 -1 171 -1 60 -1 60 -1 60 -1 60 -1 252 -1 1502 -1 1514 -1 964 -1 60 -1 60 -1 60 -1 60 -1 60 -1 60 -1 60 -1 -2
60 -1 60 -1 64 -1 212 -1 60 -1 60 -1 60 -1 60 -1 60 -1 60 -1 60 -1 60 -1 60 -1 60 -1 60 -1 -2
62 -1 60 -1 60 -1 60 -1 64 -1 -2
62 -1 60 -1 60 -1 60 -1 83 -1 -2
60 -1 60 -1 73 -1 60 -1 60 -1 73 -1 60 -1 66 -1 60 -1 72 -1 60 -1 72 -1 60 -1 89 -1 90 -1 80 -1 60 -1 60 -1 1505 -1 60 -1 60 -1 -2
62 -1 60 -1 60 -1 60 -1 81 -1 -2
60 -1 60 -1 73 -1 60 -1 60 -1 74 -1 60 -1 66 -1 60 -1 76 -1 60 -1 68 -1 60 -1 90 -1 86 -1 60 -1 85 -1 60 -1 86 -1 60 -1 60 -1 60 -1 1014 -1 60 -1 60 -1 -2
62 -1 60 -1 60 -1 60 -1 64 -1 183 -1 60 -1 60 -1 252 -1 747 -1 60 -1 -2
62 -1 60 -1 60 -1 60 -1 77 -1 -2
60 -1 81 -1 89 -1 60 -1 60 -1 1146 -1 60 -1 60 -1 91 -1 60 -1 85 -1 60 -1 90 -1 60 -1 60 -1 60 -1 1003 -1 60 -1 60 -1 60 -1 60 -1 60 -1 -2
60 -1 91 -1 91 -1 60 -1 94 -1 60 -1 84 -1 60 -1 60 -1 60 -1 1003 -1 60 -1 60 -1 88 -1 60 -1 88 -1 60 -1 86 -1 60 -1 87 -1 60 -1 90 -1 60 -1 60 -1 60 -1 1180 -1 60 -1 60 -1 60 -1 60 -1 60 -1 -2
62 -1 60 -1 60 -1 60 -1 73 -1 60 -1 60 -1 79 -1 60 -1 66 -1 60 -1 80 -1 60 -1 68 -1 60 -1 95 -1 60 -1 83 -1 60 -1 87 -1 60 -1 60 -1 60 -1 -2
62 -1 60 -1 60 -1 60 -1 73 -1 60 -1 60 -1 74 -1 60 -1 66 -1 60 -1 76 -1 60 -1 68 -1 60 -1 90 -1 86 -1 89 -1 60 -1 88 -1 60 -1 60 -1 60 -1 1081 -1 60 -1 60 -1 -2
73 -1 60 -1 60 -1 76 -1 60 -1 66 -1 60 -1 76 -1 60 -1 76 -1 60 -1 92 -1 60 -1 88 -1 60 -1 85 -1 60 -1 60 -1 1563 -1 60 -1 60 -1 -2
62 -1 60 -1 60 -1 60 -1 73 -1 60 -1 60 -1 74 -1 60 -1 66 -1 60 -1 76 -1 60 -1 72 -1 60 -1 90 -1 60 -1 87 -1 60 -1 90 -1 60 -1 60 -1 60 -1 1198 -1 60 -1 60 -1 -2
62 -1 60 -1 60 -1 60 -1 73 -1 60 -1 60 -1 78 -1 60 -1 66 -1 60 -1 80 -1 60 -1 72 -1 60 -1 94 -1 91 -1 60 -1 89 -1 60 -1 85 -1 60 -1 60 -1 60 -1 1434 -1 60 -1 60 -1 -2
62 -1 60 -1 60 -1 60 -1 73 -1 60 -1 60 -1 74 -1 60 -1 66 -1 60 -1 76 -1 60 -1 68 -1 60 -1 90 -1 60 -1 91 -1 60 -1 88 -1 60 -1 60 -1 60 -1 1164 -1 60 -1 60 -1 -2
62 -1 60 -1 60 -1 60 -1 73 -1 60 -1 60 -1 72 -1 60 -1 66 -1 60 -1 72 -1 60 -1 76 -1 60 -1 88 -1 60 -1 88 -1 96 -1 60 -1 60 -1 60 -1 1243 -1 60 -1 60 -1 -2
62 -1 60 -1 60 -1 60 -1 73 -1 60 -1 60 -1 72 -1 60 -1 66 -1 60 -1 72 -1 60 -1 72 -1 60 -1 88 -1 60 -1 87 -1 60 -1 87 -1 60 -1 87 -1 60 -1 87 -1 60 -1 60 -1 60 -1 1065 -1 60 -1 60 -1 -2
60 -1 73 -1 60 -1 60 -1 79 -1 60 -1 66 -1 60 -1 80 -1 60 -1 72 -1 60 -1 95 -1 91 -1 60 -1 81 -1 60 -1 60 -1 60 -1 1274 -1 60 -1 60 -1 -2
62 -1 60 -1 60 -1 60 -1 73 -1 60 -1 60 -1 76 -1 60 -1 66 -1 60 -1 76 -1 60 -1 68 -1 60 -1 92 -1 60 -1 84 -1 60 -1 89 -1 60 -1 60 -1 60 -1 1535 -1 60 -1 60 -1 -2
62 -1 60 -1 60 -1 60 -1 73 -1 60 -1 60 -1 74 -1 60 -1 66 -1 60 -1 76 -1 60 -1 68 -1 90 -1 60 -1 84 -1 60 -1 85 -1 60 -1 89 -1 60 -1 87 -1 60 -1 60 -1 60 -1 1474 -1 60 -1 60 -1 -2
62 -1 60 -1 60 -1 60 -1 64 -1 60 -1 183 -1 60 -1 60 -1 60 -1 60 -1 380 -1 60 -1 1502 -1 1514 -1 367 -1 60 -1 60 -1 60 -1 -2
62 -1 60 -1 60 -1 60 -1 82 -1 -2
62 -1 60 -1 60 -1 60 -1 73 -1 60 -1 60 -1 74 -1 60 -1 66 -1 60 -1 76 -1 60 -1 72 -1 60 -1 90 -1 60 -1 85 -1 60 -1 92 -1 60 -1 89 -1 60 -1 90 -1 60 -1 60 -1 60 -1 1435 -1 60 -1 60 -1 -2
62 -1 60 -1 60 -1 60 -1 73 -1 60 -1 60 -1 78 -1 60 -1 66 -1 60 -1 80 -1 60 -1 68 -1 60 -1 94 -1 60 -1 97 -1 60 -1 89 -1 60 -1 60 -1 60 -1 1520 -1 60 -1 60 -1 -2
62 -1 60 -1 60 -1 60 -1 73 -1 60 -1 60 -1 76 -1 60 -1 66 -1 60 -1 76 -1 60 -1 68 -1 60 -1 92 -1 60 -1 85 -1 89 -1 60 -1 86 -1 60 -1 84 -1 60 -1 60 -1 60 -1 1338 -1 60 -1 60 -1 -2
62 -1 60 -1 60 -1 60 -1 73 -1 60 -1 60 -1 76 -1 60 -1 66 -1 60 -1 76 -1 60 -1 68 -1 60 -1 92 -1 87 -1 85 -1 60 -1 85 -1 60 -1 60 -1 60 -1 1020 -1 60 -1 60 -1 92 -1 60 -1 83 -1 60 -1 85 -1 60 -1 60 -1 60 -1 1232 -1 60 -1 60 -1 92 -1 60 -1 84 -1 -2
62 -1 60 -1 60 -1 60 -1 64 -1 183 -1 60 -1 60 -1 380 -1 475 -1 475 -1 60 -1 60 -1 60 -1 -2
62 -1 60 -1 60 -1 60 -1 81 -1 -2
62 -1 60 -1 60 -1 60 -1 64 -1 183 -1 60 -1 60 -1 60 -1 60 -1 252 -1 1502 -1 1514 -1 628 -1 60 -1 60 -1 60 -1 60 -1 60 -1 60 -1 60 -1 60 -1 60 -1 60 -1 60 -1 60 -1 60 -1 60 -1 60 -1 60 -1 60 -1 60 -1 60 -1 60 -1 60 -1 60 -1 60 -1 60 -1 60 -1 -2
62 -1 60 -1 60 -1 60 -1 82 -1 -2
62 -1 60 -1 60 -1 60 -1 64 -1 183 -1 60 -1 60 -1 252 -1 1502 -1 1514 -1 1514 -1 1514 -1 396 -1 60 -1 60 -1 60 -1 60 -1 60 -1 60 -1 60 -1 60 -1 60 -1 60 -1 60 -1 60 -1 60 -1 60 -1 60 -1 60 -1 60 -1 60 -1 60 -1 60 -1 60 -1 60 -1 60 -1 60 -1 60 -1 60 -1 60 -1 60 -1 60 -1 60 -1 60 -1 60 -1 60 -1 60 -1 60 -1 60 -1 60 -1 60 -1 60 -1 60 -1 60 -1 60 -1 60 -1 60 -1 60 -1 60 -1 -2
62 -1 60 -1 60 -1 60 -1 64 -1 183 -1 60 -1 60 -1 60 -1 60 -1 252 -1 1502 -1 1514 -1 916 -1 60 -1 60 -1 60 -1 60 -1 60 -1 60 -1 60 -1 60 -1 -2
62 -1 60 -1 60 -1 60 -1 80 -1 60 -1 60 -1 78 -1 60 -1 66 -1 60 -1 80 -1 60 -1 68 -1 60 -1 96 -1 60 -1 88 -1 60 -1 90 -1 60 -1 84 -1 60 -1 60 -1 60 -1 664 -1 60 -1 60 -1 -2
62 -1 60 -1 60 -1 60 -1 64 -1 183 -1 60 -1 60 -1 252 -1 1502 -1 2974 -1 1514 -1 380 -1 60 -1 60 -1 60 -1 60 -1 60 -1 60 -1 60 -1 60 -1 60 -1 60 -1 60 -1 60 -1 60 -1 60 -1 60 -1 60 -1 60 -1 60 -1 60 -1 60 -1 60 -1 60 -1 60 -1 60 -1 60 -1 60 -1 60 -1 60 -1 60 -1 60 -1 60 -1 60 -1 60 -1 60 -1 60 -1 60 -1 60 -1 60 -1 60 -1 60 -1 60 -1 60 -1 60 -1 60 -1 60 -1 60 -1 -2
62 -1 60 -1 60 -1 60 -1 73 -1 60 -1 60 -1 78 -1 60 -1 66 -1 60 -1 80 -1 60 -1 68 -1 60 -1 94 -1 60 -1 89 -1 60 -1 89 -1 85 -1 60 -1 60 -1 60 -1 1172 -1 60 -1 60 -1 94 -1 60 -1 86 -1 60 -1 93 -1 60 -1 88 -1 60 -1 60 -1 60 -1 1417 -1 60 -1 60 -1 94 -1 60 -1 85 -1 60 -1 85 -1 60 -1 85 -1 60 -1 60 -1 60 -1 1282 -1 60 -1 60 -1 60 -1 60 -1 60 -1 -2
62 -1 60 -1 60 -1 60 -1 64 -1 183 -1 60 -1 60 -1 252 -1 1502 -1 1514 -1 191 -1 60 -1 60 -1 60 -1 60 -1 60 -1 60 -1 60 -1 60 -1 60 -1 60 -1 60 -1 60 -1 60 -1 60 -1 60 -1 60 -1 60 -1 60 -1 60 -1 60 -1 60 -1 60 -1 60 -1 60 -1 60 -1 60 -1 60 -1 60 -1 60 -1 60 -1 60 -1 60 -1 60 -1 60 -1 60 -1 60 -1 60 -1 60 -1 60 -1 60 -1 60 -1 60 -1 60 -1 60 -1 -2
62 -1 60 -1 60 -1 60 -1 64 -1 183 -1 60 -1 60 -1 380 -1 1502 -1 1091 -1 60 -1 60 -1 -2
62 -1 60 -1 60 -1 60 -1 64 -1 -2
62 -1 60 -1 60 -1 60 -1 73 -1 60 -1 60 -1 73 -1 60 -1 66 -1 60 -1 72 -1 60 -1 68 -1 60 -1 89 -1 92 -1 90 -1 86 -1 87 -1 60 -1 60 -1 60 -1 1405 -1 60 -1 60 -1 -2
62 -1 60 -1 60 -1 60 -1 73 -1 60 -1 60 -1 87 -1 60 -1 66 -1 60 -1 92 -1 60 -1 68 -1 60 -1 103 -1 60 -1 98 -1 60 -1 86 -1 60 -1 60 -1 60 -1 1245 -1 60 -1 60 -1 -2
60 -1 75 -1 60 -1 66 -1 60 -1 76 -1 60 -1 72 -1 60 -1 91 -1 60 -1 85 -1 60 -1 89 -1 60 -1 85 -1 60 -1 60 -1 60 -1 1067 -1 60 -1 60 -1 91 -1 60 -1 86 -1 60 -1 88 -1 60 -1 87 -1 60 -1 88 -1 60 -1 60 -1 60 -1 1471 -1 60 -1 60 -1 91 -1 60 -1 91 -1 60 -1 91 -1 60 -1 84 -1 60 -1 92 -1 60 -1 60 -1 60 -1 1163 -1 60 -1 60 -1 60 -1 60 -1 -2
62 -1 60 -1 60 -1 60 -1 77 -1 -2
60 -1 60 -1 73 -1 60 -1 60 -1 77 -1 60 -1 66 -1 60 -1 80 -1 60 -1 68 -1 60 -1 93 -1 60 -1 87 -1 84 -1 60 -1 81 -1 60 -1 90 -1 60 -1 60 -1 60 -1 1215 -1 60 -1 60 -1 -2
