62 -1 60 -1 60 -1 60 -1 73 -1 60 -1 60 -1 77 -1 60 -1 66 -1 60 -1 80 -1 60 -1 72 -1 60 -1 -2
60 -1 60 -1 73 -1 60 -1 60 -1 70 -1 60 -1 66 -1 60 -1 68 -1 60 -1 68 -1 60 -1 -2
62 -1 60 -1 60 -1 60 -1 64 -1 60 -1 183 -1 60 -1 60 -1 240 -1 60 -1 652 -1 60 -1 60 -1 -2
62 -1 60 -1 60 -1 60 -1 81 -1 -2
62 -1 60 -1 60 -1 60 -1 62 -1 60 -1 60 -1 -2
60 -1 60 -1 73 -1 60 -1 60 -1 75 -1 60 -1 66 -1 60 -1 76 -1 60 -1 68 -1 60 -1 -2
60 -1 74 -1 60 -1 66 -1 60 -1 76 -1 72 -1 60 -1 90 -1 60 -1 87 -1 60 -1 892 -1 60 -1 60 -1 -2
62 -1 60 -1 60 -1 60 -1 73 -1 -2
60 -1 60 -1 62 -1 60 -1 60 -1 60 -1 62 -1 -2
62 -1 60 -1 60 -1 60 -1 73 -1 60 -1 60 -1 73 -1 60 -1 66 -1 60 -1 72 -1 60 -1 72 -1 60 -1 89 -1 60 -1 89 -1 60 -1 60 -1 1006 -1 60 -1 60 -1 -2
60 -1 60 -1 73 -1 60 -1 60 -1 77 -1 60 -1 66 -1 60 -1 80 -1 60 -1 72 -1 60 -1 93 -1 60 -1 85 -1 60 -1 60 -1 1029 -1 60 -1 60 -1 -2
60 -1 60 -1 73 -1 60 -1 60 -1 75 -1 60 -1 66 -1 60 -1 76 -1 60 -1 72 -1 60 -1 91 -1 85 -1 60 -1 60 -1 1083 -1 60 -1 60 -1 -2
62 -1 60 -1 60 -1 60 -1 73 -1 60 -1 60 -1 71 -1 60 -1 66 -1 60 -1 72 -1 60 -1 72 -1 60 -1 87 -1 60 -1 90 -1 60 -1 60 -1 1095 -1 60 -1 60 -1 -2
62 -1 60 -1 60 -1 60 -1 64 -1 -2
62 -1 60 -1 60 -1 60 -1 73 -1 60 -1 60 -1 79 -1 60 -1 66 -1 60 -1 80 -1 60 -1 68 -1 60 -1 95 -1 86 -1 60 -1 60 -1 60 -1 953 -1 60 -1 60 -1 -2
60 -1 60 -1 73 -1 60 -1 60 -1 78 -1 60 -1 66 -1 60 -1 80 -1 60 -1 68 -1 60 -1 94 -1 91 -1 60 -1 60 -1 1149 -1 60 -1 60 -1 -2
62 -1 60 -1 60 -1 60 -1 64 -1 -2
60 -1 60 -1 73 -1 60 -1 60 -1 75 -1 60 -1 66 -1 60 -1 76 -1 60 -1 68 -1 60 -1 91 -1 87 -1 60 -1 60 -1 60 -1 1074 -1 60 -1 60 -1 -2
62 -1 60 -1 60 -1 60 -1 64 -1 -2
60 -1 60 -1 73 -1 60 -1 60 -1 75 -1 60 -1 66 -1 60 -1 76 -1 60 -1 68 -1 60 -1 91 -1 82 -1 60 -1 60 -1 1019 -1 60 -1 60 -1 -2
60 -1 60 -1 73 -1 60 -1 60 -1 75 -1 60 -1 66 -1 60 -1 76 -1 60 -1 72 -1 60 -1 91 -1 88 -1 60 -1 60 -1 60 -1 983 -1 60 -1 60 -1 -2
62 -1 60 -1 60 -1 60 -1 82 -1 -2
62 -1 60 -1 60 -1 60 -1 73 -1 60 -1 60 -1 74 -1 60 -1 66 -1 60 -1 76 -1 60 -1 72 -1 60 -1 90 -1 91 -1 60 -1 60 -1 1034 -1 60 -1 60 -1 -2
60 -1 60 -1 73 -1 60 -1 60 -1 77 -1 60 -1 66 -1 60 -1 80 -1 60 -1 72 -1 60 -1 93 -1 94 -1 60 -1 60 -1 1009 -1 60 -1 60 -1 -2
62 -1 60 -1 60 -1 60 -1 73 -1 60 -1 60 -1 70 -1 60 -1 66 -1 60 -1 68 -1 60 -1 76 -1 60 -1 86 -1 60 -1 86 -1 60 -1 60 -1 60 -1 60 -1 1006 -1 60 -1 60 -1 -2
60 -1 60 -1 73 -1 60 -1 60 -1 75 -1 60 -1 66 -1 60 -1 76 -1 60 -1 72 -1 60 -1 91 -1 89 -1 60 -1 60 -1 60 -1 1012 -1 60 -1 60 -1 -2
60 -1 60 -1 73 -1 60 -1 60 -1 72 -1 60 -1 66 -1 60 -1 72 -1 60 -1 68 -1 88 -1 89 -1 60 -1 60 -1 937 -1 60 -1 60 -1 -2
62 -1 60 -1 60 -1 60 -1 62 -1 -2
62 -1 60 -1 60 -1 60 -1 83 -1 -2
62 -1 60 -1 60 -1 60 -1 62 -1 -2
62 -1 60 -1 60 -1 60 -1 73 -1 60 -1 60 -1 76 -1 60 -1 66 -1 60 -1 76 -1 60 -1 72 -1 60 -1 92 -1 60 -1 88 -1 60 -1 60 -1 60 -1 1067 -1 60 -1 -2
62 -1 60 -1 60 -1 60 -1 62 -1 -2
62 -1 60 -1 60 -1 60 -1 62 -1 -2
60 -1 60 -1 64 -1 60 -1 183 -1 60 -1 60 -1 60 -1 380 -1 60 -1 1502 -1 1475 -1 60 -1 60 -1 60 -1 -2
60 -1 60 -1 62 -1 60 -1 60 -1 60 -1 62 -1 -2
