212 -1 212 -1 212 -1 212 -1 212 -1 212 -1 212 -1 212 -1 212 -1 62 -1 212 -1 212 -1 212 -1 -2
212 -1 212 -1 212 -1 212 -1 212 -1 212 -1 212 -1 212 -1 212 -1 212 -1 62 -1 212 -1 212 -1 212 -1 -2
130 -1 62 -1 362 -1 362 -1 362 -1 88 -1 109 -1 62 -1 62 -1 67 -1 67 -1 67 -1 67 -1 -2
212 -1 212 -1 212 -1 212 -1 212 -1 212 -1 212 -1 212 -1 62 -1 212 -1 62 -1 212 -1 212 -1 212 -1 212 -1 212 -1 212 -1 212 -1 212 -1 212 -1 212 -1 212 -1 212 -1 212 -1 212 -1 212 -1 212 -1 212 -1 212 -1 -2
212 -1 212 -1 212 -1 212 -1 212 -1 212 -1 212 -1 212 -1 212 -1 212 -1 212 -1 212 -1 62 -1 212 -1 212 -1 -2
212 -1 212 -1 212 -1 212 -1 212 -1 212 -1 212 -1 212 -1 212 -1 212 -1 62 -1 -2
242 -1 62 -1 362 -1 362 -1 63 -1 63 -1 63 -1 314 -1 100 -1 109 -1 62 -1 62 -1 67 -1 62 -1 212 -1 180 -1 -2
212 -1 212 -1 212 -1 212 -1 212 -1 212 -1 212 -1 212 -1 212 -1 212 -1 -2
212 -1 212 -1 212 -1 62 -1 212 -1 212 -1 212 -1 212 -1 212 -1 212 -1 212 -1 212 -1 212 -1 -2
67 -1 62 -1 212 -1 212 -1 212 -1 212 -1 212 -1 212 -1 212 -1 212 -1 -2
212 -1 212 -1 212 -1 212 -1 212 -1 212 -1 212 -1 212 -1 212 -1 212 -1 212 -1 62 -1 212 -1 212 -1 212 -1 212 -1 -2
212 -1 62 -1 212 -1 62 -1 212 -1 62 -1 212 -1 -2
130 -1 62 -1 362 -1 362 -1 88 -1 88 -1 109 -1 62 -1 62 -1 67 -1 212 -1 62 -1 212 -1 62 -1 212 -1 212 -1 212 -1 212 -1 212 -1 212 -1 -2
62 -1 212 -1 212 -1 212 -1 212 -1 212 -1 212 -1 212 -1 212 -1 62 -1 212 -1 -2
212 -1 212 -1 212 -1 212 -1 212 -1 212 -1 212 -1 212 -1 212 -1 212 -1 212 -1 212 -1 -2
72 -1 130 -1 130 -1 662 -1 88 -1 68 -1 109 -1 62 -1 67 -1 212 -1 212 -1 212 -1 212 -1 212 -1 212 -1 212 -1 212 -1 -2
130 -1 62 -1 362 -1 362 -1 109 -1 62 -1 88 -1 100 -1 62 -1 67 -1 62 -1 362 -1 212 -1 212 -1 212 -1 212 -1 62 -1 62 -1 212 -1 212 -1 212 -1 212 -1 212 -1 212 -1 212 -1 -2
212 -1 212 -1 212 -1 212 -1 212 -1 212 -1 62 -1 212 -1 212 -1 -2
212 -1 212 -1 212 -1 212 -1 212 -1 212 -1 212 -1 212 -1 62 -1 -2
212 -1 212 -1 212 -1 212 -1 212 -1 212 -1 212 -1 212 -1 212 -1 212 -1 212 -1 212 -1 212 -1 212 -1 62 -1 -2
212 -1 212 -1 212 -1 212 -1 212 -1 212 -1 212 -1 212 -1 62 -1 212 -1 212 -1 212 -1 212 -1 212 -1 212 -1 212 -1 212 -1 212 -1 212 -1 212 -1 212 -1 -2
212 -1 212 -1 212 -1 212 -1 212 -1 212 -1 212 -1 212 -1 212 -1 212 -1 212 -1 212 -1 212 -1 212 -1 212 -1 212 -1 212 -1 212 -1 212 -1 212 -1 212 -1 62 -1 212 -1 212 -1 -2
72 -1 130 -1 62 -1 362 -1 109 -1 62 -1 362 -1 89 -1 62 -1 100 -1 67 -1 62 -1 212 -1 212 -1 212 -1 -2
212 -1 212 -1 212 -1 212 -1 62 -1 212 -1 212 -1 212 -1 62 -1 -2
212 -1 212 -1 212 -1 212 -1 212 -1 212 -1 212 -1 212 -1 212 -1 212 -1 212 -1 212 -1 212 -1 -2
212 -1 212 -1 212 -1 212 -1 212 -1 212 -1 212 -1 -2
212 -1 212 -1 212 -1 212 -1 212 -1 212 -1 212 -1 212 -1 212 -1 212 -1 212 -1 212 -1 212 -1 212 -1 212 -1 212 -1 212 -1 212 -1 212 -1 212 -1 212 -1 -2
130 -1 130 -1 62 -1 109 -1 62 -1 62 -1 362 -1 62 -1 62 -1 388 -1 100 -1 62 -1 -2
212 -1 212 -1 212 -1 212 -1 212 -1 212 -1 62 -1 212 -1 212 -1 212 -1 212 -1 212 -1 212 -1 212 -1 -2
362 -1 109 -1 62 -1 88 -1 100 -1 67 -1 212 -1 212 -1 212 -1 212 -1 212 -1 212 -1 212 -1 212 -1 212 -1 212 -1 212 -1 212 -1 212 -1 212 -1 212 -1 212 -1 212 -1 212 -1 212 -1 -2
62 -1 62 -1 62 -1 165 -1 221 -1 152 -1 568 -1 60 -1 68 -1 64 -1 60 -1 88 -1 -2
109 -1 100 -1 72 -1 72 -1 130 -1 130 -1 -2
212 -1 62 -1 212 -1 212 -1 212 -1 212 -1 212 -1 212 -1 212 -1 212 -1 212 -1 212 -1 212 -1 212 -1 212 -1 212 -1 212 -1 212 -1 212 -1 -2
130 -1 62 -1 362 -1 362 -1 109 -1 62 -1 88 -1 100 -1 67 -1 62 -1 362 -1 212 -1 212 -1 212 -1 212 -1 212 -1 212 -1 212 -1 212 -1 212 -1 212 -1 212 -1 212 -1 212 -1 212 -1 212 -1 212 -1 212 -1 212 -1 212 -1 212 -1 212 -1 212 -1 212 -1 -2
