60 -1 60 -1 60 -1 60 -1 60 -1 60 -1 60 -1 60 -1 60 -1 60 -1 60 -1 155 -1 60 -1 60 -1 130 -1 60 -1 152 -1 60 -1 60 -1 60 -1 60 -1 60 -1 60 -1 -2
60 -1 60 -1 60 -1 60 -1 60 -1 60 -1 60 -1 60 -1 60 -1 60 -1 60 -1 155 -1 60 -1 60 -1 145 -1 60 -1 60 -1 60 -1 60 -1 60 -1 60 -1 60 -1 60 -1 146 -1 60 -1 60 -1 60 -1 60 -1 60 -1 152 -1 60 -1 60 -1 60 -1 60 -1 60 -1 60 -1 -2
60 -1 60 -1 60 -1 60 -1 60 -1 60 -1 60 -1 60 -1 60 -1 60 -1 60 -1 60 -1 60 -1 60 -1 60 -1 60 -1 60 -1 60 -1 60 -1 147 -1 60 -1 60 -1 60 -1 60 -1 60 -1 60 -1 60 -1 60 -1 60 -1 60 -1 60 -1 60 -1 60 -1 60 -1 60 -1 60 -1 60 -1 60 -1 60 -1 60 -1 60 -1 60 -1 60 -1 60 -1 60 -1 60 -1 60 -1 60 -1 60 -1 60 -1 60 -1 60 -1 60 -1 60 -1 152 -1 60 -1 60 -1 60 -1 60 -1 152 -1 60 -1 60 -1 60 -1 60 -1 60 -1 60 -1 60 -1 60 -1 60 -1 152 -1 60 -1 60 -1 60 -1 60 -1 60 -1 60 -1 60 -1 60 -1 60 -1 60 -1 60 -1 60 -1 60 -1 60 -1 60 -1 147 -1 60 -1 60 -1 60 -1 60 -1 60 -1 152 -1 60 -1 60 -1 60 -1 60 -1 60 -1 60 -1 -2
60 -1 60 -1 60 -1 60 -1 60 -1 60 -1 60 -1 60 -1 60 -1 60 -1 60 -1 66 -1 66 -1 66 -1 66 -1 60 -1 164 -1 991 -1 60 -1 60 -1 60 -1 60 -1 60 -1 60 -1 60 -1 60 -1 60 -1 60 -1 60 -1 60 -1 60 -1 60 -1 60 -1 60 -1 60 -1 60 -1 60 -1 60 -1 60 -1 60 -1 60 -1 60 -1 60 -1 60 -1 60 -1 60 -1 60 -1 60 -1 60 -1 60 -1 66 -1 66 -1 66 -1 66 -1 66 -1 66 -1 66 -1 66 -1 60 -1 60 -1 60 -1 60 -1 60 -1 60 -1 60 -1 60 -1 60 -1 60 -1 60 -1 60 -1 60 -1 60 -1 60 -1 60 -1 60 -1 60 -1 60 -1 60 -1 60 -1 60 -1 60 -1 60 -1 60 -1 60 -1 60 -1 60 -1 60 -1 60 -1 60 -1 60 -1 60 -1 60 -1 60 -1 60 -1 60 -1 60 -1 60 -1 60 -1 60 -1 60 -1 60 -1 60 -1 60 -1 60 -1 60 -1 60 -1 60 -1 60 -1 60 -1 60 -1 60 -1 60 -1 60 -1 60 -1 60 -1 60 -1 60 -1 60 -1 60 -1 60 -1 60 -1 60 -1 60 -1 60 -1 60 -1 60 -1 60 -1 60 -1 60 -1 60 -1 60 -1 60 -1 60 -1 60 -1 60 -1 60 -1 60 -1 60 -1 60 -1 60 -1 60 -1 60 -1 60 -1 60 -1 152 -1 -2
60 -1 60 -1 60 -1 60 -1 60 -1 144 -1 254 -1 60 -1 60 -1 66 -1 66 -1 66 -1 60 -1 60 -1 60 -1 60 -1 60 -1 155 -1 60 -1 60 -1 60 -1 60 -1 60 -1 60 -1 60 -1 60 -1 60 -1 60 -1 66 -1 66 -1 66 -1 66 -1 66 -1 66 -1 60 -1 151 -1 60 -1 60 -1 60 -1 162 -1 60 -1 60 -1 60 -1 60 -1 60 -1 60 -1 60 -1 60 -1 60 -1 60 -1 66 -1 66 -1 66 -1 66 -1 66 -1 66 -1 60 -1 60 -1 60 -1 60 -1 60 -1 60 -1 60 -1 60 -1 60 -1 60 -1 60 -1 60 -1 60 -1 60 -1 60 -1 60 -1 60 -1 60 -1 60 -1 60 -1 152 -1 60 -1 60 -1 60 -1 60 -1 60 -1 60 -1 -2
60 -1 60 -1 60 -1 60 -1 60 -1 60 -1 60 -1 60 -1 60 -1 155 -1 134 -1 60 -1 137 -1 60 -1 60 -1 60 -1 60 -1 60 -1 60 -1 60 -1 60 -1 60 -1 60 -1 60 -1 60 -1 60 -1 60 -1 60 -1 60 -1 60 -1 60 -1 60 -1 148 -1 60 -1 675 -1 60 -1 60 -1 152 -1 60 -1 60 -1 60 -1 60 -1 60 -1 60 -1 60 -1 60 -1 155 -1 60 -1 60 -1 60 -1 60 -1 60 -1 60 -1 60 -1 60 -1 60 -1 60 -1 60 -1 60 -1 60 -1 60 -1 60 -1 60 -1 60 -1 60 -1 60 -1 60 -1 155 -1 244 -1 60 -1 60 -1 60 -1 60 -1 60 -1 60 -1 60 -1 60 -1 60 -1 60 -1 60 -1 60 -1 60 -1 60 -1 60 -1 60 -1 60 -1 60 -1 155 -1 60 -1 60 -1 133 -1 60 -1 60 -1 60 -1 60 -1 60 -1 60 -1 60 -1 60 -1 60 -1 60 -1 60 -1 60 -1 60 -1 60 -1 60 -1 60 -1 60 -1 60 -1 60 -1 66 -1 66 -1 66 -1 74 -1 74 -1 66 -1 66 -1 66 -1 60 -1 60 -1 60 -1 60 -1 60 -1 60 -1 60 -1 60 -1 60 -1 60 -1 60 -1 60 -1 60 -1 60 -1 60 -1 60 -1 60 -1 60 -1 60 -1 60 -1 60 -1 60 -1 60 -1 60 -1 60 -1 60 -1 60 -1 60 -1 60 -1 60 -1 60 -1 60 -1 60 -1 -2
60 -1 60 -1 60 -1 60 -1 60 -1 60 -1 60 -1 60 -1 155 -1 60 -1 60 -1 151 -1 60 -1 60 -1 60 -1 60 -1 60 -1 60 -1 60 -1 60 -1 60 -1 60 -1 60 -1 60 -1 60 -1 60 -1 152 -1 60 -1 60 -1 60 -1 60 -1 60 -1 60 -1 -2
60 -1 60 -1 60 -1 60 -1 60 -1 60 -1 60 -1 60 -1 60 -1 -2
60 -1 60 -1 60 -1 60 -1 60 -1 60 -1 60 -1 60 -1 60 -1 60 -1 60 -1 60 -1 60 -1 60 -1 60 -1 60 -1 60 -1 60 -1 60 -1 60 -1 60 -1 60 -1 60 -1 60 -1 60 -1 155 -1 1007 -1 60 -1 60 -1 60 -1 60 -1 60 -1 60 -1 60 -1 60 -1 60 -1 60 -1 60 -1 60 -1 60 -1 60 -1 60 -1 60 -1 60 -1 60 -1 60 -1 60 -1 60 -1 60 -1 60 -1 60 -1 60 -1 60 -1 60 -1 60 -1 60 -1 60 -1 60 -1 60 -1 60 -1 60 -1 60 -1 60 -1 60 -1 60 -1 60 -1 60 -1 60 -1 60 -1 60 -1 60 -1 60 -1 60 -1 60 -1 60 -1 60 -1 60 -1 60 -1 66 -1 66 -1 66 -1 66 -1 66 -1 66 -1 60 -1 60 -1 60 -1 60 -1 60 -1 60 -1 60 -1 60 -1 60 -1 60 -1 60 -1 60 -1 60 -1 60 -1 60 -1 60 -1 60 -1 60 -1 60 -1 60 -1 60 -1 60 -1 60 -1 152 -1 816 -1 60 -1 60 -1 60 -1 60 -1 60 -1 60 -1 60 -1 60 -1 60 -1 60 -1 146 -1 60 -1 60 -1 60 -1 60 -1 60 -1 60 -1 60 -1 60 -1 60 -1 60 -1 60 -1 60 -1 60 -1 60 -1 60 -1 60 -1 60 -1 60 -1 60 -1 60 -1 60 -1 152 -1 60 -1 60 -1 159 -1 60 -1 60 -1 60 -1 60 -1 60 -1 60 -1 60 -1 60 -1 60 -1 60 -1 60 -1 60 -1 60 -1 60 -1 60 -1 60 -1 60 -1 60 -1 60 -1 60 -1 60 -1 152 -1 60 -1 60 -1 60 -1 145 -1 60 -1 60 -1 60 -1 60 -1 60 -1 60 -1 60 -1 60 -1 155 -1 60 -1 152 -1 60 -1 60 -1 60 -1 60 -1 60 -1 60 -1 60 -1 60 -1 60 -1 60 -1 60 -1 60 -1 60 -1 60 -1 60 -1 60 -1 152 -1 60 -1 60 -1 60 -1 60 -1 60 -1 60 -1 152 -1 60 -1 60 -1 60 -1 60 -1 60 -1 60 -1 60 -1 60 -1 60 -1 60 -1 60 -1 60 -1 60 -1 60 -1 60 -1 60 -1 60 -1 60 -1 60 -1 60 -1 60 -1 60 -1 60 -1 60 -1 60 -1 152 -1 60 -1 60 -1 60 -1 60 -1 60 -1 60 -1 60 -1 143 -1 60 -1 60 -1 60 -1 60 -1 60 -1 60 -1 60 -1 60 -1 60 -1 60 -1 60 -1 60 -1 60 -1 146 -1 -2
60 -1 60 -1 60 -1 60 -1 60 -1 60 -1 60 -1 60 -1 60 -1 60 -1 60 -1 106 -1 155 -1 60 -1 60 -1 60 -1 60 -1 60 -1 60 -1 60 -1 60 -1 60 -1 60 -1 60 -1 60 -1 60 -1 60 -1 130 -1 155 -1 60 -1 152 -1 60 -1 60 -1 60 -1 145 -1 60 -1 60 -1 60 -1 60 -1 60 -1 60 -1 60 -1 60 -1 60 -1 60 -1 60 -1 60 -1 66 -1 66 -1 66 -1 60 -1 146 -1 60 -1 60 -1 60 -1 60 -1 155 -1 60 -1 60 -1 152 -1 60 -1 60 -1 153 -1 60 -1 60 -1 60 -1 60 -1 60 -1 60 -1 60 -1 60 -1 60 -1 60 -1 60 -1 152 -1 60 -1 60 -1 60 -1 60 -1 60 -1 60 -1 152 -1 60 -1 60 -1 60 -1 60 -1 60 -1 60 -1 154 -1 60 -1 60 -1 60 -1 60 -1 60 -1 60 -1 60 -1 60 -1 60 -1 155 -1 60 -1 60 -1 60 -1 142 -1 60 -1 60 -1 60 -1 60 -1 60 -1 60 -1 60 -1 60 -1 60 -1 152 -1 60 -1 60 -1 60 -1 60 -1 60 -1 60 -1 -2
60 -1 60 -1 60 -1 60 -1 60 -1 60 -1 144 -1 60 -1 60 -1 60 -1 60 -1 60 -1 60 -1 60 -1 60 -1 125 -1 700 -1 60 -1 60 -1 60 -1 60 -1 60 -1 155 -1 60 -1 60 -1 60 -1 60 -1 60 -1 60 -1 60 -1 60 -1 60 -1 155 -1 60 -1 60 -1 60 -1 60 -1 60 -1 60 -1 60 -1 60 -1 60 -1 60 -1 60 -1 60 -1 60 -1 155 -1 60 -1 60 -1 60 -1 60 -1 60 -1 155 -1 60 -1 60 -1 60 -1 66 -1 66 -1 66 -1 134 -1 66 -1 66 -1 66 -1 136 -1 66 -1 66 -1 66 -1 60 -1 60 -1 60 -1 60 -1 60 -1 60 -1 60 -1 60 -1 60 -1 60 -1 60 -1 60 -1 60 -1 60 -1 60 -1 60 -1 60 -1 60 -1 60 -1 60 -1 60 -1 60 -1 60 -1 60 -1 60 -1 60 -1 60 -1 60 -1 60 -1 60 -1 60 -1 60 -1 60 -1 60 -1 60 -1 60 -1 60 -1 60 -1 60 -1 60 -1 60 -1 60 -1 60 -1 60 -1 60 -1 60 -1 60 -1 60 -1 60 -1 60 -1 60 -1 60 -1 60 -1 60 -1 132 -1 1031 -1 60 -1 60 -1 60 -1 60 -1 60 -1 60 -1 60 -1 60 -1 60 -1 60 -1 60 -1 60 -1 60 -1 60 -1 60 -1 60 -1 60 -1 60 -1 60 -1 60 -1 60 -1 60 -1 60 -1 60 -1 60 -1 60 -1 60 -1 60 -1 60 -1 60 -1 60 -1 60 -1 60 -1 60 -1 60 -1 60 -1 60 -1 60 -1 60 -1 60 -1 60 -1 60 -1 60 -1 60 -1 60 -1 60 -1 60 -1 60 -1 60 -1 60 -1 60 -1 60 -1 60 -1 60 -1 60 -1 60 -1 60 -1 60 -1 60 -1 60 -1 60 -1 60 -1 60 -1 60 -1 60 -1 60 -1 60 -1 60 -1 60 -1 -2
60 -1 60 -1 60 -1 60 -1 60 -1 60 -1 60 -1 60 -1 60 -1 60 -1 60 -1 60 -1 60 -1 60 -1 60 -1 60 -1 60 -1 60 -1 60 -1 60 -1 60 -1 60 -1 60 -1 -2
112 -1 112 -1 108 -1 60 -1 60 -1 60 -1 60 -1 60 -1 60 -1 60 -1 66 -1 66 -1 66 -1 66 -1 66 -1 66 -1 66 -1 66 -1 66 -1 66 -1 60 -1 60 -1 60 -1 60 -1 60 -1 60 -1 60 -1 60 -1 60 -1 60 -1 60 -1 60 -1 60 -1 60 -1 66 -1 66 -1 66 -1 66 -1 66 -1 66 -1 66 -1 60 -1 60 -1 60 -1 60 -1 66 -1 66 -1 60 -1 -2
62 -1 60 -1 127 -1 124 -1 60 -1 66 -1 60 -1 128 -1 60 -1 60 -1 -2
62 -1 60 -1 119 -1 60 -1 60 -1 60 -1 60 -1 60 -1 60 -1 60 -1 112 -1 60 -1 112 -1 124 -1 124 -1 124 -1 124 -1 122 -1 112 -1 112 -1 112 -1 60 -1 -2
62 -1 60 -1 160 -1 60 -1 60 -1 139 -1 60 -1 60 -1 136 -1 60 -1 60 -1 142 -1 60 -1 60 -1 60 -1 136 -1 60 -1 60 -1 60 -1 139 -1 60 -1 60 -1 60 -1 60 -1 60 -1 60 -1 139 -1 60 -1 60 -1 141 -1 60 -1 60 -1 60 -1 60 -1 60 -1 60 -1 134 -1 60 -1 60 -1 60 -1 60 -1 60 -1 60 -1 136 -1 60 -1 60 -1 60 -1 60 -1 60 -1 60 -1 137 -1 60 -1 60 -1 60 -1 60 -1 60 -1 60 -1 60 -1 135 -1 60 -1 60 -1 60 -1 60 -1 60 -1 60 -1 145 -1 60 -1 60 -1 60 -1 60 -1 60 -1 60 -1 60 -1 145 -1 60 -1 60 -1 60 -1 60 -1 60 -1 60 -1 140 -1 60 -1 60 -1 60 -1 60 -1 60 -1 60 -1 155 -1 60 -1 60 -1 60 -1 60 -1 60 -1 60 -1 163 -1 60 -1 60 -1 60 -1 60 -1 -2
60 -1 128 -1 60 -1 60 -1 60 -1 60 -1 60 -1 60 -1 140 -1 60 -1 60 -1 60 -1 131 -1 60 -1 60 -1 60 -1 140 -1 60 -1 60 -1 60 -1 132 -1 60 -1 133 -1 60 -1 60 -1 60 -1 60 -1 134 -1 60 -1 60 -1 60 -1 60 -1 60 -1 60 -1 132 -1 142 -1 60 -1 60 -1 60 -1 60 -1 60 -1 60 -1 133 -1 60 -1 60 -1 60 -1 133 -1 66 -1 66 -1 66 -1 66 -1 66 -1 66 -1 60 -1 60 -1 60 -1 60 -1 60 -1 60 -1 149 -1 60 -1 60 -1 60 -1 60 -1 60 -1 60 -1 60 -1 -2
62 -1 60 -1 168 -1 60 -1 60 -1 167 -1 60 -1 60 -1 60 -1 60 -1 182 -1 60 -1 60 -1 60 -1 60 -1 165 -1 60 -1 159 -1 60 -1 60 -1 60 -1 159 -1 60 -1 -2
62 -1 60 -1 187 -1 60 -1 163 -1 60 -1 -2
62 -1 60 -1 124 -1 60 -1 60 -1 60 -1 60 -1 113 -1 60 -1 60 -1 60 -1 60 -1 60 -1 60 -1 60 -1 60 -1 60 -1 -2
62 -1 60 -1 113 -1 60 -1 60 -1 60 -1 60 -1 60 -1 60 -1 60 -1 60 -1 60 -1 60 -1 60 -1 -2
62 -1 60 -1 126 -1 60 -1 60 -1 60 -1 60 -1 60 -1 60 -1 60 -1 60 -1 126 -1 126 -1 60 -1 132 -1 60 -1 60 -1 60 -1 60 -1 60 -1 60 -1 60 -1 60 -1 60 -1 60 -1 60 -1 60 -1 60 -1 60 -1 60 -1 60 -1 60 -1 60 -1 60 -1 60 -1 60 -1 134 -1 60 -1 60 -1 60 -1 60 -1 60 -1 60 -1 60 -1 60 -1 60 -1 60 -1 60 -1 60 -1 60 -1 60 -1 60 -1 60 -1 60 -1 60 -1 60 -1 60 -1 60 -1 60 -1 60 -1 60 -1 60 -1 60 -1 60 -1 60 -1 60 -1 60 -1 121 -1 60 -1 60 -1 60 -1 129 -1 60 -1 144 -1 60 -1 60 -1 60 -1 134 -1 60 -1 60 -1 60 -1 60 -1 60 -1 145 -1 60 -1 60 -1 60 -1 127 -1 60 -1 60 -1 60 -1 60 -1 127 -1 60 -1 60 -1 60 -1 60 -1 143 -1 60 -1 60 -1 60 -1 60 -1 60 -1 60 -1 -2
62 -1 60 -1 127 -1 140 -1 60 -1 66 -1 60 -1 128 -1 60 -1 60 -1 118 -1 60 -1 60 -1 60 -1 60 -1 60 -1 66 -1 60 -1 60 -1 60 -1 60 -1 60 -1 60 -1 60 -1 60 -1 60 -1 60 -1 60 -1 66 -1 66 -1 66 -1 66 -1 66 -1 66 -1 66 -1 66 -1 66 -1 66 -1 -2
62 -1 60 -1 127 -1 60 -1 60 -1 60 -1 60 -1 60 -1 60 -1 60 -1 60 -1 60 -1 60 -1 60 -1 60 -1 60 -1 60 -1 60 -1 60 -1 60 -1 60 -1 60 -1 66 -1 66 -1 74 -1 74 -1 66 -1 66 -1 60 -1 60 -1 124 -1 60 -1 60 -1 120 -1 126 -1 60 -1 136 -1 60 -1 129 -1 123 -1 60 -1 -2
62 -1 60 -1 137 -1 60 -1 60 -1 132 -1 60 -1 60 -1 135 -1 60 -1 60 -1 137 -1 60 -1 60 -1 60 -1 60 -1 60 -1 60 -1 60 -1 137 -1 60 -1 60 -1 60 -1 60 -1 60 -1 60 -1 60 -1 60 -1 -2
62 -1 60 -1 171 -1 162 -1 60 -1 60 -1 152 -1 60 -1 153 -1 60 -1 60 -1 60 -1 60 -1 60 -1 60 -1 60 -1 60 -1 60 -1 60 -1 60 -1 60 -1 153 -1 60 -1 60 -1 60 -1 60 -1 60 -1 60 -1 60 -1 60 -1 60 -1 60 -1 60 -1 148 -1 60 -1 -2
62 -1 60 -1 127 -1 128 -1 60 -1 60 -1 60 -1 -2
60 -1 60 -1 124 -1 60 -1 128 -1 60 -1 128 -1 60 -1 -2
60 -1 60 -1 60 -1 60 -1 60 -1 -2
62 -1 60 -1 221 -1 60 -1 60 -1 60 -1 60 -1 60 -1 60 -1 60 -1 197 -1 60 -1 60 -1 60 -1 60 -1 60 -1 60 -1 60 -1 197 -1 60 -1 60 -1 60 -1 60 -1 60 -1 60 -1 60 -1 60 -1 197 -1 60 -1 60 -1 60 -1 66 -1 66 -1 66 -1 66 -1 66 -1 60 -1 197 -1 60 -1 60 -1 60 -1 60 -1 60 -1 60 -1 60 -1 197 -1 60 -1 60 -1 60 -1 60 -1 60 -1 60 -1 60 -1 60 -1 -2
62 -1 60 -1 113 -1 60 -1 60 -1 60 -1 -2
62 -1 60 -1 141 -1 60 -1 60 -1 60 -1 60 -1 60 -1 60 -1 60 -1 60 -1 60 -1 60 -1 60 -1 60 -1 117 -1 60 -1 60 -1 60 -1 60 -1 60 -1 60 -1 60 -1 60 -1 60 -1 60 -1 60 -1 60 -1 117 -1 60 -1 60 -1 60 -1 60 -1 60 -1 60 -1 60 -1 60 -1 60 -1 60 -1 60 -1 60 -1 123 -1 60 -1 60 -1 60 -1 112 -1 60 -1 119 -1 60 -1 60 -1 121 -1 60 -1 60 -1 60 -1 118 -1 60 -1 60 -1 127 -1 60 -1 60 -1 60 -1 60 -1 60 -1 -2
62 -1 60 -1 120 -1 60 -1 60 -1 60 -1 60 -1 60 -1 60 -1 60 -1 60 -1 60 -1 -2
62 -1 60 -1 141 -1 60 -1 60 -1 60 -1 60 -1 60 -1 60 -1 60 -1 138 -1 60 -1 60 -1 60 -1 60 -1 60 -1 60 -1 60 -1 60 -1 -2
62 -1 60 -1 123 -1 60 -1 60 -1 111 -1 60 -1 60 -1 60 -1 60 -1 60 -1 60 -1 60 -1 60 -1 60 -1 60 -1 60 -1 60 -1 60 -1 60 -1 60 -1 60 -1 60 -1 60 -1 60 -1 60 -1 60 -1 60 -1 60 -1 60 -1 60 -1 60 -1 60 -1 60 -1 60 -1 60 -1 60 -1 60 -1 60 -1 60 -1 60 -1 -2
62 -1 60 -1 184 -1 60 -1 60 -1 -2
62 -1 60 -1 171 -1 162 -1 60 -1 60 -1 152 -1 60 -1 153 -1 60 -1 60 -1 60 -1 60 -1 60 -1 60 -1 60 -1 60 -1 60 -1 60 -1 60 -1 60 -1 148 -1 60 -1 -2
62 -1 60 -1 152 -1 60 -1 60 -1 60 -1 60 -1 60 -1 60 -1 60 -1 60 -1 60 -1 60 -1 60 -1 60 -1 155 -1 60 -1 60 -1 152 -1 60 -1 60 -1 60 -1 60 -1 60 -1 60 -1 106 -1 60 -1 60 -1 60 -1 60 -1 60 -1 60 -1 60 -1 60 -1 60 -1 60 -1 60 -1 60 -1 155 -1 236 -1 60 -1 60 -1 145 -1 154 -1 60 -1 60 -1 60 -1 60 -1 60 -1 60 -1 60 -1 60 -1 155 -1 60 -1 60 -1 60 -1 60 -1 243 -1 60 -1 60 -1 60 -1 60 -1 60 -1 60 -1 60 -1 60 -1 60 -1 60 -1 60 -1 60 -1 60 -1 60 -1 60 -1 143 -1 631 -1 60 -1 60 -1 60 -1 60 -1 60 -1 60 -1 60 -1 60 -1 60 -1 60 -1 60 -1 60 -1 60 -1 60 -1 60 -1 60 -1 60 -1 60 -1 60 -1 60 -1 60 -1 60 -1 66 -1 66 -1 66 -1 66 -1 66 -1 66 -1 66 -1 66 -1 60 -1 60 -1 60 -1 60 -1 60 -1 60 -1 60 -1 60 -1 60 -1 60 -1 60 -1 60 -1 60 -1 60 -1 60 -1 60 -1 60 -1 60 -1 60 -1 60 -1 60 -1 60 -1 60 -1 60 -1 60 -1 60 -1 60 -1 60 -1 60 -1 60 -1 60 -1 60 -1 60 -1 60 -1 60 -1 60 -1 60 -1 60 -1 66 -1 66 -1 66 -1 66 -1 60 -1 60 -1 60 -1 60 -1 60 -1 60 -1 60 -1 -2
60 -1 60 -1 66 -1 60 -1 106 -1 345 -1 60 -1 60 -1 155 -1 648 -1 60 -1 60 -1 60 -1 60 -1 60 -1 60 -1 60 -1 60 -1 60 -1 60 -1 60 -1 60 -1 60 -1 60 -1 60 -1 60 -1 60 -1 60 -1 60 -1 60 -1 60 -1 60 -1 60 -1 60 -1 60 -1 60 -1 60 -1 60 -1 60 -1 60 -1 60 -1 60 -1 60 -1 60 -1 60 -1 60 -1 60 -1 60 -1 60 -1 60 -1 60 -1 60 -1 60 -1 60 -1 60 -1 60 -1 60 -1 60 -1 60 -1 60 -1 60 -1 60 -1 60 -1 60 -1 60 -1 60 -1 60 -1 60 -1 60 -1 60 -1 60 -1 60 -1 60 -1 60 -1 60 -1 60 -1 60 -1 60 -1 60 -1 60 -1 60 -1 60 -1 60 -1 60 -1 60 -1 60 -1 60 -1 60 -1 60 -1 60 -1 60 -1 60 -1 60 -1 60 -1 60 -1 60 -1 60 -1 155 -1 1010 -1 60 -1 60 -1 60 -1 60 -1 60 -1 60 -1 60 -1 60 -1 60 -1 60 -1 60 -1 60 -1 60 -1 60 -1 60 -1 60 -1 60 -1 60 -1 60 -1 60 -1 60 -1 60 -1 60 -1 60 -1 60 -1 60 -1 60 -1 60 -1 60 -1 60 -1 -2
60 -1 60 -1 60 -1 60 -1 60 -1 60 -1 60 -1 60 -1 60 -1 60 -1 60 -1 60 -1 60 -1 60 -1 60 -1 60 -1 60 -1 60 -1 60 -1 60 -1 60 -1 60 -1 60 -1 60 -1 60 -1 60 -1 60 -1 60 -1 60 -1 60 -1 60 -1 60 -1 60 -1 60 -1 60 -1 60 -1 60 -1 60 -1 60 -1 60 -1 60 -1 60 -1 60 -1 60 -1 60 -1 60 -1 60 -1 60 -1 60 -1 60 -1 60 -1 60 -1 60 -1 60 -1 60 -1 60 -1 60 -1 60 -1 60 -1 60 -1 60 -1 60 -1 60 -1 60 -1 60 -1 60 -1 60 -1 60 -1 60 -1 60 -1 60 -1 60 -1 60 -1 60 -1 60 -1 60 -1 60 -1 60 -1 60 -1 60 -1 60 -1 60 -1 60 -1 60 -1 60 -1 60 -1 60 -1 60 -1 60 -1 60 -1 60 -1 60 -1 60 -1 60 -1 60 -1 60 -1 60 -1 66 -1 66 -1 66 -1 66 -1 66 -1 66 -1 66 -1 66 -1 66 -1 66 -1 66 -1 60 -1 60 -1 60 -1 60 -1 60 -1 60 -1 60 -1 60 -1 60 -1 60 -1 60 -1 60 -1 60 -1 60 -1 60 -1 60 -1 60 -1 60 -1 60 -1 156 -1 740 -1 60 -1 60 -1 60 -1 60 -1 60 -1 60 -1 60 -1 60 -1 60 -1 60 -1 60 -1 60 -1 60 -1 60 -1 60 -1 60 -1 60 -1 60 -1 60 -1 60 -1 60 -1 60 -1 60 -1 60 -1 60 -1 60 -1 60 -1 60 -1 60 -1 60 -1 60 -1 60 -1 60 -1 60 -1 60 -1 60 -1 60 -1 60 -1 60 -1 60 -1 60 -1 60 -1 60 -1 60 -1 60 -1 60 -1 60 -1 60 -1 60 -1 60 -1 66 -1 74 -1 74 -1 66 -1 66 -1 66 -1 66 -1 66 -1 66 -1 66 -1 60 -1 60 -1 60 -1 60 -1 60 -1 60 -1 60 -1 60 -1 60 -1 60 -1 60 -1 60 -1 60 -1 60 -1 60 -1 60 -1 -2
62 -1 60 -1 106 -1 60 -1 60 -1 60 -1 60 -1 60 -1 60 -1 60 -1 60 -1 60 -1 60 -1 60 -1 60 -1 136 -1 936 -1 60 -1 60 -1 60 -1 60 -1 60 -1 60 -1 60 -1 60 -1 60 -1 60 -1 60 -1 60 -1 60 -1 60 -1 60 -1 60 -1 60 -1 60 -1 60 -1 60 -1 66 -1 66 -1 66 -1 74 -1 74 -1 66 -1 66 -1 66 -1 60 -1 60 -1 60 -1 60 -1 60 -1 60 -1 60 -1 60 -1 60 -1 60 -1 60 -1 60 -1 60 -1 60 -1 60 -1 60 -1 60 -1 60 -1 66 -1 66 -1 66 -1 66 -1 66 -1 60 -1 60 -1 60 -1 60 -1 60 -1 60 -1 60 -1 60 -1 60 -1 60 -1 60 -1 60 -1 60 -1 60 -1 60 -1 60 -1 60 -1 60 -1 60 -1 60 -1 60 -1 60 -1 60 -1 60 -1 60 -1 60 -1 60 -1 60 -1 60 -1 60 -1 60 -1 60 -1 60 -1 60 -1 60 -1 60 -1 60 -1 60 -1 60 -1 60 -1 60 -1 60 -1 60 -1 60 -1 60 -1 60 -1 60 -1 60 -1 60 -1 60 -1 60 -1 60 -1 60 -1 60 -1 60 -1 60 -1 -2
60 -1 60 -1 60 -1 145 -1 904 -1 60 -1 60 -1 60 -1 60 -1 60 -1 60 -1 60 -1 146 -1 60 -1 60 -1 60 -1 60 -1 60 -1 60 -1 60 -1 60 -1 60 -1 60 -1 60 -1 152 -1 60 -1 152 -1 60 -1 60 -1 60 -1 60 -1 152 -1 60 -1 60 -1 60 -1 60 -1 60 -1 60 -1 60 -1 60 -1 60 -1 60 -1 60 -1 152 -1 60 -1 60 -1 60 -1 60 -1 60 -1 60 -1 60 -1 60 -1 60 -1 60 -1 60 -1 60 -1 60 -1 60 -1 60 -1 60 -1 60 -1 60 -1 60 -1 60 -1 60 -1 60 -1 60 -1 60 -1 60 -1 60 -1 60 -1 60 -1 60 -1 60 -1 60 -1 60 -1 60 -1 60 -1 152 -1 60 -1 60 -1 152 -1 60 -1 60 -1 60 -1 60 -1 60 -1 60 -1 60 -1 60 -1 60 -1 60 -1 60 -1 60 -1 60 -1 60 -1 60 -1 60 -1 60 -1 60 -1 60 -1 152 -1 152 -1 60 -1 60 -1 60 -1 60 -1 60 -1 60 -1 60 -1 60 -1 60 -1 60 -1 60 -1 -2
60 -1 60 -1 60 -1 144 -1 1064 -1 60 -1 60 -1 60 -1 60 -1 60 -1 60 -1 60 -1 60 -1 60 -1 60 -1 60 -1 60 -1 60 -1 60 -1 60 -1 60 -1 60 -1 60 -1 60 -1 60 -1 60 -1 60 -1 60 -1 60 -1 60 -1 60 -1 66 -1 66 -1 66 -1 66 -1 66 -1 66 -1 66 -1 66 -1 60 -1 155 -1 1010 -1 60 -1 60 -1 60 -1 60 -1 60 -1 60 -1 60 -1 60 -1 60 -1 60 -1 60 -1 60 -1 60 -1 60 -1 60 -1 60 -1 60 -1 60 -1 60 -1 60 -1 60 -1 60 -1 60 -1 60 -1 60 -1 60 -1 60 -1 60 -1 60 -1 60 -1 60 -1 60 -1 60 -1 60 -1 60 -1 60 -1 60 -1 60 -1 60 -1 60 -1 60 -1 60 -1 60 -1 60 -1 60 -1 60 -1 60 -1 60 -1 60 -1 60 -1 60 -1 60 -1 60 -1 60 -1 60 -1 60 -1 60 -1 60 -1 60 -1 60 -1 60 -1 60 -1 60 -1 60 -1 60 -1 60 -1 60 -1 60 -1 60 -1 60 -1 60 -1 60 -1 60 -1 60 -1 60 -1 60 -1 60 -1 60 -1 60 -1 60 -1 60 -1 60 -1 60 -1 60 -1 60 -1 60 -1 60 -1 60 -1 60 -1 60 -1 60 -1 60 -1 60 -1 60 -1 60 -1 60 -1 60 -1 60 -1 60 -1 60 -1 60 -1 60 -1 60 -1 60 -1 60 -1 60 -1 60 -1 60 -1 60 -1 60 -1 60 -1 60 -1 60 -1 60 -1 60 -1 60 -1 60 -1 60 -1 60 -1 60 -1 60 -1 60 -1 60 -1 60 -1 60 -1 60 -1 60 -1 60 -1 60 -1 60 -1 60 -1 60 -1 60 -1 60 -1 60 -1 60 -1 60 -1 60 -1 60 -1 60 -1 60 -1 60 -1 60 -1 60 -1 60 -1 60 -1 60 -1 60 -1 60 -1 60 -1 60 -1 60 -1 60 -1 60 -1 60 -1 -2
62 -1 60 -1 132 -1 60 -1 60 -1 60 -1 60 -1 60 -1 60 -1 60 -1 60 -1 60 -1 60 -1 60 -1 60 -1 60 -1 60 -1 60 -1 60 -1 60 -1 60 -1 137 -1 60 -1 140 -1 130 -1 139 -1 60 -1 135 -1 60 -1 139 -1 60 -1 135 -1 60 -1 130 -1 139 -1 60 -1 135 -1 130 -1 139 -1 60 -1 135 -1 139 -1 60 -1 135 -1 60 -1 130 -1 139 -1 -2
62 -1 60 -1 125 -1 60 -1 60 -1 60 -1 60 -1 116 -1 60 -1 60 -1 60 -1 60 -1 60 -1 60 -1 121 -1 60 -1 60 -1 60 -1 60 -1 60 -1 121 -1 60 -1 124 -1 60 -1 126 -1 60 -1 60 -1 117 -1 60 -1 128 -1 60 -1 60 -1 60 -1 60 -1 126 -1 60 -1 60 -1 60 -1 60 -1 66 -1 66 -1 66 -1 60 -1 60 -1 60 -1 60 -1 60 -1 60 -1 60 -1 60 -1 60 -1 60 -1 60 -1 60 -1 60 -1 114 -1 116 -1 113 -1 -2
62 -1 60 -1 112 -1 60 -1 60 -1 60 -1 60 -1 60 -1 60 -1 60 -1 60 -1 60 -1 60 -1 60 -1 60 -1 60 -1 60 -1 60 -1 60 -1 60 -1 60 -1 60 -1 60 -1 60 -1 60 -1 60 -1 60 -1 114 -1 60 -1 60 -1 60 -1 60 -1 60 -1 60 -1 60 -1 60 -1 60 -1 66 -1 66 -1 66 -1 66 -1 66 -1 66 -1 60 -1 60 -1 60 -1 60 -1 -2
62 -1 60 -1 187 -1 60 -1 60 -1 -2
62 -1 60 -1 176 -1 60 -1 60 -1 60 -1 60 -1 60 -1 60 -1 152 -1 60 -1 60 -1 60 -1 60 -1 60 -1 60 -1 60 -1 -2
62 -1 60 -1 179 -1 60 -1 66 -1 66 -1 66 -1 66 -1 60 -1 60 -1 60 -1 60 -1 60 -1 60 -1 140 -1 60 -1 60 -1 139 -1 60 -1 60 -1 60 -1 60 -1 140 -1 136 -1 60 -1 60 -1 60 -1 60 -1 60 -1 60 -1 60 -1 60 -1 60 -1 145 -1 60 -1 139 -1 60 -1 60 -1 60 -1 137 -1 60 -1 60 -1 60 -1 60 -1 60 -1 60 -1 136 -1 60 -1 60 -1 60 -1 133 -1 60 -1 60 -1 142 -1 60 -1 60 -1 60 -1 60 -1 60 -1 60 -1 60 -1 139 -1 60 -1 60 -1 136 -1 60 -1 60 -1 60 -1 60 -1 60 -1 60 -1 60 -1 60 -1 148 -1 60 -1 60 -1 -2
60 -1 60 -1 60 -1 60 -1 60 -1 60 -1 60 -1 60 -1 60 -1 60 -1 60 -1 60 -1 60 -1 60 -1 60 -1 60 -1 137 -1 148 -1 60 -1 60 -1 60 -1 60 -1 60 -1 60 -1 60 -1 60 -1 60 -1 60 -1 60 -1 60 -1 60 -1 60 -1 140 -1 60 -1 60 -1 135 -1 60 -1 60 -1 60 -1 60 -1 60 -1 60 -1 60 -1 60 -1 134 -1 60 -1 60 -1 60 -1 60 -1 60 -1 60 -1 60 -1 60 -1 60 -1 60 -1 60 -1 60 -1 145 -1 133 -1 60 -1 60 -1 60 -1 60 -1 60 -1 60 -1 60 -1 60 -1 145 -1 60 -1 60 -1 60 -1 60 -1 60 -1 60 -1 60 -1 60 -1 60 -1 60 -1 60 -1 140 -1 60 -1 60 -1 60 -1 60 -1 60 -1 60 -1 60 -1 145 -1 60 -1 60 -1 60 -1 60 -1 60 -1 60 -1 145 -1 60 -1 60 -1 60 -1 60 -1 60 -1 60 -1 140 -1 60 -1 60 -1 60 -1 60 -1 60 -1 60 -1 60 -1 60 -1 155 -1 60 -1 60 -1 60 -1 60 -1 60 -1 60 -1 163 -1 60 -1 60 -1 60 -1 60 -1 60 -1 60 -1 -2
128 -1 60 -1 60 -1 60 -1 60 -1 60 -1 60 -1 60 -1 135 -1 60 -1 60 -1 131 -1 60 -1 60 -1 60 -1 60 -1 140 -1 60 -1 60 -1 60 -1 132 -1 60 -1 133 -1 60 -1 60 -1 60 -1 60 -1 137 -1 60 -1 132 -1 60 -1 60 -1 60 -1 135 -1 60 -1 60 -1 60 -1 -2
62 -1 60 -1 156 -1 156 -1 60 -1 60 -1 236 -1 60 -1 267 -1 60 -1 60 -1 60 -1 60 -1 60 -1 60 -1 60 -1 60 -1 60 -1 60 -1 -2
60 -1 60 -1 60 -1 60 -1 60 -1 -2
62 -1 60 -1 136 -1 60 -1 60 -1 139 -1 60 -1 60 -1 60 -1 136 -1 60 -1 60 -1 142 -1 60 -1 60 -1 60 -1 136 -1 60 -1 131 -1 60 -1 60 -1 60 -1 60 -1 60 -1 60 -1 60 -1 60 -1 139 -1 60 -1 60 -1 156 -1 60 -1 60 -1 60 -1 60 -1 60 -1 60 -1 60 -1 60 -1 60 -1 60 -1 60 -1 139 -1 60 -1 60 -1 60 -1 144 -1 60 -1 60 -1 141 -1 60 -1 60 -1 60 -1 60 -1 60 -1 60 -1 60 -1 142 -1 60 -1 60 -1 60 -1 60 -1 60 -1 134 -1 60 -1 60 -1 60 -1 60 -1 60 -1 60 -1 139 -1 60 -1 60 -1 60 -1 60 -1 60 -1 60 -1 136 -1 60 -1 60 -1 60 -1 60 -1 60 -1 60 -1 60 -1 60 -1 60 -1 60 -1 60 -1 146 -1 60 -1 60 -1 60 -1 60 -1 60 -1 60 -1 60 -1 60 -1 60 -1 -2
62 -1 60 -1 160 -1 60 -1 60 -1 155 -1 60 -1 66 -1 60 -1 158 -1 60 -1 60 -1 147 -1 60 -1 128 -1 60 -1 60 -1 -2
62 -1 60 -1 171 -1 162 -1 60 -1 60 -1 60 -1 152 -1 60 -1 153 -1 60 -1 60 -1 60 -1 60 -1 60 -1 60 -1 60 -1 60 -1 60 -1 60 -1 60 -1 60 -1 148 -1 60 -1 -2
60 -1 60 -1 60 -1 60 -1 60 -1 -2
62 -1 60 -1 144 -1 60 -1 60 -1 60 -1 60 -1 60 -1 60 -1 60 -1 60 -1 60 -1 60 -1 60 -1 60 -1 60 -1 117 -1 60 -1 60 -1 60 -1 60 -1 60 -1 60 -1 60 -1 60 -1 60 -1 60 -1 60 -1 60 -1 60 -1 117 -1 60 -1 60 -1 60 -1 60 -1 60 -1 60 -1 60 -1 60 -1 60 -1 60 -1 60 -1 60 -1 117 -1 60 -1 60 -1 60 -1 60 -1 60 -1 60 -1 60 -1 60 -1 60 -1 60 -1 60 -1 60 -1 60 -1 117 -1 60 -1 60 -1 60 -1 60 -1 60 -1 60 -1 60 -1 60 -1 60 -1 60 -1 60 -1 60 -1 117 -1 -2
62 -1 60 -1 133 -1 129 -1 60 -1 60 -1 60 -1 133 -1 129 -1 60 -1 60 -1 -2
62 -1 60 -1 117 -1 60 -1 60 -1 60 -1 60 -1 60 -1 60 -1 60 -1 60 -1 60 -1 60 -1 60 -1 60 -1 60 -1 60 -1 117 -1 60 -1 60 -1 60 -1 60 -1 60 -1 60 -1 60 -1 60 -1 60 -1 60 -1 60 -1 123 -1 60 -1 60 -1 60 -1 123 -1 60 -1 60 -1 60 -1 119 -1 60 -1 60 -1 119 -1 60 -1 60 -1 118 -1 60 -1 60 -1 60 -1 118 -1 60 -1 60 -1 60 -1 -2
62 -1 60 -1 141 -1 60 -1 60 -1 60 -1 60 -1 60 -1 60 -1 60 -1 60 -1 60 -1 60 -1 60 -1 60 -1 60 -1 60 -1 60 -1 60 -1 -2
252 -1 153 -1 60 -1 459 -1 60 -1 60 -1 60 -1 60 -1 60 -1 60 -1 60 -1 60 -1 60 -1 155 -1 60 -1 60 -1 60 -1 60 -1 60 -1 60 -1 60 -1 66 -1 66 -1 66 -1 66 -1 66 -1 66 -1 66 -1 60 -1 60 -1 60 -1 60 -1 155 -1 60 -1 60 -1 60 -1 60 -1 60 -1 60 -1 60 -1 60 -1 60 -1 60 -1 60 -1 60 -1 66 -1 66 -1 66 -1 66 -1 152 -1 66 -1 66 -1 66 -1 60 -1 60 -1 60 -1 60 -1 60 -1 60 -1 155 -1 60 -1 60 -1 60 -1 60 -1 60 -1 60 -1 60 -1 60 -1 60 -1 60 -1 60 -1 60 -1 155 -1 60 -1 60 -1 60 -1 60 -1 60 -1 60 -1 60 -1 60 -1 60 -1 60 -1 60 -1 60 -1 60 -1 60 -1 60 -1 60 -1 155 -1 60 -1 60 -1 66 -1 66 -1 66 -1 66 -1 66 -1 66 -1 66 -1 66 -1 66 -1 66 -1 66 -1 60 -1 155 -1 60 -1 -2
62 -1 60 -1 177 -1 60 -1 60 -1 60 -1 60 -1 60 -1 60 -1 60 -1 60 -1 60 -1 154 -1 254 -1 60 -1 60 -1 60 -1 60 -1 60 -1 60 -1 60 -1 60 -1 60 -1 60 -1 60 -1 60 -1 60 -1 60 -1 60 -1 60 -1 60 -1 60 -1 60 -1 60 -1 155 -1 254 -1 60 -1 142 -1 60 -1 60 -1 60 -1 60 -1 60 -1 60 -1 60 -1 60 -1 60 -1 60 -1 60 -1 60 -1 60 -1 60 -1 152 -1 153 -1 60 -1 60 -1 60 -1 60 -1 60 -1 60 -1 155 -1 60 -1 60 -1 60 -1 60 -1 60 -1 60 -1 60 -1 60 -1 60 -1 60 -1 60 -1 60 -1 132 -1 136 -1 60 -1 145 -1 60 -1 60 -1 60 -1 60 -1 66 -1 66 -1 66 -1 66 -1 66 -1 66 -1 66 -1 66 -1 66 -1 66 -1 66 -1 60 -1 60 -1 60 -1 60 -1 60 -1 60 -1 60 -1 155 -1 60 -1 60 -1 155 -1 60 -1 60 -1 60 -1 60 -1 60 -1 60 -1 60 -1 60 -1 60 -1 60 -1 60 -1 60 -1 130 -1 140 -1 60 -1 152 -1 60 -1 60 -1 60 -1 60 -1 60 -1 60 -1 60 -1 60 -1 60 -1 60 -1 60 -1 60 -1 60 -1 60 -1 60 -1 60 -1 60 -1 60 -1 60 -1 60 -1 60 -1 60 -1 60 -1 60 -1 60 -1 60 -1 60 -1 60 -1 60 -1 60 -1 60 -1 60 -1 60 -1 60 -1 -2
60 -1 60 -1 60 -1 60 -1 60 -1 60 -1 60 -1 60 -1 60 -1 60 -1 60 -1 155 -1 60 -1 60 -1 130 -1 60 -1 152 -1 60 -1 60 -1 60 -1 60 -1 60 -1 60 -1 -2
60 -1 60 -1 60 -1 60 -1 60 -1 155 -1 152 -1 60 -1 60 -1 60 -1 152 -1 60 -1 60 -1 60 -1 66 -1 66 -1 74 -1 74 -1 74 -1 152 -1 66 -1 60 -1 152 -1 60 -1 60 -1 60 -1 60 -1 159 -1 60 -1 143 -1 60 -1 144 -1 60 -1 60 -1 60 -1 60 -1 60 -1 60 -1 60 -1 60 -1 60 -1 60 -1 60 -1 60 -1 60 -1 60 -1 60 -1 60 -1 60 -1 60 -1 60 -1 60 -1 60 -1 60 -1 60 -1 60 -1 60 -1 60 -1 60 -1 60 -1 60 -1 60 -1 60 -1 60 -1 142 -1 60 -1 60 -1 60 -1 60 -1 60 -1 136 -1 60 -1 60 -1 60 -1 60 -1 60 -1 60 -1 60 -1 60 -1 60 -1 60 -1 60 -1 60 -1 60 -1 60 -1 60 -1 60 -1 60 -1 60 -1 60 -1 60 -1 60 -1 60 -1 60 -1 60 -1 60 -1 60 -1 60 -1 60 -1 60 -1 60 -1 60 -1 60 -1 152 -1 152 -1 60 -1 60 -1 60 -1 60 -1 60 -1 60 -1 60 -1 60 -1 60 -1 60 -1 60 -1 60 -1 60 -1 60 -1 60 -1 60 -1 60 -1 60 -1 60 -1 60 -1 60 -1 60 -1 60 -1 60 -1 152 -1 60 -1 60 -1 60 -1 60 -1 60 -1 60 -1 60 -1 60 -1 60 -1 60 -1 60 -1 60 -1 60 -1 60 -1 60 -1 60 -1 60 -1 60 -1 60 -1 60 -1 60 -1 60 -1 60 -1 60 -1 60 -1 60 -1 60 -1 60 -1 60 -1 -2
60 -1 60 -1 60 -1 60 -1 60 -1 60 -1 60 -1 60 -1 155 -1 60 -1 60 -1 142 -1 60 -1 60 -1 60 -1 60 -1 60 -1 60 -1 60 -1 60 -1 60 -1 152 -1 60 -1 60 -1 60 -1 60 -1 60 -1 60 -1 -2
60 -1 60 -1 60 -1 60 -1 60 -1 60 -1 60 -1 60 -1 60 -1 155 -1 106 -1 60 -1 144 -1 60 -1 60 -1 60 -1 60 -1 60 -1 60 -1 134 -1 60 -1 60 -1 60 -1 60 -1 60 -1 60 -1 155 -1 60 -1 60 -1 60 -1 60 -1 60 -1 60 -1 60 -1 136 -1 60 -1 60 -1 60 -1 60 -1 60 -1 60 -1 60 -1 60 -1 60 -1 60 -1 60 -1 60 -1 60 -1 60 -1 60 -1 60 -1 60 -1 60 -1 60 -1 144 -1 60 -1 60 -1 60 -1 142 -1 60 -1 60 -1 60 -1 60 -1 60 -1 60 -1 60 -1 60 -1 60 -1 145 -1 155 -1 60 -1 60 -1 60 -1 60 -1 60 -1 60 -1 60 -1 60 -1 60 -1 60 -1 60 -1 60 -1 60 -1 152 -1 60 -1 60 -1 60 -1 60 -1 155 -1 60 -1 60 -1 60 -1 60 -1 152 -1 60 -1 60 -1 60 -1 60 -1 60 -1 60 -1 60 -1 60 -1 146 -1 60 -1 60 -1 152 -1 60 -1 60 -1 60 -1 60 -1 60 -1 60 -1 60 -1 60 -1 60 -1 60 -1 60 -1 60 -1 60 -1 60 -1 60 -1 162 -1 60 -1 60 -1 152 -1 60 -1 60 -1 60 -1 60 -1 152 -1 60 -1 60 -1 60 -1 60 -1 60 -1 60 -1 60 -1 60 -1 60 -1 60 -1 60 -1 60 -1 147 -1 60 -1 60 -1 60 -1 60 -1 60 -1 60 -1 223 -1 60 -1 60 -1 60 -1 60 -1 155 -1 60 -1 60 -1 60 -1 60 -1 60 -1 60 -1 60 -1 153 -1 60 -1 60 -1 60 -1 60 -1 60 -1 155 -1 60 -1 60 -1 60 -1 60 -1 60 -1 60 -1 66 -1 66 -1 66 -1 66 -1 66 -1 66 -1 66 -1 66 -1 66 -1 66 -1 66 -1 60 -1 60 -1 60 -1 60 -1 60 -1 60 -1 60 -1 60 -1 60 -1 60 -1 60 -1 60 -1 60 -1 60 -1 60 -1 60 -1 60 -1 60 -1 156 -1 155 -1 60 -1 60 -1 60 -1 60 -1 155 -1 60 -1 60 -1 60 -1 66 -1 134 -1 66 -1 66 -1 66 -1 66 -1 66 -1 66 -1 -2
62 -1 60 -1 142 -1 60 -1 60 -1 60 -1 60 -1 60 -1 60 -1 60 -1 60 -1 60 -1 60 -1 60 -1 60 -1 60 -1 60 -1 60 -1 60 -1 60 -1 60 -1 60 -1 60 -1 -2
62 -1 60 -1 114 -1 60 -1 60 -1 60 -1 60 -1 60 -1 60 -1 60 -1 60 -1 60 -1 60 -1 60 -1 -2
62 -1 60 -1 164 -1 60 -1 60 -1 60 -1 60 -1 60 -1 60 -1 60 -1 140 -1 60 -1 60 -1 60 -1 60 -1 60 -1 60 -1 60 -1 136 -1 60 -1 60 -1 60 -1 60 -1 60 -1 60 -1 142 -1 60 -1 60 -1 60 -1 60 -1 60 -1 60 -1 60 -1 149 -1 60 -1 60 -1 60 -1 60 -1 60 -1 60 -1 60 -1 139 -1 60 -1 60 -1 60 -1 60 -1 60 -1 60 -1 60 -1 141 -1 60 -1 60 -1 60 -1 60 -1 60 -1 60 -1 152 -1 60 -1 60 -1 60 -1 60 -1 60 -1 60 -1 136 -1 60 -1 60 -1 60 -1 60 -1 60 -1 60 -1 140 -1 60 -1 60 -1 60 -1 60 -1 60 -1 60 -1 60 -1 -2
62 -1 60 -1 141 -1 60 -1 60 -1 60 -1 60 -1 60 -1 60 -1 60 -1 60 -1 140 -1 60 -1 60 -1 130 -1 60 -1 60 -1 60 -1 60 -1 60 -1 60 -1 60 -1 60 -1 130 -1 60 -1 60 -1 60 -1 60 -1 60 -1 60 -1 60 -1 139 -1 60 -1 60 -1 60 -1 60 -1 60 -1 60 -1 60 -1 60 -1 145 -1 60 -1 60 -1 60 -1 60 -1 60 -1 60 -1 60 -1 60 -1 -2
62 -1 60 -1 208 -1 60 -1 60 -1 60 -1 60 -1 60 -1 60 -1 60 -1 60 -1 60 -1 60 -1 60 -1 60 -1 60 -1 60 -1 60 -1 60 -1 60 -1 60 -1 60 -1 60 -1 60 -1 60 -1 60 -1 60 -1 60 -1 60 -1 60 -1 60 -1 60 -1 60 -1 60 -1 60 -1 60 -1 60 -1 60 -1 60 -1 60 -1 60 -1 -2
62 -1 60 -1 141 -1 60 -1 60 -1 60 -1 60 -1 60 -1 60 -1 60 -1 60 -1 60 -1 60 -1 60 -1 60 -1 117 -1 60 -1 60 -1 60 -1 60 -1 60 -1 60 -1 60 -1 60 -1 60 -1 60 -1 60 -1 117 -1 60 -1 60 -1 60 -1 60 -1 60 -1 60 -1 60 -1 60 -1 60 -1 60 -1 60 -1 123 -1 60 -1 60 -1 60 -1 112 -1 60 -1 119 -1 60 -1 121 -1 60 -1 60 -1 60 -1 118 -1 60 -1 60 -1 127 -1 60 -1 60 -1 60 -1 60 -1 60 -1 -2
62 -1 60 -1 121 -1 60 -1 60 -1 -2
60 -1 60 -1 60 -1 60 -1 60 -1 60 -1 60 -1 60 -1 60 -1 60 -1 60 -1 60 -1 66 -1 66 -1 66 -1 66 -1 66 -1 60 -1 113 -1 136 -1 113 -1 60 -1 130 -1 135 -1 135 -1 60 -1 137 -1 118 -1 118 -1 118 -1 118 -1 118 -1 118 -1 60 -1 -2
62 -1 60 -1 122 -1 60 -1 60 -1 60 -1 60 -1 60 -1 60 -1 60 -1 60 -1 60 -1 60 -1 113 -1 136 -1 113 -1 60 -1 114 -1 114 -1 125 -1 60 -1 115 -1 112 -1 60 -1 125 -1 60 -1 60 -1 -2
62 -1 60 -1 153 -1 60 -1 60 -1 60 -1 60 -1 60 -1 60 -1 60 -1 60 -1 60 -1 164 -1 207 -1 159 -1 60 -1 60 -1 60 -1 60 -1 60 -1 60 -1 60 -1 60 -1 155 -1 60 -1 60 -1 60 -1 60 -1 60 -1 60 -1 60 -1 60 -1 60 -1 60 -1 60 -1 60 -1 60 -1 60 -1 60 -1 60 -1 155 -1 153 -1 60 -1 60 -1 60 -1 60 -1 60 -1 60 -1 155 -1 60 -1 60 -1 159 -1 60 -1 145 -1 60 -1 60 -1 60 -1 60 -1 60 -1 60 -1 60 -1 155 -1 60 -1 139 -1 60 -1 60 -1 60 -1 60 -1 60 -1 60 -1 60 -1 60 -1 60 -1 60 -1 60 -1 60 -1 60 -1 60 -1 60 -1 60 -1 60 -1 60 -1 60 -1 60 -1 60 -1 60 -1 60 -1 60 -1 60 -1 60 -1 60 -1 60 -1 60 -1 60 -1 60 -1 60 -1 60 -1 60 -1 60 -1 60 -1 60 -1 60 -1 60 -1 60 -1 60 -1 60 -1 60 -1 60 -1 60 -1 60 -1 60 -1 60 -1 60 -1 60 -1 60 -1 60 -1 60 -1 144 -1 222 -1 60 -1 137 -1 60 -1 60 -1 60 -1 60 -1 60 -1 147 -1 60 -1 60 -1 60 -1 60 -1 60 -1 60 -1 60 -1 152 -1 60 -1 152 -1 60 -1 60 -1 60 -1 60 -1 60 -1 60 -1 60 -1 60 -1 60 -1 60 -1 60 -1 60 -1 60 -1 60 -1 60 -1 60 -1 60 -1 60 -1 60 -1 60 -1 60 -1 60 -1 60 -1 60 -1 60 -1 60 -1 60 -1 60 -1 60 -1 60 -1 60 -1 60 -1 60 -1 60 -1 60 -1 60 -1 60 -1 60 -1 162 -1 60 -1 60 -1 60 -1 60 -1 60 -1 60 -1 60 -1 60 -1 60 -1 60 -1 60 -1 60 -1 152 -1 155 -1 60 -1 60 -1 60 -1 60 -1 60 -1 152 -1 60 -1 60 -1 60 -1 60 -1 60 -1 60 -1 60 -1 -2
147 -1 349 -1 60 -1 60 -1 60 -1 60 -1 60 -1 60 -1 60 -1 60 -1 60 -1 60 -1 60 -1 60 -1 60 -1 66 -1 66 -1 128 -1 66 -1 442 -1 66 -1 66 -1 60 -1 60 -1 60 -1 60 -1 60 -1 60 -1 60 -1 60 -1 60 -1 60 -1 60 -1 155 -1 60 -1 60 -1 60 -1 60 -1 60 -1 60 -1 60 -1 60 -1 155 -1 60 -1 60 -1 60 -1 60 -1 155 -1 60 -1 60 -1 60 -1 66 -1 66 -1 74 -1 74 -1 74 -1 74 -1 74 -1 66 -1 66 -1 66 -1 60 -1 60 -1 60 -1 155 -1 60 -1 60 -1 60 -1 60 -1 60 -1 60 -1 60 -1 60 -1 60 -1 60 -1 60 -1 60 -1 60 -1 152 -1 66 -1 66 -1 66 -1 66 -1 66 -1 60 -1 60 -1 60 -1 60 -1 155 -1 -2
60 -1 60 -1 60 -1 60 -1 60 -1 60 -1 60 -1 60 -1 60 -1 60 -1 60 -1 60 -1 60 -1 60 -1 60 -1 60 -1 60 -1 60 -1 60 -1 60 -1 60 -1 60 -1 66 -1 66 -1 66 -1 66 -1 66 -1 66 -1 66 -1 60 -1 60 -1 60 -1 60 -1 152 -1 60 -1 144 -1 60 -1 60 -1 143 -1 60 -1 60 -1 60 -1 60 -1 60 -1 60 -1 153 -1 153 -1 60 -1 60 -1 60 -1 60 -1 60 -1 60 -1 60 -1 60 -1 60 -1 60 -1 60 -1 142 -1 60 -1 143 -1 60 -1 60 -1 60 -1 152 -1 60 -1 60 -1 60 -1 60 -1 60 -1 60 -1 60 -1 60 -1 60 -1 60 -1 60 -1 60 -1 60 -1 60 -1 60 -1 60 -1 60 -1 60 -1 60 -1 60 -1 60 -1 60 -1 60 -1 60 -1 60 -1 60 -1 60 -1 60 -1 60 -1 60 -1 60 -1 60 -1 60 -1 60 -1 60 -1 60 -1 60 -1 60 -1 60 -1 60 -1 60 -1 60 -1 60 -1 60 -1 60 -1 60 -1 60 -1 60 -1 60 -1 60 -1 60 -1 60 -1 60 -1 60 -1 60 -1 60 -1 60 -1 60 -1 60 -1 60 -1 60 -1 60 -1 60 -1 60 -1 60 -1 60 -1 60 -1 60 -1 60 -1 60 -1 60 -1 60 -1 60 -1 60 -1 60 -1 60 -1 60 -1 60 -1 152 -1 60 -1 60 -1 60 -1 60 -1 60 -1 60 -1 60 -1 60 -1 152 -1 60 -1 60 -1 60 -1 60 -1 60 -1 60 -1 66 -1 66 -1 66 -1 66 -1 66 -1 66 -1 -2
60 -1 60 -1 60 -1 60 -1 60 -1 60 -1 60 -1 60 -1 60 -1 60 -1 60 -1 66 -1 66 -1 66 -1 66 -1 66 -1 60 -1 60 -1 60 -1 60 -1 60 -1 60 -1 60 -1 60 -1 60 -1 60 -1 -2
62 -1 60 -1 114 -1 60 -1 60 -1 60 -1 60 -1 60 -1 60 -1 60 -1 60 -1 60 -1 114 -1 60 -1 60 -1 60 -1 60 -1 60 -1 60 -1 60 -1 60 -1 60 -1 60 -1 60 -1 60 -1 60 -1 115 -1 60 -1 60 -1 60 -1 60 -1 60 -1 112 -1 -2
60 -1 60 -1 60 -1 60 -1 60 -1 60 -1 144 -1 60 -1 60 -1 60 -1 60 -1 60 -1 60 -1 136 -1 145 -1 60 -1 60 -1 60 -1 60 -1 60 -1 60 -1 60 -1 129 -1 60 -1 60 -1 60 -1 60 -1 60 -1 60 -1 60 -1 60 -1 60 -1 60 -1 60 -1 60 -1 145 -1 60 -1 60 -1 60 -1 60 -1 60 -1 60 -1 60 -1 60 -1 140 -1 60 -1 60 -1 60 -1 60 -1 60 -1 60 -1 60 -1 155 -1 60 -1 60 -1 60 -1 60 -1 60 -1 60 -1 163 -1 60 -1 60 -1 60 -1 60 -1 60 -1 60 -1 128 -1 60 -1 60 -1 60 -1 60 -1 60 -1 60 -1 140 -1 60 -1 60 -1 131 -1 60 -1 60 -1 60 -1 140 -1 60 -1 60 -1 132 -1 60 -1 133 -1 60 -1 60 -1 60 -1 60 -1 137 -1 60 -1 60 -1 132 -1 -2
62 -1 60 -1 136 -1 66 -1 66 -1 66 -1 60 -1 60 -1 139 -1 60 -1 60 -1 136 -1 245 -1 60 -1 60 -1 60 -1 60 -1 60 -1 60 -1 60 -1 60 -1 60 -1 132 -1 136 -1 60 -1 60 -1 60 -1 60 -1 140 -1 136 -1 60 -1 60 -1 60 -1 60 -1 60 -1 144 -1 60 -1 60 -1 60 -1 60 -1 66 -1 66 -1 66 -1 66 -1 66 -1 66 -1 60 -1 60 -1 60 -1 60 -1 60 -1 60 -1 139 -1 60 -1 60 -1 60 -1 139 -1 60 -1 136 -1 -2
60 -1 60 -1 60 -1 60 -1 60 -1 60 -1 60 -1 60 -1 66 -1 66 -1 66 -1 66 -1 66 -1 139 -1 66 -1 66 -1 60 -1 60 -1 60 -1 163 -1 139 -1 60 -1 226 -1 60 -1 60 -1 60 -1 60 -1 60 -1 60 -1 129 -1 60 -1 60 -1 60 -1 136 -1 60 -1 60 -1 66 -1 66 -1 66 -1 66 -1 74 -1 74 -1 66 -1 134 -1 60 -1 60 -1 60 -1 135 -1 60 -1 60 -1 60 -1 60 -1 60 -1 60 -1 134 -1 142 -1 60 -1 60 -1 136 -1 60 -1 60 -1 60 -1 60 -1 60 -1 60 -1 156 -1 60 -1 60 -1 60 -1 66 -1 66 -1 66 -1 66 -1 139 -1 66 -1 60 -1 60 -1 60 -1 60 -1 60 -1 60 -1 60 -1 137 -1 60 -1 60 -1 60 -1 60 -1 60 -1 60 -1 60 -1 60 -1 60 -1 60 -1 60 -1 135 -1 60 -1 60 -1 60 -1 60 -1 60 -1 60 -1 139 -1 60 -1 60 -1 60 -1 60 -1 60 -1 143 -1 138 -1 60 -1 60 -1 60 -1 60 -1 60 -1 60 -1 60 -1 60 -1 60 -1 60 -1 144 -1 -2
66 -1 66 -1 66 -1 140 -1 60 -1 139 -1 60 -1 134 -1 60 -1 60 -1 60 -1 60 -1 60 -1 60 -1 60 -1 60 -1 60 -1 60 -1 60 -1 134 -1 60 -1 60 -1 60 -1 133 -1 60 -1 60 -1 137 -1 60 -1 60 -1 60 -1 60 -1 60 -1 142 -1 60 -1 60 -1 60 -1 60 -1 60 -1 60 -1 135 -1 60 -1 60 -1 149 -1 60 -1 60 -1 60 -1 60 -1 60 -1 60 -1 60 -1 60 -1 60 -1 60 -1 60 -1 138 -1 66 -1 66 -1 66 -1 66 -1 66 -1 66 -1 66 -1 66 -1 66 -1 66 -1 60 -1 138 -1 60 -1 60 -1 132 -1 60 -1 60 -1 60 -1 60 -1 60 -1 60 -1 60 -1 137 -1 66 -1 66 -1 66 -1 66 -1 66 -1 66 -1 66 -1 66 -1 60 -1 141 -1 60 -1 60 -1 60 -1 60 -1 60 -1 60 -1 60 -1 60 -1 60 -1 60 -1 60 -1 60 -1 60 -1 60 -1 60 -1 139 -1 136 -1 60 -1 60 -1 60 -1 60 -1 66 -1 66 -1 66 -1 66 -1 66 -1 66 -1 66 -1 66 -1 66 -1 66 -1 66 -1 60 -1 148 -1 144 -1 60 -1 60 -1 139 -1 60 -1 60 -1 60 -1 60 -1 60 -1 60 -1 60 -1 60 -1 60 -1 60 -1 60 -1 60 -1 60 -1 60 -1 60 -1 60 -1 148 -1 60 -1 60 -1 60 -1 60 -1 60 -1 60 -1 60 -1 135 -1 60 -1 60 -1 60 -1 66 -1 66 -1 141 -1 66 -1 66 -1 66 -1 66 -1 -2
62 -1 60 -1 131 -1 60 -1 60 -1 60 -1 60 -1 60 -1 60 -1 60 -1 138 -1 60 -1 60 -1 60 -1 60 -1 60 -1 60 -1 142 -1 60 -1 60 -1 60 -1 60 -1 60 -1 60 -1 142 -1 141 -1 60 -1 60 -1 136 -1 60 -1 60 -1 60 -1 60 -1 60 -1 60 -1 145 -1 60 -1 60 -1 60 -1 60 -1 60 -1 60 -1 60 -1 60 -1 60 -1 60 -1 60 -1 151 -1 60 -1 60 -1 60 -1 60 -1 132 -1 60 -1 60 -1 60 -1 60 -1 60 -1 60 -1 60 -1 60 -1 60 -1 60 -1 60 -1 134 -1 60 -1 60 -1 60 -1 163 -1 60 -1 66 -1 66 -1 66 -1 66 -1 66 -1 66 -1 66 -1 66 -1 -2
62 -1 60 -1 118 -1 60 -1 60 -1 60 -1 60 -1 60 -1 60 -1 60 -1 60 -1 60 -1 60 -1 60 -1 60 -1 60 -1 60 -1 60 -1 60 -1 60 -1 60 -1 60 -1 60 -1 60 -1 66 -1 66 -1 66 -1 66 -1 60 -1 60 -1 60 -1 60 -1 60 -1 60 -1 60 -1 60 -1 66 -1 66 -1 66 -1 60 -1 60 -1 60 -1 60 -1 60 -1 60 -1 60 -1 60 -1 60 -1 60 -1 60 -1 60 -1 60 -1 60 -1 60 -1 60 -1 60 -1 60 -1 60 -1 60 -1 60 -1 60 -1 -2
62 -1 60 -1 103 -1 60 -1 60 -1 60 -1 60 -1 60 -1 60 -1 60 -1 60 -1 60 -1 60 -1 60 -1 60 -1 60 -1 60 -1 60 -1 60 -1 60 -1 60 -1 60 -1 60 -1 60 -1 66 -1 66 -1 66 -1 66 -1 66 -1 66 -1 66 -1 66 -1 66 -1 60 -1 60 -1 60 -1 60 -1 60 -1 60 -1 60 -1 124 -1 124 -1 60 -1 127 -1 60 -1 60 -1 60 -1 60 -1 60 -1 60 -1 124 -1 60 -1 131 -1 126 -1 60 -1 60 -1 60 -1 60 -1 60 -1 60 -1 60 -1 60 -1 60 -1 -2
60 -1 60 -1 60 -1 60 -1 60 -1 113 -1 60 -1 60 -1 60 -1 60 -1 60 -1 60 -1 60 -1 60 -1 60 -1 60 -1 60 -1 60 -1 112 -1 60 -1 60 -1 60 -1 60 -1 60 -1 60 -1 60 -1 60 -1 60 -1 60 -1 60 -1 60 -1 131 -1 60 -1 126 -1 60 -1 60 -1 60 -1 60 -1 60 -1 60 -1 60 -1 60 -1 60 -1 60 -1 60 -1 60 -1 60 -1 60 -1 60 -1 60 -1 113 -1 60 -1 60 -1 60 -1 60 -1 60 -1 60 -1 60 -1 60 -1 60 -1 60 -1 60 -1 131 -1 60 -1 126 -1 60 -1 60 -1 60 -1 60 -1 60 -1 60 -1 60 -1 60 -1 60 -1 60 -1 60 -1 60 -1 60 -1 60 -1 113 -1 60 -1 60 -1 60 -1 60 -1 60 -1 60 -1 60 -1 60 -1 60 -1 60 -1 60 -1 112 -1 60 -1 60 -1 60 -1 60 -1 66 -1 66 -1 66 -1 66 -1 66 -1 66 -1 66 -1 66 -1 -2
62 -1 60 -1 142 -1 60 -1 60 -1 60 -1 60 -1 60 -1 60 -1 60 -1 60 -1 60 -1 60 -1 60 -1 60 -1 60 -1 114 -1 60 -1 60 -1 60 -1 60 -1 60 -1 60 -1 60 -1 66 -1 74 -1 74 -1 66 -1 66 -1 66 -1 66 -1 66 -1 66 -1 66 -1 60 -1 60 -1 60 -1 60 -1 60 -1 60 -1 60 -1 60 -1 60 -1 60 -1 60 -1 60 -1 60 -1 60 -1 60 -1 60 -1 60 -1 60 -1 60 -1 60 -1 60 -1 60 -1 60 -1 60 -1 60 -1 60 -1 114 -1 60 -1 60 -1 60 -1 60 -1 60 -1 60 -1 60 -1 60 -1 60 -1 -2
62 -1 60 -1 149 -1 127 -1 60 -1 124 -1 125 -1 60 -1 119 -1 60 -1 60 -1 60 -1 112 -1 60 -1 120 -1 119 -1 60 -1 112 -1 60 -1 120 -1 60 -1 119 -1 60 -1 60 -1 60 -1 -2
62 -1 60 -1 117 -1 60 -1 66 -1 66 -1 66 -1 66 -1 60 -1 60 -1 60 -1 60 -1 60 -1 60 -1 60 -1 60 -1 60 -1 60 -1 117 -1 60 -1 60 -1 60 -1 60 -1 60 -1 60 -1 60 -1 60 -1 60 -1 60 -1 60 -1 60 -1 60 -1 60 -1 117 -1 60 -1 60 -1 60 -1 60 -1 60 -1 66 -1 74 -1 74 -1 66 -1 66 -1 60 -1 60 -1 117 -1 60 -1 60 -1 60 -1 117 -1 60 -1 60 -1 60 -1 60 -1 60 -1 60 -1 60 -1 60 -1 60 -1 60 -1 60 -1 60 -1 -2
62 -1 60 -1 149 -1 60 -1 60 -1 60 -1 60 -1 60 -1 60 -1 60 -1 60 -1 60 -1 155 -1 60 -1 60 -1 152 -1 152 -1 60 -1 60 -1 60 -1 60 -1 60 -1 60 -1 60 -1 60 -1 60 -1 60 -1 60 -1 60 -1 60 -1 60 -1 60 -1 60 -1 60 -1 60 -1 60 -1 60 -1 60 -1 60 -1 60 -1 60 -1 60 -1 60 -1 60 -1 60 -1 152 -1 60 -1 60 -1 60 -1 60 -1 60 -1 60 -1 -2
