73 -1 73 -1 73 -1 73 -1 73 -1 -2
62 -1 60 -1 143 -1 341 -1 175 -1 114 -1 122 -1 97 -1 93 -1 60 -1 -2
62 -1 60 -1 143 -1 341 -1 175 -1 114 -1 257 -1 97 -1 93 -1 341 -1 175 -1 114 -1 158 -1 97 -1 93 -1 60 -1 -2
62 -1 60 -1 143 -1 341 -1 175 -1 114 -1 122 -1 97 -1 93 -1 60 -1 -2
62 -1 60 -1 143 -1 341 -1 175 -1 114 -1 158 -1 97 -1 93 -1 60 -1 -2
62 -1 60 -1 143 -1 341 -1 175 -1 114 -1 257 -1 97 -1 93 -1 60 -1 -2
62 -1 60 -1 143 -1 341 -1 175 -1 114 -1 158 -1 97 -1 93 -1 60 -1 -2
62 -1 60 -1 143 -1 341 -1 175 -1 114 -1 122 -1 97 -1 93 -1 60 -1 -2
62 -1 60 -1 143 -1 341 -1 175 -1 114 -1 257 -1 97 -1 93 -1 60 -1 -2
62 -1 60 -1 143 -1 341 -1 175 -1 114 -1 122 -1 97 -1 93 -1 60 -1 -2
62 -1 60 -1 143 -1 341 -1 175 -1 114 -1 122 -1 97 -1 93 -1 60 -1 -2
60 -1 60 -1 60 -1 147 -1 60 -1 150 -1 60 -1 60 -1 60 -1 -2
188 -1 60 -1 60 -1 60 -1 147 -1 60 -1 60 -1 -2
97 -1 60 -1 97 -1 60 -1 97 -1 60 -1 97 -1 60 -1 97 -1 -2
62 -1 60 -1 144 -1 60 -1 60 -1 -2
62 -1 60 -1 103 -1 60 -1 60 -1 66 -1 66 -1 66 -1 66 -1 66 -1 66 -1 60 -1 60 -1 60 -1 60 -1 60 -1 60 -1 60 -1 60 -1 60 -1 93 -1 103 -1 60 -1 60 -1 60 -1 60 -1 60 -1 60 -1 60 -1 60 -1 60 -1 60 -1 60 -1 60 -1 93 -1 103 -1 60 -1 60 -1 60 -1 60 -1 60 -1 60 -1 60 -1 60 -1 60 -1 60 -1 60 -1 60 -1 60 -1 93 -1 103 -1 60 -1 66 -1 66 -1 66 -1 60 -1 60 -1 60 -1 60 -1 60 -1 60 -1 60 -1 60 -1 60 -1 60 -1 -2
62 -1 60 -1 93 -1 103 -1 60 -1 60 -1 60 -1 60 -1 60 -1 60 -1 60 -1 60 -1 60 -1 60 -1 60 -1 60 -1 60 -1 60 -1 93 -1 103 -1 60 -1 60 -1 60 -1 60 -1 60 -1 60 -1 60 -1 60 -1 60 -1 60 -1 60 -1 60 -1 60 -1 93 -1 103 -1 60 -1 60 -1 60 -1 60 -1 60 -1 60 -1 60 -1 60 -1 60 -1 60 -1 60 -1 60 -1 60 -1 93 -1 103 -1 60 -1 60 -1 60 -1 60 -1 60 -1 60 -1 60 -1 60 -1 60 -1 60 -1 60 -1 60 -1 60 -1 -2
62 -1 60 -1 97 -1 60 -1 97 -1 60 -1 97 -1 60 -1 60 -1 -2
62 -1 60 -1 153 -1 60 -1 60 -1 153 -1 60 -1 153 -1 60 -1 60 -1 154 -1 60 -1 153 -1 60 -1 60 -1 153 -1 60 -1 60 -1 153 -1 60 -1 -2
60 -1 60 -1 153 -1 60 -1 153 -1 60 -1 60 -1 153 -1 60 -1 153 -1 60 -1 60 -1 -2
62 -1 60 -1 153 -1 60 -1 60 -1 153 -1 60 -1 153 -1 60 -1 60 -1 -2
62 -1 60 -1 153 -1 60 -1 60 -1 153 -1 60 -1 60 -1 153 -1 60 -1 153 -1 60 -1 60 -1 -2
60 -1 60 -1 153 -1 60 -1 60 -1 -2
62 -1 60 -1 103 -1 60 -1 60 -1 60 -1 60 -1 60 -1 60 -1 60 -1 60 -1 60 -1 60 -1 60 -1 60 -1 60 -1 93 -1 103 -1 60 -1 60 -1 60 -1 60 -1 60 -1 60 -1 60 -1 60 -1 60 -1 60 -1 60 -1 60 -1 60 -1 60 -1 93 -1 103 -1 60 -1 60 -1 60 -1 60 -1 60 -1 60 -1 60 -1 60 -1 60 -1 60 -1 60 -1 60 -1 60 -1 60 -1 93 -1 103 -1 60 -1 60 -1 60 -1 60 -1 60 -1 60 -1 60 -1 60 -1 60 -1 60 -1 60 -1 60 -1 60 -1 60 -1 93 -1 103 -1 60 -1 60 -1 60 -1 60 -1 60 -1 60 -1 60 -1 60 -1 60 -1 60 -1 60 -1 60 -1 60 -1 -2
62 -1 60 -1 97 -1 60 -1 97 -1 60 -1 97 -1 60 -1 97 -1 60 -1 110 -1 60 -1 60 -1 60 -1 -2
62 -1 60 -1 136 -1 60 -1 60 -1 60 -1 60 -1 60 -1 60 -1 60 -1 60 -1 60 -1 -2
62 -1 60 -1 156 -1 236 -1 212 -1 60 -1 60 -1 60 -1 147 -1 60 -1 60 -1 179 -1 60 -1 60 -1 60 -1 147 -1 60 -1 60 -1 150 -1 60 -1 60 -1 60 -1 147 -1 60 -1 60 -1 -2
62 -1 60 -1 145 -1 60 -1 60 -1 -2
62 -1 60 -1 133 -1 60 -1 60 -1 -2
62 -1 60 -1 150 -1 60 -1 60 -1 60 -1 60 -1 60 -1 60 -1 60 -1 60 -1 60 -1 60 -1 60 -1 60 -1 60 -1 60 -1 60 -1 60 -1 60 -1 60 -1 60 -1 60 -1 60 -1 -2
62 -1 60 -1 137 -1 60 -1 114 -1 60 -1 60 -1 60 -1 60 -1 60 -1 60 -1 60 -1 60 -1 60 -1 122 -1 60 -1 60 -1 60 -1 60 -1 60 -1 60 -1 60 -1 60 -1 115 -1 60 -1 121 -1 60 -1 117 -1 60 -1 117 -1 60 -1 115 -1 117 -1 66 -1 60 -1 115 -1 133 -1 60 -1 60 -1 60 -1 60 -1 60 -1 60 -1 60 -1 60 -1 60 -1 60 -1 60 -1 60 -1 60 -1 60 -1 60 -1 60 -1 60 -1 60 -1 60 -1 60 -1 60 -1 60 -1 60 -1 60 -1 60 -1 60 -1 60 -1 60 -1 60 -1 60 -1 138 -1 60 -1 60 -1 60 -1 60 -1 60 -1 60 -1 60 -1 60 -1 60 -1 60 -1 60 -1 60 -1 60 -1 60 -1 60 -1 60 -1 60 -1 60 -1 60 -1 60 -1 60 -1 60 -1 60 -1 60 -1 60 -1 60 -1 60 -1 60 -1 60 -1 60 -1 60 -1 60 -1 60 -1 60 -1 124 -1 60 -1 60 -1 60 -1 60 -1 -2
62 -1 60 -1 132 -1 60 -1 60 -1 60 -1 60 -1 60 -1 60 -1 60 -1 60 -1 60 -1 60 -1 60 -1 60 -1 132 -1 60 -1 132 -1 60 -1 -2
62 -1 60 -1 125 -1 60 -1 60 -1 60 -1 60 -1 122 -1 66 -1 66 -1 66 -1 66 -1 66 -1 66 -1 66 -1 66 -1 60 -1 60 -1 60 -1 115 -1 60 -1 121 -1 60 -1 117 -1 60 -1 60 -1 60 -1 -2
62 -1 60 -1 156 -1 60 -1 231 -1 60 -1 60 -1 60 -1 -2
62 -1 60 -1 137 -1 60 -1 60 -1 60 -1 60 -1 60 -1 60 -1 60 -1 60 -1 142 -1 141 -1 138 -1 60 -1 139 -1 60 -1 60 -1 -2
62 -1 60 -1 128 -1 60 -1 108 -1 108 -1 60 -1 118 -1 60 -1 114 -1 60 -1 112 -1 60 -1 114 -1 60 -1 114 -1 60 -1 114 -1 60 -1 116 -1 -2
62 -1 60 -1 143 -1 60 -1 60 -1 60 -1 60 -1 60 -1 60 -1 60 -1 60 -1 60 -1 118 -1 60 -1 128 -1 60 -1 124 -1 60 -1 122 -1 60 -1 124 -1 60 -1 124 -1 60 -1 124 -1 60 -1 126 -1 -2
62 -1 60 -1 141 -1 60 -1 134 -1 133 -1 60 -1 134 -1 145 -1 145 -1 60 -1 145 -1 60 -1 145 -1 60 -1 60 -1 -2
62 -1 60 -1 115 -1 60 -1 60 -1 60 -1 60 -1 60 -1 60 -1 60 -1 60 -1 60 -1 60 -1 60 -1 60 -1 60 -1 60 -1 60 -1 60 -1 60 -1 60 -1 60 -1 60 -1 60 -1 60 -1 60 -1 60 -1 60 -1 60 -1 60 -1 60 -1 60 -1 60 -1 60 -1 60 -1 60 -1 60 -1 60 -1 60 -1 60 -1 66 -1 66 -1 66 -1 66 -1 66 -1 66 -1 66 -1 66 -1 66 -1 66 -1 60 -1 60 -1 60 -1 60 -1 60 -1 60 -1 60 -1 60 -1 60 -1 60 -1 66 -1 66 -1 66 -1 66 -1 66 -1 60 -1 60 -1 60 -1 60 -1 60 -1 60 -1 60 -1 60 -1 60 -1 60 -1 60 -1 60 -1 60 -1 60 -1 60 -1 60 -1 60 -1 60 -1 60 -1 60 -1 60 -1 60 -1 60 -1 60 -1 60 -1 60 -1 60 -1 60 -1 60 -1 60 -1 60 -1 60 -1 60 -1 60 -1 60 -1 60 -1 60 -1 60 -1 60 -1 60 -1 60 -1 60 -1 60 -1 60 -1 60 -1 60 -1 60 -1 60 -1 60 -1 -2
62 -1 60 -1 156 -1 236 -1 212 -1 60 -1 60 -1 60 -1 147 -1 60 -1 60 -1 179 -1 60 -1 60 -1 60 -1 147 -1 60 -1 150 -1 60 -1 60 -1 60 -1 147 -1 60 -1 60 -1 179 -1 60 -1 60 -1 60 -1 147 -1 60 -1 150 -1 60 -1 60 -1 60 -1 -2
62 -1 60 -1 135 -1 60 -1 60 -1 60 -1 60 -1 60 -1 60 -1 60 -1 60 -1 60 -1 122 -1 60 -1 60 -1 60 -1 60 -1 60 -1 60 -1 60 -1 60 -1 115 -1 60 -1 121 -1 60 -1 117 -1 60 -1 117 -1 60 -1 115 -1 60 -1 139 -1 60 -1 60 -1 60 -1 60 -1 60 -1 128 -1 60 -1 60 -1 60 -1 60 -1 60 -1 60 -1 121 -1 60 -1 127 -1 60 -1 123 -1 60 -1 123 -1 60 -1 121 -1 120 -1 60 -1 60 -1 130 -1 60 -1 60 -1 60 -1 60 -1 122 -1 60 -1 60 -1 60 -1 124 -1 60 -1 60 -1 60 -1 60 -1 -2
62 -1 60 -1 150 -1 60 -1 60 -1 60 -1 60 -1 60 -1 60 -1 60 -1 60 -1 60 -1 60 -1 60 -1 60 -1 60 -1 60 -1 60 -1 60 -1 60 -1 60 -1 60 -1 60 -1 -2
62 -1 60 -1 156 -1 60 -1 231 -1 60 -1 60 -1 60 -1 -2
62 -1 60 -1 136 -1 60 -1 60 -1 60 -1 60 -1 60 -1 60 -1 -2
62 -1 60 -1 112 -1 60 -1 60 -1 60 -1 60 -1 60 -1 60 -1 60 -1 60 -1 60 -1 60 -1 60 -1 60 -1 60 -1 -2
62 -1 60 -1 145 -1 60 -1 121 -1 60 -1 60 -1 -2
62 -1 60 -1 215 -1 60 -1 60 -1 60 -1 60 -1 60 -1 60 -1 132 -1 133 -1 133 -1 132 -1 133 -1 133 -1 132 -1 133 -1 60 -1 236 -1 60 -1 60 -1 60 -1 60 -1 60 -1 60 -1 132 -1 133 -1 133 -1 132 -1 133 -1 133 -1 132 -1 133 -1 60 -1 60 -1 -2
62 -1 60 -1 126 -1 60 -1 60 -1 60 -1 60 -1 60 -1 60 -1 60 -1 60 -1 60 -1 60 -1 60 -1 60 -1 60 -1 60 -1 60 -1 60 -1 60 -1 60 -1 60 -1 126 -1 60 -1 60 -1 60 -1 60 -1 60 -1 60 -1 60 -1 60 -1 60 -1 60 -1 60 -1 60 -1 60 -1 60 -1 60 -1 60 -1 60 -1 60 -1 60 -1 60 -1 -2
60 -1 60 -1 60 -1 60 -1 60 -1 60 -1 60 -1 60 -1 60 -1 60 -1 60 -1 60 -1 60 -1 60 -1 60 -1 60 -1 60 -1 60 -1 60 -1 60 -1 60 -1 60 -1 60 -1 60 -1 60 -1 60 -1 60 -1 -2
62 -1 60 -1 180 -1 60 -1 143 -1 60 -1 -2
62 -1 60 -1 156 -1 60 -1 246 -1 60 -1 60 -1 60 -1 147 -1 60 -1 150 -1 60 -1 60 -1 60 -1 179 -1 60 -1 60 -1 60 -1 147 -1 60 -1 150 -1 60 -1 60 -1 60 -1 147 -1 60 -1 150 -1 60 -1 60 -1 60 -1 -2
179 -1 60 -1 60 -1 60 -1 60 -1 147 -1 60 -1 60 -1 60 -1 60 -1 60 -1 60 -1 150 -1 147 -1 60 -1 60 -1 60 -1 60 -1 60 -1 150 -1 60 -1 60 -1 60 -1 188 -1 60 -1 60 -1 60 -1 147 -1 60 -1 60 -1 188 -1 179 -1 60 -1 60 -1 60 -1 147 -1 60 -1 60 -1 60 -1 60 -1 60 -1 60 -1 147 -1 179 -1 60 -1 60 -1 60 -1 60 -1 60 -1 60 -1 -2
62 -1 60 -1 156 -1 60 -1 222 -1 60 -1 60 -1 60 -1 188 -1 60 -1 60 -1 60 -1 147 -1 60 -1 60 -1 -2
60 -1 60 -1 60 -1 147 -1 188 -1 60 -1 60 -1 60 -1 60 -1 60 -1 147 -1 60 -1 60 -1 179 -1 60 -1 60 -1 60 -1 60 -1 188 -1 147 -1 60 -1 60 -1 60 -1 60 -1 60 -1 150 -1 60 -1 60 -1 60 -1 -2
60 -1 60 -1 147 -1 60 -1 60 -1 -2
62 -1 60 -1 156 -1 60 -1 223 -1 60 -1 60 -1 60 -1 60 -1 60 -1 60 -1 60 -1 60 -1 60 -1 60 -1 60 -1 60 -1 -2
62 -1 60 -1 120 -1 60 -1 60 -1 60 -1 60 -1 60 -1 60 -1 60 -1 60 -1 60 -1 60 -1 60 -1 60 -1 60 -1 60 -1 60 -1 60 -1 -2
62 -1 60 -1 157 -1 60 -1 60 -1 -2
62 -1 60 -1 113 -1 60 -1 60 -1 -2
62 -1 60 -1 183 -1 60 -1 60 -1 60 -1 60 -1 60 -1 60 -1 60 -1 60 -1 60 -1 60 -1 60 -1 60 -1 60 -1 -2
62 -1 60 -1 137 -1 60 -1 134 -1 134 -1 60 -1 60 -1 -2
62 -1 60 -1 159 -1 60 -1 60 -1 60 -1 60 -1 60 -1 128 -1 60 -1 60 -1 60 -1 60 -1 60 -1 60 -1 121 -1 60 -1 127 -1 60 -1 123 -1 60 -1 60 -1 123 -1 60 -1 121 -1 60 -1 120 -1 60 -1 60 -1 60 -1 -2
60 -1 60 -1 60 -1 60 -1 60 -1 60 -1 60 -1 60 -1 60 -1 60 -1 60 -1 60 -1 60 -1 60 -1 60 -1 60 -1 60 -1 60 -1 60 -1 60 -1 -2
62 -1 60 -1 160 -1 60 -1 60 -1 60 -1 60 -1 128 -1 60 -1 60 -1 60 -1 60 -1 60 -1 60 -1 60 -1 121 -1 60 -1 127 -1 60 -1 123 -1 60 -1 60 -1 123 -1 60 -1 121 -1 60 -1 131 -1 60 -1 60 -1 60 -1 -2
62 -1 60 -1 156 -1 60 -1 231 -1 60 -1 60 -1 60 -1 188 -1 60 -1 60 -1 60 -1 147 -1 60 -1 147 -1 60 -1 60 -1 150 -1 150 -1 60 -1 60 -1 60 -1 60 -1 60 -1 60 -1 147 -1 60 -1 60 -1 147 -1 147 -1 60 -1 60 -1 -2
62 -1 60 -1 156 -1 236 -1 203 -1 60 -1 60 -1 60 -1 147 -1 60 -1 150 -1 60 -1 60 -1 60 -1 -2
