60 -1 182 -1 60 -1 154 -1 60 -1 182 -1 60 -1 154 -1 60 -1 182 -1 -2
154 -1 60 -1 182 -1 60 -1 154 -1 60 -1 182 -1 60 -1 154 -1 60 -1 -2
60 -1 154 -1 60 -1 182 -1 60 -1 154 -1 60 -1 159 -1 60 -1 165 -1 60 -1 170 -1 60 -1 -2
154 -1 60 -1 182 -1 60 -1 154 -1 60 -1 182 -1 60 -1 -2
60 -1 60 -1 139 -1 60 -1 139 -1 60 -1 60 -1 -2
66 -1 60 -1 139 -1 60 -1 60 -1 141 -1 60 -1 60 -1 -2
139 -1 60 -1 60 -1 139 -1 60 -1 60 -1 60 -1 -2
62 -1 60 -1 122 -1 60 -1 60 -1 60 -1 60 -1 60 -1 60 -1 60 -1 60 -1 60 -1 60 -1 60 -1 60 -1 60 -1 60 -1 60 -1 60 -1 60 -1 128 -1 60 -1 60 -1 60 -1 60 -1 60 -1 60 -1 132 -1 60 -1 123 -1 60 -1 60 -1 60 -1 60 -1 60 -1 60 -1 60 -1 60 -1 123 -1 60 -1 60 -1 60 -1 60 -1 60 -1 60 -1 123 -1 60 -1 60 -1 60 -1 60 -1 60 -1 134 -1 60 -1 60 -1 119 -1 60 -1 60 -1 60 -1 60 -1 60 -1 60 -1 60 -1 60 -1 60 -1 60 -1 60 -1 60 -1 60 -1 60 -1 60 -1 119 -1 -2
62 -1 60 -1 116 -1 60 -1 116 -1 60 -1 116 -1 60 -1 124 -1 60 -1 120 -1 60 -1 127 -1 60 -1 120 -1 60 -1 127 -1 60 -1 120 -1 60 -1 126 -1 60 -1 -2
62 -1 60 -1 119 -1 60 -1 60 -1 60 -1 60 -1 60 -1 60 -1 60 -1 60 -1 127 -1 60 -1 123 -1 60 -1 130 -1 60 -1 60 -1 60 -1 123 -1 60 -1 130 -1 60 -1 60 -1 60 -1 60 -1 123 -1 60 -1 129 -1 60 -1 60 -1 60 -1 123 -1 60 -1 129 -1 60 -1 60 -1 60 -1 60 -1 60 -1 60 -1 60 -1 130 -1 60 -1 60 -1 60 -1 60 -1 60 -1 -2
62 -1 60 -1 127 -1 60 -1 60 -1 60 -1 60 -1 60 -1 60 -1 60 -1 60 -1 60 -1 60 -1 60 -1 132 -1 133 -1 133 -1 132 -1 133 -1 133 -1 132 -1 133 -1 134 -1 60 -1 60 -1 60 -1 60 -1 60 -1 60 -1 127 -1 60 -1 60 -1 60 -1 60 -1 60 -1 60 -1 60 -1 60 -1 60 -1 60 -1 60 -1 132 -1 133 -1 133 -1 132 -1 133 -1 133 -1 132 -1 133 -1 134 -1 60 -1 60 -1 60 -1 60 -1 60 -1 60 -1 120 -1 60 -1 60 -1 60 -1 60 -1 60 -1 60 -1 60 -1 60 -1 60 -1 60 -1 60 -1 60 -1 132 -1 133 -1 133 -1 132 -1 133 -1 133 -1 132 -1 133 -1 128 -1 60 -1 60 -1 60 -1 60 -1 60 -1 132 -1 133 -1 133 -1 132 -1 133 -1 133 -1 132 -1 133 -1 134 -1 60 -1 60 -1 60 -1 60 -1 60 -1 60 -1 60 -1 -2
62 -1 60 -1 126 -1 60 -1 60 -1 60 -1 60 -1 60 -1 60 -1 60 -1 60 -1 60 -1 60 -1 60 -1 60 -1 60 -1 60 -1 60 -1 60 -1 60 -1 60 -1 60 -1 60 -1 60 -1 60 -1 60 -1 60 -1 60 -1 60 -1 60 -1 60 -1 60 -1 60 -1 60 -1 60 -1 60 -1 60 -1 60 -1 60 -1 60 -1 60 -1 60 -1 60 -1 60 -1 60 -1 60 -1 60 -1 60 -1 60 -1 60 -1 60 -1 60 -1 60 -1 60 -1 60 -1 60 -1 60 -1 60 -1 60 -1 60 -1 60 -1 60 -1 60 -1 60 -1 60 -1 60 -1 60 -1 60 -1 -2
62 -1 60 -1 137 -1 60 -1 60 -1 -2
62 -1 60 -1 122 -1 60 -1 60 -1 60 -1 66 -1 66 -1 66 -1 66 -1 66 -1 66 -1 66 -1 60 -1 60 -1 60 -1 60 -1 60 -1 60 -1 60 -1 60 -1 60 -1 60 -1 60 -1 60 -1 60 -1 60 -1 60 -1 60 -1 60 -1 60 -1 60 -1 60 -1 60 -1 60 -1 60 -1 60 -1 60 -1 60 -1 60 -1 60 -1 60 -1 60 -1 60 -1 60 -1 60 -1 60 -1 60 -1 -2
62 -1 60 -1 99 -1 60 -1 60 -1 60 -1 60 -1 60 -1 60 -1 -2
62 -1 60 -1 148 -1 60 -1 60 -1 60 -1 60 -1 60 -1 60 -1 -2
60 -1 60 -1 60 -1 60 -1 60 -1 60 -1 60 -1 60 -1 60 -1 60 -1 60 -1 60 -1 60 -1 -2
62 -1 60 -1 178 -1 60 -1 207 -1 128 -1 60 -1 60 -1 60 -1 60 -1 60 -1 60 -1 60 -1 60 -1 60 -1 60 -1 60 -1 60 -1 60 -1 60 -1 60 -1 60 -1 60 -1 60 -1 60 -1 60 -1 60 -1 60 -1 60 -1 60 -1 60 -1 60 -1 60 -1 60 -1 60 -1 60 -1 60 -1 60 -1 60 -1 60 -1 60 -1 60 -1 60 -1 60 -1 60 -1 60 -1 60 -1 60 -1 60 -1 60 -1 60 -1 60 -1 60 -1 60 -1 60 -1 60 -1 60 -1 60 -1 60 -1 60 -1 60 -1 60 -1 60 -1 60 -1 60 -1 60 -1 60 -1 60 -1 60 -1 60 -1 60 -1 60 -1 60 -1 60 -1 60 -1 60 -1 60 -1 60 -1 60 -1 60 -1 60 -1 60 -1 60 -1 60 -1 60 -1 60 -1 60 -1 60 -1 60 -1 60 -1 60 -1 60 -1 60 -1 60 -1 60 -1 60 -1 60 -1 60 -1 60 -1 60 -1 60 -1 60 -1 60 -1 60 -1 60 -1 60 -1 60 -1 60 -1 60 -1 60 -1 60 -1 60 -1 60 -1 60 -1 60 -1 60 -1 60 -1 60 -1 60 -1 -2
207 -1 60 -1 128 -1 60 -1 60 -1 60 -1 60 -1 60 -1 60 -1 60 -1 60 -1 60 -1 60 -1 60 -1 60 -1 60 -1 60 -1 60 -1 60 -1 60 -1 60 -1 60 -1 60 -1 60 -1 60 -1 60 -1 60 -1 60 -1 60 -1 60 -1 60 -1 60 -1 60 -1 60 -1 60 -1 60 -1 60 -1 60 -1 60 -1 60 -1 60 -1 60 -1 60 -1 60 -1 60 -1 60 -1 60 -1 60 -1 60 -1 60 -1 60 -1 60 -1 60 -1 60 -1 60 -1 60 -1 60 -1 60 -1 60 -1 60 -1 60 -1 60 -1 60 -1 60 -1 60 -1 60 -1 60 -1 60 -1 60 -1 60 -1 60 -1 60 -1 60 -1 60 -1 60 -1 60 -1 60 -1 60 -1 60 -1 60 -1 60 -1 60 -1 60 -1 60 -1 60 -1 60 -1 60 -1 60 -1 60 -1 60 -1 60 -1 60 -1 60 -1 60 -1 60 -1 60 -1 60 -1 60 -1 60 -1 60 -1 60 -1 60 -1 60 -1 60 -1 60 -1 60 -1 60 -1 60 -1 60 -1 60 -1 60 -1 60 -1 60 -1 60 -1 60 -1 60 -1 60 -1 60 -1 149 -1 60 -1 153 -1 60 -1 60 -1 60 -1 60 -1 60 -1 60 -1 60 -1 60 -1 60 -1 60 -1 60 -1 60 -1 60 -1 60 -1 60 -1 60 -1 60 -1 60 -1 60 -1 60 -1 60 -1 60 -1 60 -1 60 -1 60 -1 60 -1 60 -1 60 -1 60 -1 60 -1 60 -1 60 -1 60 -1 60 -1 -2
153 -1 60 -1 60 -1 60 -1 60 -1 60 -1 60 -1 60 -1 60 -1 60 -1 60 -1 60 -1 60 -1 60 -1 60 -1 60 -1 60 -1 60 -1 60 -1 60 -1 60 -1 60 -1 60 -1 60 -1 60 -1 60 -1 60 -1 60 -1 60 -1 60 -1 60 -1 60 -1 60 -1 60 -1 60 -1 60 -1 60 -1 60 -1 60 -1 60 -1 60 -1 60 -1 60 -1 60 -1 60 -1 60 -1 60 -1 60 -1 60 -1 60 -1 60 -1 60 -1 60 -1 60 -1 60 -1 60 -1 -2
62 -1 60 -1 123 -1 60 -1 60 -1 -2
62 -1 60 -1 182 -1 60 -1 60 -1 60 -1 60 -1 60 -1 60 -1 60 -1 60 -1 60 -1 60 -1 60 -1 60 -1 60 -1 60 -1 -2
62 -1 60 -1 135 -1 60 -1 111 -1 60 -1 -2
60 -1 165 -1 60 -1 165 -1 60 -1 165 -1 60 -1 -2
60 -1 170 -1 60 -1 60 -1 60 -1 60 -1 60 -1 60 -1 60 -1 60 -1 60 -1 60 -1 60 -1 164 -1 60 -1 165 -1 60 -1 -2
60 -1 165 -1 60 -1 170 -1 60 -1 60 -1 60 -1 60 -1 60 -1 60 -1 60 -1 60 -1 60 -1 60 -1 60 -1 60 -1 177 -1 60 -1 -2
62 -1 60 -1 200 -1 60 -1 60 -1 60 -1 60 -1 165 -1 60 -1 176 -1 60 -1 60 -1 60 -1 60 -1 -2
60 -1 175 -1 60 -1 175 -1 60 -1 175 -1 60 -1 -2
62 -1 60 -1 154 -1 60 -1 60 -1 -2
62 -1 60 -1 163 -1 60 -1 60 -1 60 -1 60 -1 -2
62 -1 60 -1 137 -1 60 -1 60 -1 -2
62 -1 60 -1 120 -1 60 -1 60 -1 -2
60 -1 124 -1 60 -1 120 -1 60 -1 122 -1 60 -1 124 -1 60 -1 60 -1 60 -1 60 -1 97 -1 60 -1 60 -1 60 -1 60 -1 60 -1 60 -1 60 -1 60 -1 60 -1 60 -1 60 -1 123 -1 60 -1 60 -1 124 -1 60 -1 120 -1 60 -1 122 -1 60 -1 123 -1 159 -1 60 -1 60 -1 60 -1 123 -1 60 -1 60 -1 124 -1 60 -1 60 -1 120 -1 60 -1 60 -1 60 -1 -2
60 -1 60 -1 60 -1 60 -1 60 -1 112 -1 60 -1 60 -1 60 -1 -2
60 -1 60 -1 60 -1 156 -1 60 -1 -2
236 -1 158 -1 60 -1 148 -1 60 -1 60 -1 60 -1 60 -1 60 -1 149 -1 156 -1 151 -1 60 -1 60 -1 60 -1 156 -1 156 -1 60 -1 151 -1 60 -1 60 -1 60 -1 -2
60 -1 151 -1 60 -1 60 -1 60 -1 -2
60 -1 148 -1 60 -1 60 -1 60 -1 60 -1 60 -1 -2
60 -1 60 -1 60 -1 60 -1 60 -1 60 -1 60 -1 60 -1 60 -1 60 -1 60 -1 60 -1 60 -1 60 -1 60 -1 60 -1 60 -1 66 -1 60 -1 60 -1 66 -1 66 -1 66 -1 66 -1 -2
62 -1 60 -1 105 -1 60 -1 60 -1 60 -1 60 -1 60 -1 60 -1 60 -1 60 -1 60 -1 60 -1 60 -1 60 -1 60 -1 60 -1 60 -1 60 -1 60 -1 60 -1 60 -1 60 -1 60 -1 60 -1 105 -1 153 -1 60 -1 60 -1 60 -1 60 -1 60 -1 60 -1 60 -1 60 -1 60 -1 60 -1 60 -1 60 -1 60 -1 60 -1 60 -1 60 -1 60 -1 66 -1 66 -1 66 -1 66 -1 66 -1 66 -1 66 -1 60 -1 60 -1 -2
62 -1 60 -1 124 -1 60 -1 60 -1 60 -1 113 -1 60 -1 60 -1 60 -1 -2
62 -1 60 -1 116 -1 60 -1 60 -1 60 -1 60 -1 60 -1 60 -1 60 -1 60 -1 60 -1 60 -1 60 -1 132 -1 133 -1 133 -1 132 -1 133 -1 133 -1 132 -1 133 -1 134 -1 60 -1 60 -1 60 -1 60 -1 60 -1 60 -1 120 -1 60 -1 60 -1 60 -1 60 -1 60 -1 60 -1 60 -1 60 -1 60 -1 60 -1 60 -1 132 -1 133 -1 133 -1 132 -1 133 -1 133 -1 132 -1 133 -1 134 -1 60 -1 60 -1 60 -1 60 -1 60 -1 60 -1 60 -1 -2
62 -1 60 -1 124 -1 60 -1 60 -1 364 -1 60 -1 165 -1 60 -1 -2
62 -1 60 -1 258 -1 60 -1 60 -1 60 -1 60 -1 60 -1 60 -1 60 -1 60 -1 60 -1 60 -1 60 -1 60 -1 60 -1 -2
60 -1 60 -1 60 -1 60 -1 60 -1 60 -1 60 -1 60 -1 60 -1 60 -1 60 -1 60 -1 60 -1 60 -1 60 -1 60 -1 60 -1 60 -1 60 -1 60 -1 60 -1 60 -1 60 -1 60 -1 60 -1 60 -1 60 -1 -2
60 -1 60 -1 60 -1 60 -1 60 -1 60 -1 60 -1 60 -1 60 -1 60 -1 60 -1 60 -1 60 -1 60 -1 60 -1 60 -1 60 -1 60 -1 60 -1 60 -1 60 -1 60 -1 60 -1 60 -1 60 -1 205 -1 60 -1 60 -1 60 -1 60 -1 60 -1 60 -1 60 -1 60 -1 60 -1 60 -1 60 -1 60 -1 60 -1 60 -1 60 -1 60 -1 60 -1 60 -1 60 -1 60 -1 60 -1 60 -1 60 -1 60 -1 -2
62 -1 60 -1 124 -1 60 -1 60 -1 364 -1 229 -1 60 -1 60 -1 60 -1 60 -1 60 -1 60 -1 60 -1 60 -1 60 -1 60 -1 60 -1 60 -1 60 -1 60 -1 60 -1 60 -1 60 -1 60 -1 60 -1 60 -1 60 -1 60 -1 60 -1 60 -1 60 -1 -2
62 -1 60 -1 60 -1 128 -1 132 -1 60 -1 117 -1 60 -1 60 -1 -2
62 -1 60 -1 152 -1 60 -1 60 -1 60 -1 60 -1 60 -1 60 -1 60 -1 60 -1 60 -1 60 -1 60 -1 60 -1 60 -1 152 -1 60 -1 60 -1 60 -1 60 -1 60 -1 60 -1 60 -1 60 -1 60 -1 60 -1 60 -1 60 -1 60 -1 60 -1 -2
62 -1 60 -1 143 -1 60 -1 60 -1 60 -1 60 -1 60 -1 60 -1 60 -1 60 -1 60 -1 60 -1 60 -1 60 -1 60 -1 60 -1 124 -1 60 -1 60 -1 60 -1 60 -1 60 -1 60 -1 60 -1 60 -1 60 -1 60 -1 60 -1 60 -1 -2
62 -1 60 -1 98 -1 60 -1 60 -1 60 -1 60 -1 60 -1 -2
62 -1 60 -1 122 -1 60 -1 60 -1 60 -1 -2
60 -1 106 -1 60 -1 60 -1 60 -1 60 -1 60 -1 60 -1 60 -1 60 -1 60 -1 60 -1 60 -1 60 -1 60 -1 66 -1 66 -1 66 -1 60 -1 -2
62 -1 60 -1 155 -1 60 -1 60 -1 60 -1 60 -1 60 -1 60 -1 60 -1 60 -1 60 -1 60 -1 152 -1 60 -1 60 -1 60 -1 60 -1 60 -1 60 -1 60 -1 60 -1 60 -1 60 -1 60 -1 60 -1 60 -1 60 -1 60 -1 60 -1 60 -1 60 -1 144 -1 60 -1 60 -1 60 -1 60 -1 60 -1 60 -1 -2
62 -1 60 -1 130 -1 60 -1 60 -1 60 -1 66 -1 66 -1 66 -1 66 -1 66 -1 66 -1 66 -1 66 -1 60 -1 60 -1 60 -1 60 -1 60 -1 60 -1 60 -1 60 -1 60 -1 60 -1 -2
62 -1 60 -1 122 -1 60 -1 60 -1 60 -1 60 -1 60 -1 60 -1 60 -1 60 -1 60 -1 60 -1 60 -1 60 -1 60 -1 60 -1 60 -1 60 -1 60 -1 60 -1 60 -1 60 -1 -2
62 -1 60 -1 126 -1 60 -1 60 -1 60 -1 60 -1 60 -1 60 -1 60 -1 60 -1 60 -1 60 -1 60 -1 60 -1 60 -1 60 -1 -2
62 -1 60 -1 60 -1 122 -1 60 -1 60 -1 60 -1 60 -1 -2
62 -1 60 -1 158 -1 60 -1 60 -1 60 -1 60 -1 60 -1 60 -1 60 -1 60 -1 60 -1 60 -1 60 -1 60 -1 60 -1 60 -1 60 -1 60 -1 60 -1 60 -1 60 -1 60 -1 60 -1 60 -1 60 -1 60 -1 60 -1 60 -1 60 -1 60 -1 60 -1 60 -1 60 -1 60 -1 60 -1 60 -1 60 -1 60 -1 60 -1 60 -1 60 -1 60 -1 60 -1 60 -1 60 -1 60 -1 60 -1 60 -1 60 -1 60 -1 60 -1 60 -1 60 -1 60 -1 60 -1 60 -1 60 -1 60 -1 60 -1 60 -1 60 -1 60 -1 60 -1 -2
60 -1 60 -1 60 -1 60 -1 60 -1 60 -1 60 -1 60 -1 60 -1 60 -1 60 -1 60 -1 60 -1 60 -1 60 -1 60 -1 60 -1 60 -1 60 -1 60 -1 60 -1 60 -1 60 -1 60 -1 -2
62 -1 60 -1 126 -1 60 -1 60 -1 60 -1 60 -1 60 -1 60 -1 60 -1 60 -1 60 -1 60 -1 60 -1 60 -1 60 -1 60 -1 60 -1 -2
62 -1 60 -1 120 -1 60 -1 60 -1 60 -1 60 -1 60 -1 60 -1 60 -1 60 -1 60 -1 60 -1 60 -1 60 -1 60 -1 60 -1 -2
62 -1 60 -1 162 -1 60 -1 60 -1 60 -1 60 -1 60 -1 60 -1 60 -1 60 -1 60 -1 60 -1 60 -1 60 -1 60 -1 60 -1 60 -1 60 -1 60 -1 60 -1 60 -1 60 -1 60 -1 60 -1 60 -1 60 -1 60 -1 60 -1 60 -1 60 -1 60 -1 60 -1 60 -1 60 -1 60 -1 60 -1 60 -1 60 -1 60 -1 60 -1 60 -1 60 -1 60 -1 60 -1 60 -1 60 -1 60 -1 60 -1 60 -1 60 -1 60 -1 60 -1 60 -1 60 -1 60 -1 60 -1 -2
62 -1 60 -1 117 -1 60 -1 60 -1 60 -1 60 -1 60 -1 -2
62 -1 60 -1 197 -1 60 -1 60 -1 60 -1 60 -1 66 -1 66 -1 66 -1 66 -1 66 -1 66 -1 66 -1 66 -1 66 -1 60 -1 60 -1 60 -1 60 -1 60 -1 60 -1 60 -1 60 -1 60 -1 60 -1 60 -1 60 -1 60 -1 60 -1 -2
60 -1 66 -1 60 -1 60 -1 141 -1 60 -1 60 -1 60 -1 60 -1 60 -1 60 -1 60 -1 60 -1 60 -1 60 -1 60 -1 60 -1 60 -1 60 -1 66 -1 66 -1 66 -1 66 -1 66 -1 60 -1 60 -1 149 -1 60 -1 60 -1 -2
142 -1 60 -1 60 -1 60 -1 149 -1 60 -1 60 -1 -2
60 -1 60 -1 60 -1 60 -1 60 -1 60 -1 60 -1 60 -1 60 -1 60 -1 60 -1 60 -1 60 -1 60 -1 60 -1 145 -1 60 -1 60 -1 60 -1 138 -1 60 -1 60 -1 -2
60 -1 60 -1 60 -1 60 -1 60 -1 60 -1 60 -1 60 -1 60 -1 60 -1 60 -1 60 -1 60 -1 60 -1 -2
60 -1 60 -1 117 -1 60 -1 60 -1 -2
60 -1 60 -1 118 -1 60 -1 60 -1 60 -1 -2
60 -1 60 -1 60 -1 60 -1 60 -1 60 -1 -2
62 -1 62 -1 60 -1 143 -1 60 -1 60 -1 60 -1 -2
62 -1 60 -1 122 -1 60 -1 60 -1 60 -1 60 -1 60 -1 60 -1 60 -1 -2
62 -1 62 -1 60 -1 60 -1 124 -1 60 -1 60 -1 236 -1 176 -1 60 -1 -2
62 -1 60 -1 60 -1 117 -1 60 -1 122 -1 60 -1 60 -1 -2
62 -1 60 -1 60 -1 123 -1 60 -1 60 -1 123 -1 60 -1 125 -1 60 -1 60 -1 60 -1 60 -1 -2
62 -1 60 -1 133 -1 60 -1 60 -1 -2
60 -1 60 -1 60 -1 60 -1 60 -1 60 -1 60 -1 -2
62 -1 60 -1 184 -1 60 -1 60 -1 60 -1 60 -1 60 -1 60 -1 60 -1 60 -1 -2
62 -1 60 -1 124 -1 60 -1 60 -1 60 -1 60 -1 60 -1 60 -1 60 -1 60 -1 60 -1 60 -1 60 -1 60 -1 60 -1 60 -1 60 -1 60 -1 60 -1 60 -1 60 -1 60 -1 60 -1 60 -1 60 -1 -2
62 -1 60 -1 60 -1 123 -1 60 -1 60 -1 -2
62 -1 60 -1 126 -1 60 -1 60 -1 -2
62 -1 60 -1 128 -1 60 -1 117 -1 60 -1 128 -1 60 -1 117 -1 60 -1 128 -1 60 -1 117 -1 60 -1 128 -1 60 -1 117 -1 60 -1 128 -1 60 -1 117 -1 60 -1 128 -1 60 -1 117 -1 60 -1 128 -1 60 -1 -2
128 -1 60 -1 117 -1 60 -1 128 -1 60 -1 117 -1 60 -1 128 -1 60 -1 128 -1 60 -1 127 -1 60 -1 125 -1 60 -1 123 -1 60 -1 127 -1 60 -1 123 -1 60 -1 125 -1 60 -1 130 -1 60 -1 132 -1 60 -1 137 -1 60 -1 137 -1 60 -1 -2
60 -1 128 -1 60 -1 117 -1 60 -1 128 -1 60 -1 117 -1 60 -1 128 -1 60 -1 117 -1 60 -1 128 -1 60 -1 117 -1 60 -1 128 -1 60 -1 117 -1 60 -1 128 -1 60 -1 117 -1 60 -1 128 -1 60 -1 117 -1 60 -1 128 -1 60 -1 117 -1 60 -1 128 -1 60 -1 117 -1 -2
155 -1 60 -1 144 -1 60 -1 60 -1 60 -1 60 -1 60 -1 155 -1 60 -1 144 -1 60 -1 60 -1 60 -1 60 -1 60 -1 155 -1 60 -1 155 -1 60 -1 154 -1 60 -1 152 -1 60 -1 150 -1 60 -1 154 -1 60 -1 150 -1 60 -1 152 -1 60 -1 157 -1 60 -1 159 -1 60 -1 164 -1 60 -1 60 -1 60 -1 60 -1 60 -1 60 -1 60 -1 164 -1 60 -1 60 -1 -2
62 -1 60 -1 155 -1 60 -1 144 -1 60 -1 60 -1 60 -1 60 -1 60 -1 155 -1 60 -1 144 -1 60 -1 60 -1 60 -1 60 -1 60 -1 155 -1 60 -1 144 -1 60 -1 60 -1 60 -1 60 -1 60 -1 155 -1 60 -1 144 -1 60 -1 60 -1 60 -1 60 -1 60 -1 155 -1 60 -1 144 -1 60 -1 60 -1 60 -1 60 -1 60 -1 155 -1 60 -1 144 -1 60 -1 60 -1 60 -1 60 -1 60 -1 155 -1 60 -1 144 -1 60 -1 60 -1 60 -1 60 -1 60 -1 -2
60 -1 60 -1 164 -1 60 -1 60 -1 60 -1 60 -1 60 -1 60 -1 164 -1 60 -1 60 -1 60 -1 60 -1 60 -1 60 -1 60 -1 60 -1 60 -1 -2
