62 -1 60 -1 139 -1 60 -1 60 -1 60 -1 60 -1 60 -1 60 -1 60 -1 60 -1 60 -1 60 -1 60 -1 132 -1 133 -1 133 -1 132 -1 133 -1 133 -1 132 -1 133 -1 134 -1 60 -1 60 -1 60 -1 60 -1 60 -1 60 -1 60 -1 -2
62 -1 60 -1 124 -1 60 -1 240 -1 164 -1 60 -1 60 -1 -2
62 -1 60 -1 236 -1 60 -1 60 -1 60 -1 60 -1 60 -1 60 -1 132 -1 133 -1 133 -1 132 -1 133 -1 133 -1 132 -1 133 -1 60 -1 60 -1 -2
62 -1 60 -1 175 -1 171 -1 171 -1 171 -1 171 -1 171 -1 171 -1 171 -1 171 -1 171 -1 171 -1 162 -1 60 -1 148 -1 144 -1 60 -1 60 -1 60 -1 60 -1 60 -1 60 -1 -2
62 -1 60 -1 175 -1 171 -1 171 -1 171 -1 171 -1 171 -1 171 -1 171 -1 171 -1 171 -1 171 -1 162 -1 60 -1 148 -1 144 -1 60 -1 60 -1 60 -1 60 -1 60 -1 60 -1 60 -1 60 -1 -2
62 -1 60 -1 187 -1 60 -1 175 -1 171 -1 171 -1 171 -1 171 -1 171 -1 171 -1 171 -1 171 -1 171 -1 171 -1 162 -1 60 -1 148 -1 144 -1 60 -1 60 -1 60 -1 60 -1 60 -1 148 -1 165 -1 60 -1 60 -1 60 -1 60 -1 60 -1 60 -1 60 -1 60 -1 60 -1 60 -1 60 -1 60 -1 174 -1 60 -1 60 -1 -2
62 -1 60 -1 175 -1 171 -1 171 -1 171 -1 171 -1 171 -1 171 -1 171 -1 171 -1 171 -1 171 -1 162 -1 60 -1 149 -1 60 -1 60 -1 -2
62 -1 60 -1 172 -1 60 -1 151 -1 60 -1 147 -1 147 -1 60 -1 147 -1 147 -1 60 -1 147 -1 147 -1 60 -1 147 -1 60 -1 147 -1 147 -1 60 -1 147 -1 138 -1 124 -1 140 -1 60 -1 137 -1 137 -1 60 -1 126 -1 60 -1 121 -1 60 -1 60 -1 -2
62 -1 60 -1 176 -1 60 -1 172 -1 172 -1 172 -1 60 -1 172 -1 172 -1 172 -1 172 -1 60 -1 172 -1 172 -1 172 -1 60 -1 163 -1 60 -1 149 -1 165 -1 60 -1 60 -1 60 -1 60 -1 60 -1 60 -1 60 -1 60 -1 60 -1 60 -1 60 -1 60 -1 60 -1 60 -1 60 -1 60 -1 60 -1 60 -1 60 -1 60 -1 60 -1 60 -1 60 -1 60 -1 60 -1 60 -1 60 -1 162 -1 60 -1 162 -1 151 -1 60 -1 60 -1 60 -1 60 -1 60 -1 60 -1 60 -1 146 -1 60 -1 60 -1 60 -1 60 -1 60 -1 60 -1 60 -1 60 -1 -2
62 -1 60 -1 175 -1 171 -1 171 -1 171 -1 171 -1 171 -1 171 -1 171 -1 171 -1 171 -1 171 -1 162 -1 60 -1 148 -1 144 -1 60 -1 60 -1 60 -1 60 -1 170 -1 60 -1 60 -1 60 -1 60 -1 60 -1 60 -1 60 -1 60 -1 60 -1 60 -1 60 -1 60 -1 60 -1 159 -1 60 -1 60 -1 60 -1 60 -1 60 -1 60 -1 60 -1 60 -1 60 -1 60 -1 60 -1 60 -1 60 -1 60 -1 60 -1 169 -1 60 -1 60 -1 60 -1 60 -1 60 -1 60 -1 60 -1 60 -1 60 -1 60 -1 60 -1 60 -1 60 -1 60 -1 60 -1 60 -1 60 -1 60 -1 60 -1 60 -1 -2
62 -1 60 -1 175 -1 171 -1 171 -1 171 -1 171 -1 171 -1 171 -1 171 -1 171 -1 171 -1 171 -1 162 -1 60 -1 148 -1 144 -1 60 -1 60 -1 60 -1 60 -1 156 -1 60 -1 60 -1 60 -1 60 -1 60 -1 60 -1 60 -1 60 -1 60 -1 60 -1 60 -1 60 -1 157 -1 60 -1 60 -1 60 -1 60 -1 60 -1 60 -1 60 -1 60 -1 60 -1 60 -1 60 -1 60 -1 60 -1 60 -1 60 -1 60 -1 60 -1 60 -1 60 -1 60 -1 60 -1 153 -1 60 -1 60 -1 60 -1 60 -1 60 -1 60 -1 60 -1 60 -1 60 -1 60 -1 60 -1 155 -1 60 -1 175 -1 60 -1 60 -1 60 -1 60 -1 60 -1 60 -1 60 -1 60 -1 60 -1 60 -1 169 -1 60 -1 60 -1 60 -1 -2
62 -1 60 -1 175 -1 171 -1 171 -1 171 -1 171 -1 171 -1 171 -1 171 -1 171 -1 171 -1 171 -1 162 -1 60 -1 148 -1 144 -1 60 -1 60 -1 60 -1 60 -1 60 -1 60 -1 -2
62 -1 60 -1 160 -1 60 -1 151 -1 60 -1 147 -1 147 -1 60 -1 147 -1 60 -1 147 -1 147 -1 147 -1 147 -1 60 -1 147 -1 138 -1 124 -1 60 -1 138 -1 60 -1 137 -1 60 -1 60 -1 -2
62 -1 60 -1 176 -1 60 -1 172 -1 172 -1 172 -1 172 -1 60 -1 172 -1 172 -1 60 -1 172 -1 60 -1 172 -1 60 -1 172 -1 172 -1 172 -1 172 -1 165 -1 60 -1 60 -1 60 -1 60 -1 60 -1 60 -1 60 -1 60 -1 60 -1 60 -1 60 -1 60 -1 60 -1 60 -1 60 -1 60 -1 60 -1 60 -1 60 -1 60 -1 60 -1 60 -1 60 -1 60 -1 60 -1 60 -1 60 -1 60 -1 60 -1 60 -1 60 -1 60 -1 162 -1 162 -1 151 -1 60 -1 60 -1 60 -1 60 -1 60 -1 60 -1 60 -1 146 -1 60 -1 60 -1 60 -1 60 -1 60 -1 60 -1 60 -1 60 -1 -2
62 -1 60 -1 156 -1 211 -1 60 -1 140 -1 60 -1 60 -1 -2
62 -1 60 -1 116 -1 60 -1 60 -1 60 -1 60 -1 60 -1 60 -1 60 -1 60 -1 60 -1 60 -1 60 -1 132 -1 133 -1 133 -1 132 -1 133 -1 133 -1 132 -1 133 -1 128 -1 60 -1 60 -1 60 -1 60 -1 60 -1 60 -1 60 -1 -2
62 -1 60 -1 143 -1 60 -1 151 -1 60 -1 147 -1 60 -1 147 -1 147 -1 147 -1 60 -1 147 -1 147 -1 60 -1 147 -1 60 -1 147 -1 60 -1 147 -1 147 -1 60 -1 138 -1 60 -1 124 -1 60 -1 142 -1 60 -1 108 -1 60 -1 60 -1 108 -1 60 -1 108 -1 60 -1 108 -1 60 -1 60 -1 108 -1 60 -1 108 -1 60 -1 108 -1 60 -1 108 -1 60 -1 108 -1 60 -1 108 -1 108 -1 60 -1 108 -1 60 -1 108 -1 60 -1 108 -1 60 -1 108 -1 60 -1 108 -1 60 -1 108 -1 60 -1 108 -1 60 -1 108 -1 60 -1 108 -1 108 -1 60 -1 108 -1 108 -1 60 -1 108 -1 60 -1 60 -1 -2
62 -1 60 -1 124 -1 60 -1 60 -1 60 -1 60 -1 60 -1 60 -1 66 -1 66 -1 66 -1 66 -1 60 -1 60 -1 60 -1 60 -1 60 -1 60 -1 60 -1 60 -1 60 -1 60 -1 60 -1 60 -1 60 -1 60 -1 60 -1 60 -1 60 -1 60 -1 -2
62 -1 60 -1 167 -1 60 -1 175 -1 171 -1 171 -1 171 -1 171 -1 171 -1 171 -1 171 -1 171 -1 171 -1 171 -1 162 -1 60 -1 148 -1 144 -1 60 -1 60 -1 60 -1 60 -1 170 -1 60 -1 60 -1 60 -1 60 -1 60 -1 60 -1 60 -1 60 -1 60 -1 60 -1 60 -1 60 -1 60 -1 151 -1 151 -1 151 -1 151 -1 151 -1 151 -1 151 -1 159 -1 60 -1 60 -1 60 -1 60 -1 60 -1 60 -1 60 -1 60 -1 60 -1 60 -1 60 -1 60 -1 60 -1 60 -1 60 -1 60 -1 60 -1 60 -1 60 -1 60 -1 60 -1 60 -1 60 -1 60 -1 60 -1 60 -1 -2
62 -1 60 -1 175 -1 175 -1 171 -1 171 -1 171 -1 171 -1 171 -1 171 -1 171 -1 171 -1 171 -1 171 -1 171 -1 171 -1 171 -1 171 -1 171 -1 171 -1 171 -1 171 -1 171 -1 171 -1 162 -1 60 -1 162 -1 60 -1 148 -1 148 -1 144 -1 60 -1 60 -1 60 -1 60 -1 144 -1 60 -1 60 -1 60 -1 60 -1 60 -1 60 -1 60 -1 170 -1 60 -1 60 -1 60 -1 60 -1 60 -1 60 -1 60 -1 60 -1 60 -1 60 -1 60 -1 60 -1 60 -1 159 -1 60 -1 60 -1 60 -1 60 -1 60 -1 60 -1 60 -1 60 -1 60 -1 60 -1 60 -1 60 -1 60 -1 60 -1 60 -1 60 -1 60 -1 169 -1 60 -1 60 -1 60 -1 60 -1 60 -1 60 -1 60 -1 60 -1 60 -1 60 -1 60 -1 60 -1 60 -1 60 -1 60 -1 60 -1 60 -1 60 -1 60 -1 60 -1 60 -1 -2
62 -1 60 -1 176 -1 60 -1 172 -1 60 -1 172 -1 60 -1 172 -1 172 -1 60 -1 172 -1 60 -1 172 -1 60 -1 172 -1 60 -1 172 -1 60 -1 172 -1 60 -1 172 -1 163 -1 60 -1 149 -1 60 -1 167 -1 60 -1 60 -1 60 -1 60 -1 60 -1 60 -1 60 -1 60 -1 60 -1 60 -1 60 -1 60 -1 60 -1 60 -1 60 -1 60 -1 133 -1 60 -1 133 -1 60 -1 133 -1 60 -1 133 -1 60 -1 133 -1 133 -1 133 -1 60 -1 133 -1 60 -1 133 -1 60 -1 133 -1 60 -1 133 -1 60 -1 133 -1 60 -1 133 -1 60 -1 133 -1 60 -1 133 -1 60 -1 133 -1 60 -1 133 -1 60 -1 133 -1 60 -1 133 -1 60 -1 133 -1 60 -1 133 -1 60 -1 133 -1 60 -1 133 -1 60 -1 133 -1 60 -1 60 -1 -2
62 -1 60 -1 175 -1 171 -1 171 -1 171 -1 171 -1 171 -1 171 -1 171 -1 171 -1 171 -1 171 -1 162 -1 60 -1 148 -1 162 -1 60 -1 60 -1 60 -1 60 -1 60 -1 60 -1 60 -1 60 -1 60 -1 60 -1 60 -1 60 -1 60 -1 60 -1 60 -1 60 -1 60 -1 60 -1 60 -1 60 -1 60 -1 60 -1 60 -1 60 -1 60 -1 60 -1 161 -1 161 -1 148 -1 60 -1 60 -1 60 -1 60 -1 60 -1 60 -1 60 -1 60 -1 60 -1 60 -1 149 -1 60 -1 60 -1 60 -1 60 -1 60 -1 60 -1 60 -1 60 -1 60 -1 60 -1 60 -1 -2
62 -1 60 -1 175 -1 171 -1 171 -1 171 -1 171 -1 171 -1 171 -1 171 -1 171 -1 171 -1 171 -1 162 -1 60 -1 148 -1 144 -1 60 -1 60 -1 60 -1 60 -1 171 -1 171 -1 60 -1 171 -1 171 -1 171 -1 171 -1 162 -1 60 -1 148 -1 144 -1 60 -1 60 -1 60 -1 60 -1 60 -1 161 -1 60 -1 60 -1 -2
62 -1 60 -1 175 -1 171 -1 171 -1 171 -1 171 -1 60 -1 60 -1 -2
62 -1 60 -1 121 -1 60 -1 60 -1 -2
62 -1 60 -1 177 -1 60 -1 151 -1 60 -1 147 -1 60 -1 147 -1 147 -1 60 -1 147 -1 147 -1 147 -1 60 -1 147 -1 147 -1 60 -1 147 -1 60 -1 147 -1 60 -1 138 -1 124 -1 120 -1 60 -1 149 -1 60 -1 149 -1 149 -1 60 -1 149 -1 60 -1 149 -1 60 -1 149 -1 60 -1 60 -1 -2
62 -1 60 -1 176 -1 172 -1 172 -1 172 -1 172 -1 60 -1 172 -1 172 -1 60 -1 172 -1 60 -1 172 -1 172 -1 172 -1 60 -1 163 -1 60 -1 149 -1 145 -1 60 -1 60 -1 60 -1 60 -1 174 -1 174 -1 174 -1 60 -1 174 -1 60 -1 174 -1 174 -1 60 -1 60 -1 -2
