44 -1 67 -1 44 -1 67 -1 44 -1 -2
44 -1 67 -1 44 -1 67 -1 44 -1 -2
44 -1 67 -1 44 -1 67 -1 44 -1 67 -1 -2
67 -1 44 -1 67 -1 44 -1 67 -1 44 -1 -2
44 -1 67 -1 44 -1 67 -1 44 -1 -2
67 -1 44 -1 67 -1 44 -1 67 -1 44 -1 -2
44 -1 67 -1 44 -1 67 -1 67 -1 -2
67 -1 44 -1 67 -1 44 -1 67 -1 44 -1 -2
44 -1 67 -1 44 -1 67 -1 44 -1 -2
67 -1 67 -1 44 -1 230 -1 199 -1 80 -1 64 -1 67 -1 44 -1 322 -1 -2
67 -1 44 -1 44 -1 67 -1 44 -1 -2
67 -1 44 -1 67 -1 44 -1 67 -1 44 -1 -2
67 -1 44 -1 67 -1 44 -1 67 -1 44 -1 -2
44 -1 67 -1 44 -1 67 -1 44 -1 -2
44 -1 67 -1 44 -1 67 -1 44 -1 67 -1 -2
44 -1 67 -1 44 -1 67 -1 44 -1 -2
44 -1 67 -1 44 -1 67 -1 44 -1 67 -1 -2
44 -1 67 -1 44 -1 67 -1 44 -1 -2
44 -1 44 -1 44 -1 253 -1 67 -1 -2
44 -1 67 -1 44 -1 299 -1 67 -1 44 -1 -2
44 -1 67 -1 67 -1 44 -1 67 -1 -2
