72 -1 96 -1 95 -1 60 -1 91 -1 -2
68 -1 68 -1 69 -1 60 -1 68 -1 68 -1 -2
96 -1 75 -1 76 -1 71 -1 75 -1 71 -1 60 -1 -2
75 -1 95 -1 75 -1 75 -1 75 -1 96 -1 60 -1 -2
93 -1 87 -1 75 -1 75 -1 75 -1 74 -1 96 -1 75 -1 -2
75 -1 75 -1 75 -1 76 -1 60 -1 60 -1 -2
68 -1 68 -1 73 -1 60 -1 94 -1 60 -1 70 -1 71 -1 -2
75 -1 70 -1 75 -1 68 -1 67 -1 83 -1 68 -1 60 -1 -2
68 -1 83 -1 68 -1 68 -1 65 -1 66 -1 60 -1 68 -1 65 -1 68 -1 68 -1 -2
90 -1 60 -1 68 -1 68 -1 67 -1 -2
75 -1 76 -1 65 -1 75 -1 64 -1 60 -1 75 -1 75 -1 75 -1 -2
96 -1 94 -1 60 -1 76 -1 75 -1 76 -1 64 -1 -2
75 -1 91 -1 90 -1 90 -1 87 -1 75 -1 76 -1 67 -1 -2
75 -1 74 -1 75 -1 74 -1 65 -1 95 -1 70 -1 -2
76 -1 75 -1 76 -1 75 -1 60 -1 -2
68 -1 76 -1 95 -1 60 -1 60 -1 -2
68 -1 87 -1 87 -1 71 -1 87 -1 87 -1 87 -1 88 -1 73 -1 -2
