62 -1 54 -1 260 -1 252 -1 251 -1 54 -1 346 -1 128 -1 640 -1 640 -1 640 -1 640 -1 54 -1 54 -1 54 -1 54 -1 54 -1 54 -1 54 -1 54 -1 54 -1 54 -1 54 -1 54 -1 54 -1 54 -1 640 -1 54 -1 54 -1 54 -1 54 -1 54 -1 640 -1 640 -1 54 -1 54 -1 54 -1 54 -1 54 -1 54 -1 54 -1 54 -1 54 -1 54 -1 640 -1 54 -1 54 -1 54 -1 54 -1 54 -1 54 -1 640 -1 54 -1 640 -1 54 -1 54 -1 54 -1 54 -1 54 -1 54 -1 54 -1 54 -1 640 -1 54 -1 54 -1 54 -1 54 -1 54 -1 54 -1 54 -1 54 -1 640 -1 640 -1 54 -1 54 -1 54 -1 54 -1 54 -1 54 -1 54 -1 54 -1 640 -1 54 -1 54 -1 54 -1 54 -1 54 -1 54 -1 54 -1 640 -1 54 -1 54 -1 640 -1 54 -1 -2
62 -1 54 -1 257 -1 252 -1 251 -1 54 -1 346 -1 54 -1 128 -1 640 -1 640 -1 54 -1 640 -1 54 -1 640 -1 1514 -1 1514 -1 1288 -1 144 -1 54 -1 54 -1 54 -1 54 -1 54 -1 54 -1 54 -1 54 -1 54 -1 54 -1 54 -1 54 -1 54 -1 54 -1 54 -1 54 -1 54 -1 54 -1 54 -1 54 -1 54 -1 640 -1 640 -1 640 -1 -2
62 -1 54 -1 265 -1 252 -1 251 -1 54 -1 346 -1 54 -1 128 -1 640 -1 640 -1 54 -1 640 -1 54 -1 640 -1 1514 -1 1514 -1 1288 -1 144 -1 54 -1 54 -1 54 -1 54 -1 54 -1 54 -1 54 -1 54 -1 54 -1 54 -1 54 -1 54 -1 54 -1 54 -1 54 -1 54 -1 54 -1 640 -1 640 -1 640 -1 -2
62 -1 54 -1 270 -1 252 -1 267 -1 54 -1 346 -1 54 -1 128 -1 640 -1 640 -1 54 -1 640 -1 54 -1 640 -1 1514 -1 1514 -1 1288 -1 144 -1 54 -1 54 -1 54 -1 54 -1 54 -1 54 -1 54 -1 54 -1 54 -1 54 -1 54 -1 54 -1 54 -1 54 -1 54 -1 54 -1 54 -1 54 -1 640 -1 640 -1 640 -1 -2
62 -1 54 -1 251 -1 252 -1 251 -1 54 -1 346 -1 128 -1 640 -1 640 -1 54 -1 640 -1 54 -1 640 -1 1514 -1 1514 -1 1288 -1 144 -1 54 -1 54 -1 54 -1 54 -1 54 -1 54 -1 54 -1 54 -1 54 -1 54 -1 54 -1 54 -1 54 -1 54 -1 54 -1 54 -1 54 -1 54 -1 54 -1 54 -1 54 -1 54 -1 54 -1 640 -1 640 -1 640 -1 -2
62 -1 54 -1 256 -1 252 -1 54 -1 251 -1 54 -1 346 -1 54 -1 128 -1 54 -1 640 -1 640 -1 54 -1 640 -1 54 -1 640 -1 1514 -1 1514 -1 1288 -1 144 -1 54 -1 54 -1 54 -1 54 -1 54 -1 54 -1 54 -1 54 -1 54 -1 54 -1 54 -1 54 -1 54 -1 54 -1 54 -1 54 -1 54 -1 54 -1 54 -1 54 -1 54 -1 54 -1 640 -1 640 -1 640 -1 -2
62 -1 54 -1 259 -1 252 -1 251 -1 54 -1 346 -1 128 -1 640 -1 640 -1 54 -1 640 -1 54 -1 640 -1 1514 -1 1514 -1 1288 -1 144 -1 54 -1 54 -1 54 -1 54 -1 54 -1 54 -1 54 -1 54 -1 54 -1 54 -1 54 -1 54 -1 54 -1 54 -1 54 -1 54 -1 54 -1 54 -1 54 -1 54 -1 640 -1 640 -1 640 -1 -2
62 -1 54 -1 253 -1 252 -1 251 -1 54 -1 346 -1 128 -1 54 -1 640 -1 640 -1 640 -1 640 -1 1514 -1 1514 -1 1288 -1 144 -1 54 -1 54 -1 54 -1 54 -1 54 -1 54 -1 54 -1 54 -1 54 -1 54 -1 54 -1 54 -1 54 -1 54 -1 54 -1 54 -1 54 -1 54 -1 54 -1 54 -1 54 -1 54 -1 640 -1 640 -1 640 -1 -2
62 -1 54 -1 266 -1 252 -1 54 -1 267 -1 54 -1 346 -1 54 -1 128 -1 54 -1 640 -1 640 -1 54 -1 640 -1 54 -1 640 -1 1514 -1 1514 -1 1288 -1 144 -1 54 -1 54 -1 54 -1 54 -1 54 -1 54 -1 54 -1 54 -1 54 -1 54 -1 54 -1 54 -1 54 -1 54 -1 54 -1 54 -1 54 -1 54 -1 54 -1 54 -1 54 -1 640 -1 54 -1 640 -1 640 -1 -2
54 -1 54 -1 640 -1 54 -1 54 -1 54 -1 54 -1 54 -1 -2
62 -1 54 -1 263 -1 252 -1 54 -1 251 -1 54 -1 346 -1 128 -1 54 -1 640 -1 640 -1 640 -1 640 -1 640 -1 1514 -1 1514 -1 1288 -1 144 -1 640 -1 1514 -1 1514 -1 1288 -1 144 -1 54 -1 54 -1 54 -1 54 -1 54 -1 54 -1 54 -1 54 -1 54 -1 54 -1 54 -1 54 -1 640 -1 54 -1 54 -1 54 -1 54 -1 54 -1 54 -1 54 -1 54 -1 54 -1 54 -1 640 -1 640 -1 54 -1 54 -1 54 -1 54 -1 54 -1 54 -1 54 -1 54 -1 54 -1 54 -1 54 -1 54 -1 54 -1 54 -1 54 -1 54 -1 54 -1 54 -1 54 -1 54 -1 640 -1 54 -1 54 -1 54 -1 640 -1 -2
54 -1 54 -1 54 -1 54 -1 54 -1 54 -1 54 -1 -2
62 -1 54 -1 252 -1 252 -1 54 -1 251 -1 54 -1 346 -1 128 -1 54 -1 640 -1 640 -1 640 -1 54 -1 640 -1 1514 -1 1514 -1 1288 -1 144 -1 54 -1 54 -1 54 -1 54 -1 54 -1 54 -1 54 -1 54 -1 54 -1 54 -1 54 -1 54 -1 54 -1 54 -1 54 -1 54 -1 54 -1 640 -1 640 -1 640 -1 -2
62 -1 54 -1 264 -1 252 -1 54 -1 251 -1 54 -1 346 -1 128 -1 54 -1 640 -1 640 -1 640 -1 54 -1 640 -1 1514 -1 716 -1 54 -1 54 -1 54 -1 54 -1 54 -1 54 -1 54 -1 54 -1 54 -1 54 -1 54 -1 54 -1 640 -1 -2
62 -1 54 -1 262 -1 252 -1 54 -1 251 -1 54 -1 346 -1 54 -1 128 -1 640 -1 640 -1 640 -1 640 -1 54 -1 -2
