62 -1 62 -1 60 -1 332 -1 81 -1 89 -1 1424 -1 81 -1 84 -1 90 -1 190 -1 341 -1 60 -1 -2
62 -1 60 -1 332 -1 60 -1 60 -1 -2
62 -1 60 -1 332 -1 81 -1 89 -1 1424 -1 159 -1 317 -1 303 -1 60 -1 60 -1 -2
62 -1 62 -1 60 -1 332 -1 1384 -1 81 -1 84 -1 226 -1 250 -1 60 -1 -2
62 -1 60 -1 332 -1 81 -1 89 -1 1377 -1 259 -1 341 -1 60 -1 -2
62 -1 60 -1 332 -1 1384 -1 259 -1 98 -1 86 -1 210 -1 60 -1 -2
62 -1 60 -1 332 -1 81 -1 89 -1 1424 -1 259 -1 98 -1 86 -1 80 -1 184 -1 60 -1 -2
62 -1 60 -1 332 -1 1163 -1 108 -1 233 -1 259 -1 250 -1 60 -1 -2
62 -1 60 -1 332 -1 60 -1 60 -1 -2
62 -1 62 -1 62 -1 60 -1 332 -1 1384 -1 259 -1 250 -1 60 -1 -2
62 -1 62 -1 60 -1 332 -1 1384 -1 259 -1 98 -1 457 -1 81 -1 84 -1 537 -1 263 -1 98 -1 86 -1 80 -1 391 -1 534 -1 60 -1 -2
62 -1 60 -1 332 -1 81 -1 89 -1 1424 -1 81 -1 84 -1 678 -1 60 -1 -2
62 -1 60 -1 332 -1 1384 -1 259 -1 98 -1 86 -1 210 -1 60 -1 -2
62 -1 60 -1 332 -1 1384 -1 81 -1 84 -1 90 -1 521 -1 60 -1 -2
62 -1 60 -1 332 -1 60 -1 60 -1 -2
62 -1 62 -1 62 -1 60 -1 332 -1 81 -1 89 -1 1424 -1 81 -1 84 -1 226 -1 98 -1 86 -1 80 -1 80 -1 94 -1 118 -1 60 -1 -2
62 -1 60 -1 332 -1 60 -1 60 -1 -2
