62 -1 62 -1 60 -1 347 -1 60 -1 -2
62 -1 62 -1 60 -1 315 -1 60 -1 -2
60 -1 60 -1 332 -1 60 -1 60 -1 -2
62 -1 62 -1 60 -1 315 -1 60 -1 -2
62 -1 62 -1 60 -1 1189 -1 60 -1 -2
62 -1 62 -1 60 -1 347 -1 60 -1 -2
62 -1 60 -1 332 -1 81 -1 89 -1 1376 -1 225 -1 98 -1 253 -1 445 -1 81 -1 84 -1 90 -1 388 -1 60 -1 -2
62 -1 62 -1 62 -1 60 -1 332 -1 81 -1 89 -1 1641 -1 98 -1 427 -1 60 -1 -2
62 -1 62 -1 60 -1 346 -1 60 -1 -2
62 -1 60 -1 332 -1 81 -1 89 -1 2222 -1 255 -1 98 -1 92 -1 80 -1 80 -1 158 -1 60 -1 -2
62 -1 62 -1 62 -1 60 -1 315 -1 -2
