62 -1 637 -1 97 -1 60 -1 60 -1 -2
62 -1 637 -1 97 -1 60 -1 60 -1 -2
62 -1 637 -1 97 -1 60 -1 60 -1 -2
62 -1 637 -1 97 -1 60 -1 60 -1 -2
62 -1 637 -1 97 -1 60 -1 60 -1 -2
62 -1 637 -1 97 -1 60 -1 60 -1 -2
62 -1 637 -1 97 -1 60 -1 60 -1 -2
62 -1 637 -1 97 -1 60 -1 60 -1 -2
62 -1 637 -1 97 -1 60 -1 60 -1 -2
62 -1 637 -1 97 -1 60 -1 60 -1 -2
62 -1 637 -1 97 -1 60 -1 60 -1 -2
62 -1 637 -1 97 -1 60 -1 60 -1 -2
62 -1 637 -1 97 -1 60 -1 60 -1 -2
62 -1 637 -1 97 -1 60 -1 60 -1 -2
62 -1 637 -1 97 -1 60 -1 60 -1 -2
62 -1 637 -1 97 -1 60 -1 60 -1 -2
62 -1 637 -1 97 -1 60 -1 60 -1 -2
62 -1 637 -1 97 -1 60 -1 60 -1 -2
62 -1 637 -1 97 -1 60 -1 60 -1 -2
62 -1 637 -1 97 -1 60 -1 60 -1 -2
62 -1 637 -1 97 -1 60 -1 60 -1 -2
62 -1 637 -1 97 -1 60 -1 60 -1 -2
62 -1 60 -1 637 -1 97 -1 60 -1 60 -1 -2
62 -1 637 -1 97 -1 60 -1 60 -1 -2
62 -1 637 -1 97 -1 60 -1 60 -1 -2
62 -1 637 -1 97 -1 60 -1 60 -1 -2
62 -1 637 -1 97 -1 60 -1 60 -1 -2
62 -1 637 -1 97 -1 60 -1 60 -1 60 -1 -2
62 -1 637 -1 97 -1 60 -1 60 -1 -2
62 -1 637 -1 97 -1 60 -1 60 -1 -2
62 -1 637 -1 97 -1 60 -1 60 -1 -2
62 -1 637 -1 97 -1 60 -1 60 -1 -2
