73 -1 73 -1 73 -1 73 -1 73 -1 -2
76 -1 76 -1 76 -1 76 -1 76 -1 -2
76 -1 76 -1 76 -1 76 -1 76 -1 -2
76 -1 76 -1 76 -1 76 -1 76 -1 -2
76 -1 76 -1 76 -1 76 -1 76 -1 -2
76 -1 76 -1 76 -1 76 -1 76 -1 -2
76 -1 76 -1 76 -1 76 -1 76 -1 -2
76 -1 76 -1 76 -1 76 -1 76 -1 -2
76 -1 76 -1 76 -1 76 -1 76 -1 -2
76 -1 76 -1 76 -1 76 -1 76 -1 -2
76 -1 76 -1 76 -1 76 -1 76 -1 -2
76 -1 76 -1 76 -1 76 -1 76 -1 -2
76 -1 76 -1 76 -1 76 -1 76 -1 -2
76 -1 76 -1 76 -1 76 -1 76 -1 -2
76 -1 76 -1 76 -1 76 -1 76 -1 -2
76 -1 76 -1 76 -1 76 -1 76 -1 -2
76 -1 76 -1 76 -1 76 -1 76 -1 -2
76 -1 76 -1 76 -1 76 -1 76 -1 -2
76 -1 76 -1 76 -1 76 -1 76 -1 -2
76 -1 76 -1 76 -1 76 -1 76 -1 -2
76 -1 76 -1 76 -1 76 -1 76 -1 -2
76 -1 76 -1 76 -1 76 -1 76 -1 -2
76 -1 76 -1 76 -1 76 -1 76 -1 -2
76 -1 76 -1 76 -1 76 -1 76 -1 -2
76 -1 76 -1 76 -1 76 -1 76 -1 -2
76 -1 76 -1 76 -1 76 -1 76 -1 -2
76 -1 76 -1 76 -1 76 -1 76 -1 -2
76 -1 76 -1 76 -1 76 -1 76 -1 -2
76 -1 76 -1 76 -1 76 -1 76 -1 -2
76 -1 76 -1 76 -1 76 -1 76 -1 -2
76 -1 76 -1 76 -1 76 -1 76 -1 -2
76 -1 76 -1 76 -1 76 -1 76 -1 -2
76 -1 76 -1 76 -1 76 -1 76 -1 -2
76 -1 76 -1 76 -1 76 -1 76 -1 -2
76 -1 76 -1 76 -1 76 -1 76 -1 -2
84 -1 60 -1 84 -1 60 -1 84 -1 60 -1 84 -1 60 -1 84 -1 60 -1 84 -1 84 -1 -2
62 -1 62 -1 60 -1 60 -1 100 -1 100 -1 60 -1 60 -1 60 -1 75 -1 60 -1 60 -1 75 -1 265 -1 60 -1 265 -1 60 -1 60 -1 60 -1 60 -1 -2
62 -1 62 -1 60 -1 60 -1 102 -1 102 -1 60 -1 60 -1 60 -1 75 -1 60 -1 75 -1 265 -1 265 -1 60 -1 60 -1 60 -1 60 -1 60 -1 60 -1 -2
60 -1 135 -1 135 -1 172 -1 172 -1 -2
87 -1 124 -1 124 -1 156 -1 156 -1 159 -1 159 -1 151 -1 151 -1 163 -1 163 -1 145 -1 145 -1 178 -1 178 -1 160 -1 160 -1 178 -1 178 -1 149 -1 149 -1 130 -1 130 -1 124 -1 124 -1 149 -1 149 -1 130 -1 130 -1 124 -1 124 -1 124 -1 124 -1 156 -1 156 -1 159 -1 159 -1 151 -1 151 -1 163 -1 163 -1 158 -1 158 -1 145 -1 145 -1 96 -1 96 -1 -2
92 -1 92 -1 92 -1 92 -1 92 -1 -2
