60 -1 60 -1 60 -1 65 -1 60 -1 60 -1 65 -1 65 -1 60 -1 65 -1 65 -1 60 -1 65 -1 65 -1 60 -1 65 -1 60 -1 60 -1 70 -1 65 -1 60 -1 65 -1 60 -1 65 -1 60 -1 70 -1 65 -1 65 -1 65 -1 60 -1 60 -1 65 -1 76 -1 60 -1 65 -1 75 -1 60 -1 60 -1 60 -1 60 -1 65 -1 60 -1 60 -1 65 -1 60 -1 65 -1 -2
65 -1 60 -1 60 -1 60 -1 60 -1 60 -1 65 -1 65 -1 65 -1 65 -1 65 -1 65 -1 65 -1 60 -1 91 -1 60 -1 65 -1 60 -1 86 -1 65 -1 65 -1 60 -1 60 -1 65 -1 60 -1 60 -1 65 -1 60 -1 65 -1 65 -1 60 -1 65 -1 60 -1 60 -1 65 -1 60 -1 60 -1 60 -1 65 -1 65 -1 65 -1 60 -1 65 -1 60 -1 65 -1 60 -1 65 -1 -2
70 -1 60 -1 64 -1 70 -1 65 -1 76 -1 65 -1 65 -1 65 -1 60 -1 65 -1 60 -1 75 -1 81 -1 65 -1 60 -1 65 -1 60 -1 60 -1 65 -1 60 -1 65 -1 60 -1 65 -1 60 -1 112 -1 65 -1 60 -1 76 -1 65 -1 65 -1 60 -1 102 -1 60 -1 60 -1 70 -1 60 -1 -2
60 -1 60 -1 65 -1 60 -1 65 -1 65 -1 65 -1 65 -1 60 -1 65 -1 70 -1 65 -1 65 -1 65 -1 60 -1 64 -1 60 -1 64 -1 60 -1 65 -1 60 -1 60 -1 65 -1 60 -1 76 -1 -2
65 -1 60 -1 65 -1 70 -1 60 -1 65 -1 60 -1 60 -1 60 -1 81 -1 65 -1 65 -1 70 -1 60 -1 65 -1 60 -1 65 -1 64 -1 60 -1 65 -1 60 -1 76 -1 65 -1 65 -1 65 -1 65 -1 60 -1 75 -1 76 -1 60 -1 70 -1 60 -1 60 -1 81 -1 60 -1 76 -1 -2
60 -1 65 -1 60 -1 60 -1 86 -1 76 -1 65 -1 65 -1 60 -1 60 -1 70 -1 81 -1 60 -1 65 -1 60 -1 65 -1 60 -1 60 -1 70 -1 60 -1 65 -1 76 -1 65 -1 60 -1 60 -1 65 -1 65 -1 60 -1 65 -1 65 -1 60 -1 65 -1 70 -1 60 -1 65 -1 60 -1 60 -1 60 -1 65 -1 92 -1 60 -1 -2
65 -1 65 -1 65 -1 60 -1 70 -1 70 -1 65 -1 60 -1 81 -1 60 -1 60 -1 60 -1 65 -1 60 -1 60 -1 60 -1 65 -1 65 -1 65 -1 76 -1 65 -1 60 -1 60 -1 60 -1 65 -1 60 -1 65 -1 60 -1 65 -1 65 -1 65 -1 81 -1 64 -1 65 -1 60 -1 -2
65 -1 60 -1 81 -1 60 -1 70 -1 60 -1 65 -1 65 -1 65 -1 60 -1 60 -1 65 -1 60 -1 65 -1 60 -1 65 -1 65 -1 60 -1 60 -1 60 -1 65 -1 70 -1 60 -1 65 -1 65 -1 60 -1 65 -1 60 -1 60 -1 60 -1 65 -1 65 -1 60 -1 65 -1 60 -1 60 -1 -2
75 -1 60 -1 60 -1 65 -1 60 -1 60 -1 81 -1 65 -1 65 -1 60 -1 60 -1 60 -1 60 -1 65 -1 65 -1 81 -1 65 -1 65 -1 60 -1 70 -1 60 -1 81 -1 75 -1 60 -1 60 -1 60 -1 76 -1 60 -1 60 -1 81 -1 65 -1 86 -1 65 -1 65 -1 65 -1 60 -1 80 -1 70 -1 65 -1 76 -1 60 -1 92 -1 60 -1 65 -1 60 -1 65 -1 60 -1 60 -1 60 -1 -2
65 -1 60 -1 65 -1 60 -1 60 -1 64 -1 60 -1 65 -1 65 -1 65 -1 65 -1 65 -1 60 -1 65 -1 60 -1 70 -1 70 -1 75 -1 65 -1 65 -1 70 -1 70 -1 60 -1 80 -1 60 -1 65 -1 92 -1 60 -1 60 -1 60 -1 65 -1 60 -1 65 -1 65 -1 -2
60 -1 65 -1 97 -1 70 -1 65 -1 75 -1 60 -1 65 -1 60 -1 65 -1 81 -1 60 -1 70 -1 65 -1 65 -1 60 -1 60 -1 60 -1 92 -1 60 -1 65 -1 65 -1 60 -1 65 -1 60 -1 60 -1 65 -1 60 -1 86 -1 60 -1 81 -1 65 -1 60 -1 65 -1 60 -1 65 -1 60 -1 60 -1 81 -1 97 -1 65 -1 65 -1 60 -1 65 -1 65 -1 60 -1 60 -1 75 -1 70 -1 65 -1 60 -1 60 -1 81 -1 76 -1 -2
60 -1 65 -1 70 -1 65 -1 65 -1 76 -1 65 -1 60 -1 60 -1 60 -1 60 -1 70 -1 60 -1 60 -1 65 -1 60 -1 70 -1 65 -1 65 -1 60 -1 65 -1 60 -1 65 -1 65 -1 65 -1 65 -1 65 -1 60 -1 60 -1 70 -1 60 -1 65 -1 60 -1 65 -1 60 -1 64 -1 60 -1 65 -1 65 -1 60 -1 60 -1 70 -1 65 -1 60 -1 65 -1 60 -1 65 -1 60 -1 65 -1 76 -1 60 -1 60 -1 -2
64 -1 60 -1 65 -1 65 -1 60 -1 70 -1 60 -1 65 -1 60 -1 81 -1 65 -1 60 -1 65 -1 60 -1 60 -1 65 -1 60 -1 65 -1 65 -1 65 -1 65 -1 60 -1 60 -1 60 -1 60 -1 60 -1 60 -1 65 -1 60 -1 65 -1 60 -1 65 -1 65 -1 92 -1 65 -1 60 -1 60 -1 65 -1 60 -1 60 -1 75 -1 60 -1 65 -1 76 -1 65 -1 60 -1 65 -1 -2
60 -1 60 -1 70 -1 60 -1 70 -1 60 -1 65 -1 81 -1 65 -1 65 -1 65 -1 60 -1 60 -1 65 -1 65 -1 60 -1 60 -1 65 -1 60 -1 65 -1 60 -1 60 -1 65 -1 60 -1 65 -1 60 -1 65 -1 60 -1 65 -1 65 -1 60 -1 65 -1 60 -1 60 -1 65 -1 60 -1 65 -1 60 -1 -2
65 -1 60 -1 60 -1 76 -1 60 -1 65 -1 60 -1 64 -1 65 -1 87 -1 70 -1 60 -1 64 -1 65 -1 60 -1 65 -1 60 -1 65 -1 70 -1 60 -1 60 -1 60 -1 60 -1 65 -1 60 -1 86 -1 65 -1 65 -1 60 -1 81 -1 60 -1 65 -1 60 -1 65 -1 60 -1 60 -1 60 -1 76 -1 65 -1 65 -1 60 -1 65 -1 70 -1 60 -1 65 -1 60 -1 75 -1 65 -1 60 -1 65 -1 60 -1 60 -1 65 -1 70 -1 -2
81 -1 65 -1 60 -1 65 -1 60 -1 60 -1 65 -1 60 -1 60 -1 65 -1 65 -1 60 -1 65 -1 60 -1 65 -1 65 -1 60 -1 60 -1 81 -1 65 -1 60 -1 60 -1 65 -1 60 -1 91 -1 91 -1 60 -1 65 -1 65 -1 60 -1 70 -1 65 -1 60 -1 65 -1 60 -1 65 -1 60 -1 70 -1 65 -1 65 -1 65 -1 60 -1 65 -1 60 -1 60 -1 -2
65 -1 60 -1 60 -1 60 -1 60 -1 70 -1 81 -1 65 -1 65 -1 60 -1 60 -1 70 -1 60 -1 65 -1 60 -1 65 -1 65 -1 60 -1 65 -1 60 -1 65 -1 65 -1 60 -1 65 -1 60 -1 65 -1 70 -1 60 -1 65 -1 60 -1 60 -1 65 -1 60 -1 65 -1 70 -1 60 -1 65 -1 65 -1 81 -1 65 -1 70 -1 60 -1 60 -1 65 -1 -2
65 -1 65 -1 60 -1 60 -1 65 -1 75 -1 65 -1 60 -1 65 -1 65 -1 60 -1 60 -1 60 -1 75 -1 60 -1 70 -1 65 -1 76 -1 65 -1 -2
70 -1 60 -1 65 -1 60 -1 76 -1 92 -1 60 -1 65 -1 60 -1 60 -1 65 -1 60 -1 60 -1 60 -1 81 -1 65 -1 65 -1 65 -1 60 -1 60 -1 60 -1 60 -1 65 -1 60 -1 70 -1 65 -1 65 -1 60 -1 75 -1 60 -1 65 -1 60 -1 65 -1 65 -1 65 -1 -2
60 -1 65 -1 65 -1 60 -1 70 -1 60 -1 70 -1 60 -1 60 -1 60 -1 65 -1 60 -1 65 -1 60 -1 65 -1 65 -1 65 -1 60 -1 60 -1 65 -1 65 -1 65 -1 60 -1 60 -1 76 -1 60 -1 60 -1 60 -1 76 -1 60 -1 60 -1 70 -1 65 -1 65 -1 70 -1 60 -1 60 -1 76 -1 60 -1 70 -1 -2
76 -1 60 -1 60 -1 65 -1 70 -1 60 -1 65 -1 60 -1 65 -1 76 -1 60 -1 70 -1 60 -1 65 -1 60 -1 76 -1 60 -1 65 -1 70 -1 60 -1 60 -1 60 -1 60 -1 65 -1 60 -1 70 -1 70 -1 60 -1 65 -1 81 -1 65 -1 60 -1 75 -1 60 -1 75 -1 65 -1 65 -1 76 -1 65 -1 65 -1 60 -1 65 -1 70 -1 60 -1 64 -1 60 -1 65 -1 60 -1 65 -1 65 -1 65 -1 65 -1 60 -1 -2
70 -1 60 -1 65 -1 60 -1 60 -1 70 -1 65 -1 65 -1 81 -1 65 -1 60 -1 60 -1 60 -1 65 -1 60 -1 70 -1 65 -1 65 -1 60 -1 60 -1 65 -1 70 -1 65 -1 60 -1 60 -1 60 -1 65 -1 60 -1 60 -1 65 -1 65 -1 60 -1 60 -1 65 -1 65 -1 60 -1 65 -1 -2
86 -1 65 -1 65 -1 65 -1 60 -1 65 -1 81 -1 60 -1 60 -1 65 -1 65 -1 60 -1 70 -1 65 -1 60 -1 60 -1 81 -1 65 -1 70 -1 60 -1 65 -1 60 -1 60 -1 65 -1 60 -1 65 -1 60 -1 65 -1 70 -1 65 -1 65 -1 60 -1 65 -1 60 -1 81 -1 60 -1 65 -1 60 -1 60 -1 65 -1 65 -1 60 -1 65 -1 -2
60 -1 75 -1 60 -1 65 -1 76 -1 60 -1 65 -1 65 -1 60 -1 65 -1 65 -1 60 -1 65 -1 65 -1 60 -1 86 -1 86 -1 60 -1 64 -1 65 -1 60 -1 81 -1 65 -1 60 -1 60 -1 60 -1 87 -1 65 -1 60 -1 60 -1 65 -1 86 -1 60 -1 65 -1 60 -1 -2
92 -1 65 -1 60 -1 75 -1 60 -1 65 -1 76 -1 60 -1 81 -1 65 -1 65 -1 70 -1 60 -1 80 -1 60 -1 60 -1 76 -1 65 -1 86 -1 65 -1 65 -1 65 -1 65 -1 60 -1 60 -1 70 -1 60 -1 60 -1 65 -1 60 -1 70 -1 65 -1 60 -1 75 -1 60 -1 60 -1 60 -1 65 -1 60 -1 65 -1 60 -1 60 -1 65 -1 65 -1 76 -1 60 -1 60 -1 76 -1 65 -1 65 -1 70 -1 60 -1 65 -1 70 -1 70 -1 60 -1 -2
70 -1 70 -1 60 -1 70 -1 65 -1 60 -1 60 -1 60 -1 60 -1 65 -1 65 -1 60 -1 65 -1 65 -1 60 -1 65 -1 65 -1 65 -1 60 -1 65 -1 60 -1 60 -1 65 -1 60 -1 60 -1 60 -1 65 -1 70 -1 65 -1 60 -1 76 -1 65 -1 60 -1 60 -1 60 -1 75 -1 65 -1 60 -1 60 -1 75 -1 65 -1 65 -1 65 -1 65 -1 60 -1 81 -1 60 -1 60 -1 65 -1 60 -1 81 -1 65 -1 65 -1 60 -1 65 -1 75 -1 65 -1 60 -1 -2
65 -1 60 -1 65 -1 70 -1 60 -1 60 -1 70 -1 60 -1 76 -1 60 -1 70 -1 60 -1 70 -1 60 -1 60 -1 65 -1 65 -1 65 -1 60 -1 60 -1 60 -1 60 -1 70 -1 65 -1 65 -1 65 -1 60 -1 65 -1 65 -1 60 -1 65 -1 70 -1 60 -1 65 -1 60 -1 65 -1 70 -1 60 -1 60 -1 65 -1 65 -1 60 -1 -2
60 -1 65 -1 65 -1 60 -1 60 -1 60 -1 65 -1 76 -1 70 -1 60 -1 60 -1 76 -1 81 -1 60 -1 65 -1 60 -1 60 -1 65 -1 65 -1 65 -1 60 -1 65 -1 60 -1 65 -1 65 -1 60 -1 65 -1 60 -1 65 -1 60 -1 60 -1 64 -1 60 -1 60 -1 70 -1 70 -1 60 -1 76 -1 -2
60 -1 65 -1 64 -1 60 -1 65 -1 60 -1 70 -1 65 -1 65 -1 60 -1 65 -1 65 -1 60 -1 65 -1 60 -1 75 -1 65 -1 76 -1 60 -1 60 -1 60 -1 60 -1 65 -1 76 -1 70 -1 86 -1 60 -1 60 -1 60 -1 65 -1 60 -1 60 -1 81 -1 65 -1 60 -1 65 -1 65 -1 65 -1 60 -1 65 -1 65 -1 60 -1 60 -1 70 -1 70 -1 65 -1 60 -1 65 -1 60 -1 65 -1 60 -1 60 -1 81 -1 60 -1 65 -1 60 -1 65 -1 65 -1 -2
60 -1 60 -1 60 -1 65 -1 65 -1 60 -1 65 -1 65 -1 60 -1 60 -1 60 -1 76 -1 65 -1 65 -1 60 -1 60 -1 65 -1 60 -1 65 -1 60 -1 65 -1 65 -1 60 -1 60 -1 60 -1 75 -1 65 -1 65 -1 60 -1 76 -1 65 -1 60 -1 65 -1 60 -1 65 -1 64 -1 70 -1 65 -1 60 -1 70 -1 75 -1 60 -1 60 -1 70 -1 65 -1 65 -1 -2
65 -1 60 -1 60 -1 75 -1 65 -1 65 -1 81 -1 65 -1 60 -1 65 -1 70 -1 65 -1 60 -1 60 -1 70 -1 60 -1 65 -1 60 -1 65 -1 65 -1 60 -1 76 -1 60 -1 65 -1 65 -1 60 -1 60 -1 60 -1 60 -1 60 -1 65 -1 65 -1 65 -1 65 -1 60 -1 65 -1 60 -1 65 -1 60 -1 60 -1 70 -1 60 -1 60 -1 65 -1 76 -1 60 -1 70 -1 60 -1 60 -1 70 -1 75 -1 70 -1 65 -1 -2
65 -1 60 -1 65 -1 60 -1 76 -1 60 -1 65 -1 60 -1 65 -1 65 -1 65 -1 60 -1 60 -1 76 -1 60 -1 60 -1 65 -1 60 -1 60 -1 60 -1 60 -1 70 -1 65 -1 65 -1 64 -1 60 -1 65 -1 65 -1 60 -1 65 -1 60 -1 60 -1 65 -1 65 -1 60 -1 70 -1 65 -1 60 -1 60 -1 60 -1 76 -1 65 -1 60 -1 65 -1 65 -1 65 -1 60 -1 70 -1 60 -1 60 -1 -2
65 -1 60 -1 85 -1 76 -1 98 -1 65 -1 65 -1 60 -1 65 -1 86 -1 60 -1 65 -1 60 -1 65 -1 65 -1 60 -1 65 -1 60 -1 65 -1 75 -1 65 -1 60 -1 60 -1 76 -1 70 -1 60 -1 65 -1 70 -1 65 -1 92 -1 60 -1 80 -1 107 -1 60 -1 60 -1 65 -1 76 -1 65 -1 60 -1 60 -1 -2
81 -1 60 -1 65 -1 81 -1 65 -1 65 -1 60 -1 65 -1 65 -1 60 -1 60 -1 70 -1 81 -1 60 -1 65 -1 65 -1 70 -1 65 -1 60 -1 87 -1 60 -1 81 -1 60 -1 91 -1 60 -1 60 -1 60 -1 60 -1 60 -1 60 -1 65 -1 60 -1 65 -1 60 -1 81 -1 60 -1 65 -1 60 -1 65 -1 60 -1 60 -1 65 -1 65 -1 60 -1 65 -1 65 -1 65 -1 60 -1 65 -1 86 -1 60 -1 60 -1 65 -1 81 -1 65 -1 60 -1 65 -1 60 -1 60 -1 -2
65 -1 60 -1 81 -1 60 -1 60 -1 70 -1 76 -1 60 -1 70 -1 60 -1 60 -1 70 -1 65 -1 60 -1 60 -1 65 -1 76 -1 65 -1 60 -1 60 -1 65 -1 60 -1 60 -1 65 -1 65 -1 65 -1 65 -1 60 -1 60 -1 65 -1 60 -1 70 -1 60 -1 65 -1 60 -1 70 -1 65 -1 65 -1 65 -1 70 -1 70 -1 -2
80 -1 65 -1 76 -1 65 -1 65 -1 60 -1 70 -1 65 -1 60 -1 60 -1 70 -1 86 -1 60 -1 70 -1 60 -1 65 -1 60 -1 60 -1 60 -1 70 -1 65 -1 60 -1 65 -1 65 -1 60 -1 70 -1 65 -1 60 -1 65 -1 60 -1 60 -1 65 -1 65 -1 65 -1 65 -1 60 -1 60 -1 -2
65 -1 65 -1 70 -1 60 -1 65 -1 60 -1 65 -1 60 -1 87 -1 60 -1 60 -1 60 -1 65 -1 65 -1 60 -1 81 -1 60 -1 65 -1 60 -1 65 -1 60 -1 65 -1 60 -1 60 -1 65 -1 60 -1 60 -1 65 -1 65 -1 60 -1 65 -1 60 -1 81 -1 97 -1 70 -1 60 -1 65 -1 65 -1 60 -1 70 -1 -2
60 -1 60 -1 60 -1 65 -1 60 -1 60 -1 70 -1 65 -1 60 -1 65 -1 65 -1 65 -1 70 -1 60 -1 65 -1 60 -1 60 -1 60 -1 65 -1 60 -1 65 -1 60 -1 65 -1 60 -1 65 -1 60 -1 65 -1 65 -1 65 -1 60 -1 65 -1 -2
70 -1 65 -1 60 -1 70 -1 65 -1 70 -1 60 -1 65 -1 60 -1 65 -1 60 -1 60 -1 60 -1 81 -1 81 -1 65 -1 60 -1 70 -1 60 -1 65 -1 60 -1 60 -1 87 -1 65 -1 70 -1 65 -1 60 -1 65 -1 60 -1 70 -1 81 -1 81 -1 60 -1 60 -1 -2
65 -1 60 -1 65 -1 60 -1 65 -1 60 -1 65 -1 60 -1 60 -1 65 -1 65 -1 76 -1 60 -1 60 -1 65 -1 60 -1 70 -1 60 -1 65 -1 60 -1 60 -1 70 -1 60 -1 65 -1 65 -1 60 -1 65 -1 60 -1 65 -1 64 -1 75 -1 65 -1 65 -1 60 -1 65 -1 97 -1 60 -1 70 -1 60 -1 65 -1 65 -1 60 -1 -2
70 -1 70 -1 60 -1 65 -1 60 -1 60 -1 65 -1 70 -1 86 -1 70 -1 60 -1 60 -1 65 -1 70 -1 65 -1 60 -1 69 -1 65 -1 60 -1 65 -1 65 -1 60 -1 65 -1 76 -1 65 -1 60 -1 60 -1 65 -1 70 -1 60 -1 70 -1 65 -1 60 -1 65 -1 60 -1 65 -1 65 -1 65 -1 75 -1 60 -1 76 -1 70 -1 65 -1 60 -1 60 -1 65 -1 60 -1 65 -1 70 -1 65 -1 60 -1 65 -1 60 -1 65 -1 60 -1 70 -1 65 -1 65 -1 60 -1 60 -1 65 -1 81 -1 -2
65 -1 65 -1 69 -1 65 -1 70 -1 60 -1 70 -1 65 -1 65 -1 60 -1 60 -1 75 -1 60 -1 70 -1 60 -1 65 -1 60 -1 60 -1 76 -1 65 -1 65 -1 70 -1 60 -1 60 -1 60 -1 70 -1 76 -1 76 -1 60 -1 60 -1 60 -1 76 -1 65 -1 65 -1 60 -1 60 -1 70 -1 60 -1 91 -1 65 -1 65 -1 65 -1 60 -1 65 -1 60 -1 70 -1 65 -1 60 -1 81 -1 60 -1 60 -1 60 -1 76 -1 -2
65 -1 60 -1 64 -1 60 -1 65 -1 60 -1 65 -1 65 -1 70 -1 65 -1 65 -1 60 -1 65 -1 60 -1 76 -1 60 -1 60 -1 70 -1 60 -1 70 -1 65 -1 70 -1 60 -1 65 -1 70 -1 87 -1 60 -1 65 -1 60 -1 60 -1 60 -1 64 -1 60 -1 65 -1 65 -1 65 -1 60 -1 76 -1 60 -1 76 -1 60 -1 60 -1 60 -1 65 -1 60 -1 65 -1 65 -1 -2
60 -1 65 -1 60 -1 69 -1 60 -1 64 -1 65 -1 75 -1 81 -1 65 -1 60 -1 65 -1 60 -1 65 -1 97 -1 60 -1 65 -1 60 -1 65 -1 60 -1 86 -1 65 -1 81 -1 60 -1 65 -1 60 -1 90 -1 65 -1 65 -1 65 -1 65 -1 65 -1 65 -1 65 -1 65 -1 76 -1 60 -1 70 -1 60 -1 81 -1 81 -1 69 -1 65 -1 60 -1 -2
75 -1 65 -1 65 -1 60 -1 60 -1 60 -1 76 -1 60 -1 64 -1 65 -1 81 -1 65 -1 60 -1 70 -1 60 -1 70 -1 60 -1 65 -1 60 -1 60 -1 65 -1 60 -1 65 -1 65 -1 60 -1 65 -1 65 -1 60 -1 60 -1 76 -1 60 -1 70 -1 60 -1 65 -1 60 -1 81 -1 65 -1 60 -1 65 -1 -2
65 -1 65 -1 60 -1 60 -1 65 -1 60 -1 65 -1 60 -1 65 -1 60 -1 70 -1 65 -1 64 -1 85 -1 60 -1 76 -1 65 -1 65 -1 65 -1 60 -1 86 -1 60 -1 75 -1 65 -1 65 -1 60 -1 80 -1 60 -1 65 -1 60 -1 70 -1 65 -1 60 -1 60 -1 65 -1 60 -1 75 -1 65 -1 60 -1 65 -1 60 -1 65 -1 60 -1 65 -1 60 -1 65 -1 60 -1 92 -1 60 -1 -2
60 -1 65 -1 60 -1 81 -1 60 -1 65 -1 60 -1 60 -1 60 -1 76 -1 60 -1 65 -1 65 -1 65 -1 65 -1 60 -1 65 -1 65 -1 65 -1 60 -1 60 -1 65 -1 75 -1 60 -1 76 -1 60 -1 70 -1 65 -1 60 -1 65 -1 70 -1 60 -1 80 -1 60 -1 60 -1 60 -1 65 -1 65 -1 65 -1 65 -1 65 -1 65 -1 60 -1 65 -1 75 -1 65 -1 -2
65 -1 60 -1 65 -1 60 -1 65 -1 60 -1 60 -1 65 -1 65 -1 60 -1 65 -1 60 -1 65 -1 65 -1 60 -1 60 -1 60 -1 65 -1 60 -1 60 -1 65 -1 65 -1 65 -1 60 -1 65 -1 60 -1 60 -1 60 -1 65 -1 65 -1 70 -1 65 -1 65 -1 60 -1 70 -1 60 -1 60 -1 60 -1 65 -1 65 -1 -2
60 -1 60 -1 60 -1 76 -1 65 -1 65 -1 60 -1 70 -1 60 -1 65 -1 70 -1 65 -1 65 -1 76 -1 60 -1 60 -1 60 -1 60 -1 60 -1 60 -1 65 -1 60 -1 60 -1 60 -1 65 -1 65 -1 60 -1 76 -1 65 -1 60 -1 86 -1 65 -1 65 -1 60 -1 76 -1 60 -1 65 -1 81 -1 60 -1 60 -1 60 -1 65 -1 60 -1 60 -1 -2
60 -1 65 -1 65 -1 65 -1 65 -1 65 -1 60 -1 65 -1 60 -1 65 -1 60 -1 65 -1 70 -1 70 -1 102 -1 60 -1 70 -1 65 -1 70 -1 86 -1 60 -1 60 -1 60 -1 65 -1 65 -1 60 -1 65 -1 80 -1 65 -1 65 -1 60 -1 65 -1 60 -1 65 -1 60 -1 81 -1 60 -1 75 -1 65 -1 65 -1 60 -1 60 -1 60 -1 70 -1 65 -1 60 -1 65 -1 60 -1 65 -1 60 -1 65 -1 75 -1 60 -1 -2
60 -1 60 -1 75 -1 65 -1 60 -1 60 -1 76 -1 65 -1 65 -1 60 -1 76 -1 60 -1 65 -1 60 -1 65 -1 60 -1 60 -1 60 -1 86 -1 60 -1 65 -1 60 -1 75 -1 65 -1 65 -1 60 -1 81 -1 65 -1 60 -1 65 -1 60 -1 60 -1 65 -1 65 -1 75 -1 65 -1 65 -1 65 -1 60 -1 60 -1 60 -1 60 -1 65 -1 60 -1 60 -1 65 -1 60 -1 86 -1 60 -1 65 -1 60 -1 76 -1 -2
60 -1 76 -1 60 -1 65 -1 65 -1 60 -1 60 -1 60 -1 65 -1 76 -1 80 -1 60 -1 65 -1 60 -1 60 -1 60 -1 65 -1 65 -1 60 -1 65 -1 60 -1 60 -1 65 -1 60 -1 65 -1 65 -1 65 -1 60 -1 60 -1 60 -1 65 -1 65 -1 -2
81 -1 65 -1 60 -1 76 -1 76 -1 65 -1 60 -1 76 -1 60 -1 65 -1 65 -1 75 -1 60 -1 64 -1 92 -1 65 -1 60 -1 65 -1 60 -1 91 -1 65 -1 60 -1 65 -1 60 -1 60 -1 80 -1 -2
65 -1 60 -1 60 -1 65 -1 65 -1 60 -1 65 -1 60 -1 65 -1 65 -1 60 -1 60 -1 65 -1 60 -1 65 -1 65 -1 60 -1 70 -1 60 -1 65 -1 65 -1 60 -1 65 -1 60 -1 65 -1 60 -1 60 -1 60 -1 81 -1 65 -1 65 -1 65 -1 65 -1 60 -1 70 -1 70 -1 60 -1 -2
65 -1 75 -1 65 -1 60 -1 65 -1 60 -1 60 -1 65 -1 65 -1 65 -1 60 -1 76 -1 65 -1 65 -1 60 -1 65 -1 60 -1 60 -1 75 -1 80 -1 65 -1 60 -1 65 -1 65 -1 70 -1 60 -1 65 -1 65 -1 60 -1 60 -1 65 -1 60 -1 81 -1 65 -1 60 -1 60 -1 65 -1 60 -1 65 -1 60 -1 60 -1 76 -1 60 -1 60 -1 65 -1 65 -1 70 -1 60 -1 -2
81 -1 60 -1 81 -1 65 -1 60 -1 65 -1 60 -1 60 -1 81 -1 60 -1 81 -1 70 -1 60 -1 60 -1 65 -1 76 -1 60 -1 70 -1 60 -1 65 -1 86 -1 60 -1 60 -1 60 -1 65 -1 65 -1 60 -1 70 -1 60 -1 60 -1 65 -1 81 -1 65 -1 60 -1 64 -1 60 -1 81 -1 81 -1 70 -1 76 -1 65 -1 81 -1 81 -1 60 -1 70 -1 60 -1 64 -1 65 -1 60 -1 65 -1 65 -1 60 -1 65 -1 -2
70 -1 65 -1 65 -1 60 -1 65 -1 60 -1 60 -1 60 -1 65 -1 60 -1 91 -1 60 -1 65 -1 60 -1 76 -1 60 -1 60 -1 60 -1 76 -1 65 -1 65 -1 75 -1 60 -1 65 -1 60 -1 70 -1 60 -1 65 -1 60 -1 60 -1 70 -1 65 -1 60 -1 65 -1 65 -1 65 -1 60 -1 -2
60 -1 60 -1 60 -1 65 -1 60 -1 65 -1 65 -1 60 -1 65 -1 60 -1 65 -1 60 -1 65 -1 60 -1 60 -1 65 -1 60 -1 76 -1 -2
70 -1 70 -1 60 -1 65 -1 81 -1 70 -1 60 -1 65 -1 65 -1 60 -1 60 -1 76 -1 60 -1 65 -1 70 -1 70 -1 60 -1 65 -1 60 -1 81 -1 70 -1 60 -1 81 -1 60 -1 65 -1 60 -1 60 -1 65 -1 75 -1 60 -1 65 -1 65 -1 65 -1 87 -1 60 -1 65 -1 70 -1 65 -1 60 -1 60 -1 86 -1 60 -1 70 -1 60 -1 70 -1 60 -1 70 -1 60 -1 -2
65 -1 87 -1 65 -1 65 -1 60 -1 65 -1 60 -1 60 -1 60 -1 81 -1 60 -1 65 -1 60 -1 60 -1 60 -1 76 -1 60 -1 60 -1 70 -1 70 -1 60 -1 81 -1 65 -1 65 -1 65 -1 60 -1 60 -1 60 -1 81 -1 60 -1 65 -1 60 -1 65 -1 60 -1 76 -1 60 -1 65 -1 60 -1 60 -1 60 -1 76 -1 60 -1 65 -1 60 -1 70 -1 -2
60 -1 70 -1 65 -1 65 -1 60 -1 65 -1 60 -1 60 -1 60 -1 65 -1 60 -1 60 -1 64 -1 65 -1 65 -1 65 -1 60 -1 76 -1 65 -1 65 -1 60 -1 65 -1 70 -1 65 -1 60 -1 70 -1 60 -1 60 -1 70 -1 60 -1 65 -1 60 -1 70 -1 60 -1 76 -1 65 -1 60 -1 60 -1 65 -1 60 -1 65 -1 60 -1 65 -1 64 -1 60 -1 65 -1 65 -1 60 -1 75 -1 65 -1 60 -1 -2
85 -1 60 -1 70 -1 86 -1 81 -1 65 -1 60 -1 65 -1 60 -1 60 -1 65 -1 65 -1 65 -1 76 -1 76 -1 65 -1 60 -1 60 -1 81 -1 86 -1 64 -1 65 -1 65 -1 65 -1 65 -1 65 -1 60 -1 60 -1 70 -1 60 -1 75 -1 65 -1 65 -1 75 -1 60 -1 76 -1 65 -1 60 -1 65 -1 60 -1 70 -1 60 -1 81 -1 60 -1 81 -1 70 -1 65 -1 65 -1 60 -1 65 -1 60 -1 -2
60 -1 60 -1 60 -1 60 -1 65 -1 65 -1 60 -1 65 -1 60 -1 76 -1 65 -1 75 -1 60 -1 65 -1 60 -1 60 -1 60 -1 65 -1 65 -1 60 -1 65 -1 65 -1 60 -1 60 -1 65 -1 60 -1 70 -1 -2
65 -1 60 -1 70 -1 60 -1 70 -1 70 -1 60 -1 65 -1 65 -1 65 -1 60 -1 60 -1 65 -1 60 -1 86 -1 65 -1 65 -1 65 -1 65 -1 60 -1 65 -1 60 -1 91 -1 60 -1 70 -1 65 -1 65 -1 65 -1 76 -1 65 -1 60 -1 60 -1 60 -1 70 -1 65 -1 65 -1 65 -1 60 -1 70 -1 -2
65 -1 60 -1 60 -1 65 -1 60 -1 65 -1 65 -1 60 -1 70 -1 65 -1 60 -1 60 -1 65 -1 60 -1 64 -1 64 -1 65 -1 60 -1 76 -1 65 -1 60 -1 65 -1 60 -1 70 -1 65 -1 65 -1 60 -1 60 -1 60 -1 65 -1 60 -1 65 -1 65 -1 -2
65 -1 65 -1 75 -1 65 -1 60 -1 81 -1 70 -1 60 -1 81 -1 65 -1 65 -1 86 -1 65 -1 60 -1 65 -1 60 -1 70 -1 60 -1 92 -1 60 -1 65 -1 60 -1 60 -1 60 -1 65 -1 76 -1 70 -1 60 -1 75 -1 86 -1 60 -1 60 -1 65 -1 60 -1 70 -1 81 -1 65 -1 60 -1 60 -1 60 -1 65 -1 65 -1 60 -1 60 -1 70 -1 60 -1 60 -1 76 -1 -2
81 -1 60 -1 60 -1 65 -1 65 -1 76 -1 76 -1 60 -1 70 -1 65 -1 76 -1 76 -1 70 -1 60 -1 76 -1 60 -1 60 -1 70 -1 60 -1 60 -1 60 -1 65 -1 60 -1 65 -1 65 -1 60 -1 65 -1 65 -1 60 -1 65 -1 60 -1 60 -1 70 -1 65 -1 60 -1 87 -1 65 -1 60 -1 65 -1 60 -1 65 -1 60 -1 60 -1 80 -1 81 -1 65 -1 60 -1 -2
70 -1 60 -1 65 -1 65 -1 75 -1 60 -1 65 -1 60 -1 60 -1 60 -1 60 -1 65 -1 60 -1 76 -1 65 -1 65 -1 65 -1 60 -1 64 -1 65 -1 65 -1 65 -1 60 -1 65 -1 65 -1 60 -1 65 -1 70 -1 60 -1 65 -1 60 -1 60 -1 65 -1 65 -1 60 -1 60 -1 65 -1 -2
70 -1 65 -1 60 -1 70 -1 60 -1 65 -1 65 -1 60 -1 65 -1 60 -1 60 -1 65 -1 65 -1 60 -1 80 -1 65 -1 60 -1 65 -1 65 -1 60 -1 65 -1 60 -1 80 -1 60 -1 81 -1 60 -1 65 -1 60 -1 60 -1 65 -1 60 -1 60 -1 65 -1 60 -1 76 -1 65 -1 65 -1 60 -1 70 -1 60 -1 60 -1 60 -1 87 -1 60 -1 65 -1 -2
65 -1 65 -1 60 -1 65 -1 60 -1 60 -1 60 -1 76 -1 65 -1 65 -1 65 -1 60 -1 64 -1 60 -1 65 -1 60 -1 60 -1 92 -1 60 -1 65 -1 65 -1 60 -1 70 -1 60 -1 60 -1 65 -1 60 -1 60 -1 60 -1 60 -1 65 -1 65 -1 60 -1 76 -1 76 -1 87 -1 60 -1 60 -1 60 -1 81 -1 60 -1 65 -1 65 -1 65 -1 -2
60 -1 65 -1 65 -1 65 -1 65 -1 65 -1 60 -1 60 -1 81 -1 65 -1 70 -1 70 -1 60 -1 60 -1 102 -1 75 -1 60 -1 86 -1 65 -1 60 -1 60 -1 65 -1 65 -1 75 -1 65 -1 76 -1 65 -1 65 -1 60 -1 60 -1 65 -1 60 -1 75 -1 65 -1 60 -1 65 -1 -2
70 -1 60 -1 60 -1 60 -1 76 -1 65 -1 65 -1 65 -1 65 -1 70 -1 70 -1 60 -1 65 -1 60 -1 65 -1 75 -1 65 -1 70 -1 65 -1 91 -1 65 -1 60 -1 70 -1 60 -1 60 -1 70 -1 60 -1 64 -1 60 -1 60 -1 65 -1 65 -1 65 -1 65 -1 65 -1 70 -1 65 -1 60 -1 90 -1 65 -1 65 -1 65 -1 76 -1 -2
65 -1 60 -1 70 -1 65 -1 65 -1 60 -1 70 -1 60 -1 65 -1 70 -1 60 -1 60 -1 65 -1 70 -1 65 -1 65 -1 60 -1 65 -1 60 -1 65 -1 70 -1 60 -1 65 -1 65 -1 60 -1 65 -1 60 -1 65 -1 60 -1 65 -1 70 -1 60 -1 65 -1 60 -1 60 -1 60 -1 65 -1 60 -1 65 -1 70 -1 60 -1 65 -1 65 -1 60 -1 -2
75 -1 60 -1 87 -1 65 -1 60 -1 65 -1 65 -1 60 -1 65 -1 60 -1 64 -1 65 -1 65 -1 60 -1 60 -1 60 -1 65 -1 65 -1 60 -1 60 -1 65 -1 65 -1 60 -1 76 -1 70 -1 60 -1 65 -1 60 -1 65 -1 60 -1 70 -1 60 -1 65 -1 60 -1 60 -1 65 -1 60 -1 65 -1 60 -1 65 -1 60 -1 60 -1 60 -1 -2
65 -1 65 -1 60 -1 60 -1 65 -1 65 -1 60 -1 60 -1 65 -1 60 -1 70 -1 65 -1 60 -1 65 -1 60 -1 65 -1 60 -1 60 -1 65 -1 60 -1 60 -1 76 -1 65 -1 60 -1 60 -1 60 -1 65 -1 60 -1 76 -1 60 -1 65 -1 60 -1 75 -1 91 -1 60 -1 65 -1 65 -1 60 -1 65 -1 60 -1 76 -1 60 -1 -2
70 -1 70 -1 60 -1 60 -1 65 -1 65 -1 65 -1 65 -1 60 -1 65 -1 70 -1 60 -1 65 -1 60 -1 60 -1 60 -1 65 -1 60 -1 65 -1 60 -1 65 -1 65 -1 65 -1 70 -1 60 -1 65 -1 65 -1 60 -1 75 -1 70 -1 65 -1 65 -1 65 -1 60 -1 65 -1 60 -1 70 -1 60 -1 65 -1 60 -1 60 -1 60 -1 -2
60 -1 65 -1 60 -1 60 -1 60 -1 60 -1 65 -1 60 -1 76 -1 60 -1 86 -1 60 -1 70 -1 60 -1 65 -1 -2
65 -1 80 -1 76 -1 65 -1 60 -1 65 -1 65 -1 60 -1 65 -1 60 -1 97 -1 60 -1 65 -1 60 -1 65 -1 60 -1 102 -1 60 -1 65 -1 65 -1 60 -1 65 -1 60 -1 65 -1 65 -1 60 -1 86 -1 60 -1 60 -1 65 -1 60 -1 65 -1 60 -1 97 -1 60 -1 65 -1 65 -1 60 -1 60 -1 60 -1 76 -1 60 -1 60 -1 76 -1 -2
80 -1 65 -1 65 -1 65 -1 60 -1 65 -1 60 -1 65 -1 60 -1 65 -1 60 -1 60 -1 65 -1 60 -1 60 -1 81 -1 65 -1 113 -1 70 -1 60 -1 60 -1 134 -1 60 -1 65 -1 60 -1 65 -1 70 -1 60 -1 65 -1 -2
60 -1 70 -1 60 -1 60 -1 65 -1 65 -1 65 -1 65 -1 60 -1 76 -1 60 -1 60 -1 65 -1 65 -1 75 -1 60 -1 65 -1 60 -1 60 -1 65 -1 60 -1 65 -1 60 -1 60 -1 65 -1 65 -1 65 -1 65 -1 60 -1 65 -1 65 -1 65 -1 70 -1 60 -1 69 -1 65 -1 65 -1 60 -1 60 -1 65 -1 65 -1 65 -1 60 -1 65 -1 75 -1 60 -1 65 -1 64 -1 65 -1 65 -1 -2
70 -1 65 -1 60 -1 60 -1 60 -1 65 -1 97 -1 60 -1 60 -1 65 -1 60 -1 60 -1 60 -1 65 -1 60 -1 65 -1 65 -1 60 -1 65 -1 60 -1 65 -1 60 -1 65 -1 60 -1 76 -1 60 -1 65 -1 65 -1 65 -1 60 -1 80 -1 85 -1 65 -1 60 -1 -2
65 -1 70 -1 65 -1 60 -1 65 -1 60 -1 65 -1 65 -1 60 -1 60 -1 76 -1 60 -1 60 -1 60 -1 65 -1 65 -1 60 -1 70 -1 65 -1 60 -1 76 -1 65 -1 60 -1 65 -1 60 -1 60 -1 60 -1 60 -1 65 -1 60 -1 60 -1 60 -1 65 -1 60 -1 65 -1 65 -1 60 -1 65 -1 60 -1 70 -1 65 -1 60 -1 92 -1 60 -1 65 -1 60 -1 70 -1 65 -1 70 -1 60 -1 60 -1 60 -1 -2
65 -1 60 -1 65 -1 70 -1 60 -1 65 -1 60 -1 65 -1 60 -1 75 -1 60 -1 65 -1 60 -1 65 -1 65 -1 60 -1 81 -1 65 -1 60 -1 70 -1 60 -1 60 -1 -2
60 -1 76 -1 60 -1 65 -1 60 -1 65 -1 60 -1 65 -1 65 -1 60 -1 70 -1 81 -1 60 -1 70 -1 60 -1 65 -1 60 -1 60 -1 65 -1 70 -1 60 -1 60 -1 65 -1 65 -1 65 -1 65 -1 70 -1 65 -1 60 -1 65 -1 60 -1 60 -1 70 -1 65 -1 65 -1 60 -1 65 -1 60 -1 65 -1 -2
60 -1 65 -1 60 -1 70 -1 60 -1 65 -1 60 -1 65 -1 70 -1 65 -1 60 -1 60 -1 65 -1 60 -1 65 -1 70 -1 60 -1 65 -1 60 -1 65 -1 60 -1 65 -1 60 -1 65 -1 60 -1 65 -1 65 -1 65 -1 60 -1 60 -1 65 -1 60 -1 65 -1 60 -1 65 -1 60 -1 65 -1 60 -1 60 -1 65 -1 60 -1 65 -1 60 -1 76 -1 60 -1 60 -1 65 -1 -2
86 -1 60 -1 65 -1 60 -1 65 -1 60 -1 65 -1 60 -1 70 -1 60 -1 65 -1 65 -1 60 -1 60 -1 65 -1 60 -1 65 -1 60 -1 76 -1 65 -1 60 -1 65 -1 65 -1 60 -1 65 -1 60 -1 81 -1 60 -1 60 -1 60 -1 91 -1 60 -1 60 -1 65 -1 60 -1 81 -1 60 -1 65 -1 65 -1 60 -1 65 -1 65 -1 86 -1 60 -1 60 -1 65 -1 60 -1 -2
65 -1 65 -1 60 -1 65 -1 60 -1 65 -1 60 -1 60 -1 65 -1 60 -1 65 -1 65 -1 60 -1 60 -1 76 -1 65 -1 60 -1 60 -1 60 -1 60 -1 70 -1 65 -1 60 -1 65 -1 70 -1 65 -1 60 -1 65 -1 65 -1 65 -1 60 -1 75 -1 76 -1 60 -1 65 -1 60 -1 60 -1 -2
65 -1 65 -1 65 -1 60 -1 60 -1 65 -1 65 -1 65 -1 60 -1 65 -1 75 -1 65 -1 65 -1 60 -1 60 -1 75 -1 70 -1 60 -1 65 -1 108 -1 60 -1 65 -1 60 -1 65 -1 70 -1 60 -1 60 -1 65 -1 70 -1 65 -1 60 -1 60 -1 81 -1 70 -1 60 -1 60 -1 65 -1 81 -1 60 -1 65 -1 60 -1 60 -1 60 -1 70 -1 65 -1 65 -1 65 -1 60 -1 65 -1 65 -1 -2
65 -1 60 -1 60 -1 60 -1 60 -1 65 -1 60 -1 60 -1 60 -1 60 -1 60 -1 76 -1 81 -1 65 -1 65 -1 70 -1 65 -1 60 -1 60 -1 60 -1 65 -1 65 -1 65 -1 60 -1 65 -1 65 -1 65 -1 76 -1 102 -1 65 -1 60 -1 60 -1 60 -1 65 -1 65 -1 70 -1 -2
60 -1 60 -1 60 -1 65 -1 60 -1 70 -1 70 -1 60 -1 81 -1 60 -1 65 -1 60 -1 65 -1 65 -1 60 -1 60 -1 60 -1 65 -1 70 -1 60 -1 70 -1 76 -1 65 -1 60 -1 65 -1 65 -1 60 -1 65 -1 65 -1 60 -1 75 -1 65 -1 76 -1 65 -1 60 -1 65 -1 70 -1 60 -1 60 -1 60 -1 60 -1 81 -1 60 -1 70 -1 70 -1 65 -1 60 -1 70 -1 60 -1 -2
65 -1 65 -1 65 -1 65 -1 60 -1 65 -1 65 -1 65 -1 60 -1 65 -1 70 -1 70 -1 60 -1 60 -1 65 -1 60 -1 65 -1 60 -1 70 -1 60 -1 60 -1 65 -1 65 -1 65 -1 60 -1 65 -1 60 -1 60 -1 65 -1 65 -1 60 -1 65 -1 60 -1 70 -1 65 -1 70 -1 65 -1 65 -1 60 -1 60 -1 60 -1 65 -1 64 -1 60 -1 65 -1 -2
60 -1 102 -1 102 -1 60 -1 65 -1 65 -1 60 -1 80 -1 102 -1 60 -1 65 -1 60 -1 65 -1 60 -1 60 -1 65 -1 60 -1 70 -1 60 -1 65 -1 60 -1 65 -1 65 -1 60 -1 60 -1 65 -1 60 -1 60 -1 76 -1 70 -1 65 -1 60 -1 65 -1 60 -1 70 -1 60 -1 76 -1 60 -1 60 -1 65 -1 65 -1 65 -1 65 -1 60 -1 70 -1 60 -1 65 -1 -2
65 -1 60 -1 60 -1 60 -1 60 -1 60 -1 65 -1 65 -1 60 -1 76 -1 65 -1 60 -1 60 -1 65 -1 64 -1 70 -1 65 -1 65 -1 65 -1 65 -1 60 -1 60 -1 60 -1 64 -1 65 -1 70 -1 76 -1 65 -1 60 -1 70 -1 60 -1 60 -1 65 -1 65 -1 65 -1 65 -1 60 -1 65 -1 60 -1 65 -1 65 -1 -2
97 -1 65 -1 65 -1 60 -1 65 -1 60 -1 85 -1 81 -1 60 -1 65 -1 65 -1 65 -1 60 -1 60 -1 60 -1 60 -1 65 -1 65 -1 65 -1 64 -1 65 -1 60 -1 65 -1 60 -1 65 -1 60 -1 65 -1 60 -1 65 -1 60 -1 60 -1 65 -1 60 -1 65 -1 60 -1 65 -1 70 -1 60 -1 65 -1 60 -1 60 -1 60 -1 65 -1 70 -1 65 -1 65 -1 -2
65 -1 60 -1 75 -1 60 -1 60 -1 60 -1 76 -1 76 -1 65 -1 65 -1 65 -1 60 -1 65 -1 70 -1 60 -1 92 -1 64 -1 64 -1 65 -1 60 -1 60 -1 64 -1 60 -1 65 -1 60 -1 65 -1 60 -1 70 -1 65 -1 65 -1 65 -1 60 -1 65 -1 65 -1 75 -1 60 -1 60 -1 65 -1 60 -1 65 -1 60 -1 60 -1 65 -1 65 -1 60 -1 -2
65 -1 65 -1 60 -1 60 -1 65 -1 81 -1 65 -1 70 -1 60 -1 70 -1 60 -1 60 -1 60 -1 60 -1 65 -1 65 -1 60 -1 65 -1 65 -1 65 -1 76 -1 70 -1 81 -1 60 -1 75 -1 64 -1 102 -1 65 -1 60 -1 65 -1 65 -1 60 -1 80 -1 65 -1 60 -1 60 -1 60 -1 65 -1 65 -1 60 -1 -2
70 -1 70 -1 65 -1 60 -1 65 -1 70 -1 65 -1 60 -1 60 -1 70 -1 65 -1 60 -1 60 -1 70 -1 65 -1 60 -1 65 -1 70 -1 70 -1 70 -1 60 -1 60 -1 60 -1 64 -1 60 -1 76 -1 65 -1 65 -1 65 -1 65 -1 60 -1 70 -1 60 -1 65 -1 60 -1 64 -1 60 -1 65 -1 65 -1 60 -1 65 -1 60 -1 65 -1 65 -1 65 -1 60 -1 60 -1 65 -1 65 -1 -2
70 -1 60 -1 65 -1 65 -1 60 -1 80 -1 65 -1 65 -1 65 -1 65 -1 65 -1 65 -1 60 -1 60 -1 64 -1 -2
65 -1 60 -1 65 -1 65 -1 60 -1 65 -1 60 -1 70 -1 65 -1 60 -1 81 -1 60 -1 76 -1 65 -1 60 -1 81 -1 65 -1 65 -1 60 -1 80 -1 65 -1 60 -1 70 -1 65 -1 70 -1 64 -1 65 -1 65 -1 65 -1 60 -1 76 -1 60 -1 60 -1 60 -1 60 -1 65 -1 60 -1 70 -1 60 -1 70 -1 65 -1 60 -1 60 -1 65 -1 70 -1 70 -1 60 -1 70 -1 -2
60 -1 60 -1 60 -1 65 -1 60 -1 65 -1 60 -1 65 -1 65 -1 60 -1 65 -1 65 -1 60 -1 60 -1 65 -1 -2
96 -1 60 -1 76 -1 120 -1 65 -1 60 -1 60 -1 70 -1 70 -1 60 -1 65 -1 60 -1 60 -1 65 -1 70 -1 70 -1 65 -1 76 -1 60 -1 60 -1 65 -1 60 -1 76 -1 87 -1 70 -1 75 -1 60 -1 60 -1 65 -1 60 -1 65 -1 75 -1 60 -1 81 -1 65 -1 65 -1 65 -1 65 -1 60 -1 60 -1 76 -1 60 -1 70 -1 60 -1 65 -1 81 -1 60 -1 -2
65 -1 70 -1 65 -1 60 -1 65 -1 60 -1 65 -1 60 -1 65 -1 65 -1 60 -1 65 -1 60 -1 65 -1 65 -1 60 -1 65 -1 60 -1 65 -1 70 -1 60 -1 70 -1 65 -1 65 -1 60 -1 65 -1 60 -1 60 -1 65 -1 60 -1 70 -1 65 -1 60 -1 60 -1 81 -1 60 -1 65 -1 70 -1 65 -1 65 -1 -2
76 -1 60 -1 60 -1 65 -1 65 -1 60 -1 70 -1 60 -1 65 -1 60 -1 70 -1 60 -1 60 -1 65 -1 65 -1 60 -1 65 -1 60 -1 65 -1 70 -1 65 -1 60 -1 65 -1 60 -1 65 -1 60 -1 60 -1 65 -1 60 -1 70 -1 60 -1 75 -1 81 -1 76 -1 64 -1 86 -1 81 -1 60 -1 65 -1 -2
65 -1 60 -1 65 -1 70 -1 60 -1 65 -1 65 -1 60 -1 81 -1 65 -1 65 -1 60 -1 60 -1 64 -1 65 -1 65 -1 65 -1 60 -1 60 -1 65 -1 60 -1 60 -1 76 -1 65 -1 65 -1 60 -1 60 -1 60 -1 60 -1 70 -1 65 -1 60 -1 81 -1 60 -1 65 -1 76 -1 65 -1 -2
76 -1 60 -1 60 -1 60 -1 60 -1 65 -1 60 -1 60 -1 70 -1 65 -1 60 -1 65 -1 65 -1 65 -1 60 -1 65 -1 60 -1 65 -1 60 -1 65 -1 70 -1 65 -1 60 -1 60 -1 65 -1 60 -1 65 -1 65 -1 81 -1 60 -1 75 -1 65 -1 60 -1 65 -1 60 -1 60 -1 60 -1 65 -1 60 -1 65 -1 60 -1 60 -1 65 -1 65 -1 65 -1 65 -1 60 -1 65 -1 60 -1 60 -1 -2
60 -1 60 -1 75 -1 60 -1 65 -1 76 -1 65 -1 65 -1 65 -1 60 -1 60 -1 81 -1 60 -1 65 -1 60 -1 60 -1 65 -1 60 -1 60 -1 65 -1 65 -1 60 -1 60 -1 60 -1 75 -1 60 -1 76 -1 76 -1 60 -1 65 -1 65 -1 65 -1 65 -1 65 -1 81 -1 60 -1 60 -1 60 -1 65 -1 60 -1 75 -1 60 -1 60 -1 65 -1 60 -1 65 -1 65 -1 60 -1 65 -1 65 -1 65 -1 60 -1 65 -1 65 -1 60 -1 60 -1 65 -1 65 -1 81 -1 70 -1 60 -1 65 -1 -2
65 -1 65 -1 60 -1 95 -1 65 -1 65 -1 76 -1 65 -1 65 -1 60 -1 65 -1 60 -1 60 -1 60 -1 97 -1 60 -1 65 -1 65 -1 60 -1 76 -1 65 -1 65 -1 70 -1 60 -1 60 -1 65 -1 60 -1 65 -1 60 -1 81 -1 70 -1 60 -1 65 -1 75 -1 65 -1 -2
60 -1 65 -1 60 -1 76 -1 60 -1 65 -1 60 -1 60 -1 60 -1 60 -1 65 -1 65 -1 65 -1 60 -1 60 -1 76 -1 70 -1 60 -1 60 -1 60 -1 75 -1 60 -1 65 -1 65 -1 60 -1 60 -1 65 -1 60 -1 65 -1 65 -1 65 -1 65 -1 65 -1 60 -1 65 -1 60 -1 65 -1 60 -1 60 -1 65 -1 60 -1 65 -1 65 -1 -2
60 -1 70 -1 60 -1 76 -1 65 -1 60 -1 65 -1 65 -1 65 -1 60 -1 60 -1 60 -1 65 -1 60 -1 65 -1 60 -1 86 -1 60 -1 65 -1 65 -1 60 -1 65 -1 60 -1 60 -1 65 -1 76 -1 60 -1 65 -1 65 -1 65 -1 60 -1 96 -1 60 -1 65 -1 60 -1 65 -1 65 -1 60 -1 60 -1 60 -1 65 -1 60 -1 70 -1 60 -1 65 -1 70 -1 -2
81 -1 65 -1 60 -1 65 -1 65 -1 60 -1 86 -1 60 -1 65 -1 70 -1 65 -1 60 -1 60 -1 60 -1 65 -1 65 -1 60 -1 65 -1 65 -1 65 -1 60 -1 60 -1 60 -1 65 -1 60 -1 70 -1 65 -1 76 -1 60 -1 60 -1 65 -1 65 -1 60 -1 70 -1 60 -1 65 -1 65 -1 60 -1 76 -1 60 -1 65 -1 60 -1 60 -1 60 -1 -2
65 -1 60 -1 87 -1 60 -1 70 -1 65 -1 65 -1 60 -1 60 -1 60 -1 60 -1 92 -1 60 -1 75 -1 60 -1 65 -1 60 -1 74 -1 60 -1 76 -1 65 -1 65 -1 65 -1 60 -1 70 -1 60 -1 60 -1 60 -1 60 -1 65 -1 60 -1 76 -1 65 -1 65 -1 65 -1 65 -1 65 -1 -2
60 -1 65 -1 60 -1 60 -1 60 -1 65 -1 98 -1 65 -1 60 -1 65 -1 65 -1 60 -1 65 -1 60 -1 60 -1 60 -1 65 -1 60 -1 60 -1 60 -1 65 -1 65 -1 60 -1 65 -1 60 -1 65 -1 65 -1 60 -1 60 -1 65 -1 76 -1 65 -1 60 -1 60 -1 65 -1 65 -1 60 -1 75 -1 60 -1 64 -1 60 -1 65 -1 65 -1 60 -1 76 -1 60 -1 65 -1 60 -1 65 -1 65 -1 65 -1 65 -1 -2
60 -1 60 -1 60 -1 76 -1 60 -1 65 -1 65 -1 65 -1 65 -1 65 -1 65 -1 60 -1 60 -1 60 -1 65 -1 60 -1 60 -1 60 -1 81 -1 60 -1 65 -1 65 -1 60 -1 60 -1 70 -1 65 -1 65 -1 60 -1 65 -1 65 -1 70 -1 65 -1 65 -1 60 -1 65 -1 65 -1 65 -1 70 -1 60 -1 60 -1 65 -1 60 -1 60 -1 60 -1 70 -1 60 -1 65 -1 60 -1 76 -1 70 -1 60 -1 65 -1 65 -1 -2
69 -1 65 -1 81 -1 60 -1 60 -1 76 -1 60 -1 60 -1 65 -1 60 -1 70 -1 60 -1 60 -1 70 -1 65 -1 60 -1 65 -1 60 -1 60 -1 65 -1 65 -1 65 -1 65 -1 60 -1 60 -1 65 -1 60 -1 76 -1 97 -1 65 -1 60 -1 65 -1 60 -1 65 -1 65 -1 60 -1 60 -1 60 -1 76 -1 60 -1 75 -1 60 -1 65 -1 65 -1 60 -1 76 -1 65 -1 60 -1 60 -1 -2
70 -1 60 -1 75 -1 65 -1 65 -1 65 -1 65 -1 70 -1 60 -1 80 -1 65 -1 76 -1 76 -1 60 -1 60 -1 81 -1 70 -1 65 -1 80 -1 65 -1 60 -1 65 -1 60 -1 70 -1 70 -1 60 -1 86 -1 65 -1 60 -1 60 -1 65 -1 65 -1 60 -1 65 -1 60 -1 60 -1 65 -1 65 -1 60 -1 -2
60 -1 60 -1 65 -1 60 -1 60 -1 65 -1 65 -1 60 -1 60 -1 65 -1 70 -1 70 -1 60 -1 60 -1 70 -1 65 -1 65 -1 65 -1 65 -1 65 -1 65 -1 60 -1 65 -1 60 -1 65 -1 65 -1 70 -1 64 -1 60 -1 60 -1 60 -1 65 -1 65 -1 65 -1 60 -1 60 -1 60 -1 60 -1 80 -1 65 -1 65 -1 60 -1 60 -1 65 -1 65 -1 -2
65 -1 60 -1 60 -1 81 -1 70 -1 65 -1 60 -1 65 -1 60 -1 81 -1 65 -1 60 -1 60 -1 65 -1 65 -1 65 -1 60 -1 60 -1 70 -1 60 -1 75 -1 108 -1 60 -1 65 -1 60 -1 60 -1 91 -1 60 -1 65 -1 65 -1 60 -1 65 -1 60 -1 60 -1 65 -1 60 -1 65 -1 60 -1 60 -1 65 -1 -2
65 -1 70 -1 60 -1 65 -1 60 -1 65 -1 60 -1 70 -1 65 -1 60 -1 65 -1 65 -1 60 -1 60 -1 81 -1 60 -1 65 -1 60 -1 60 -1 60 -1 65 -1 65 -1 65 -1 60 -1 81 -1 65 -1 60 -1 65 -1 60 -1 60 -1 60 -1 60 -1 75 -1 118 -1 65 -1 65 -1 60 -1 60 -1 60 -1 87 -1 60 -1 70 -1 65 -1 60 -1 60 -1 65 -1 86 -1 -2
65 -1 60 -1 60 -1 60 -1 65 -1 60 -1 65 -1 60 -1 65 -1 65 -1 60 -1 65 -1 60 -1 65 -1 65 -1 65 -1 60 -1 70 -1 60 -1 60 -1 81 -1 60 -1 60 -1 60 -1 60 -1 65 -1 65 -1 60 -1 60 -1 70 -1 65 -1 60 -1 65 -1 65 -1 60 -1 65 -1 60 -1 65 -1 60 -1 65 -1 70 -1 70 -1 -2
60 -1 64 -1 60 -1 76 -1 60 -1 60 -1 76 -1 60 -1 60 -1 65 -1 65 -1 60 -1 65 -1 65 -1 60 -1 60 -1 60 -1 65 -1 60 -1 65 -1 70 -1 60 -1 60 -1 65 -1 65 -1 81 -1 65 -1 60 -1 60 -1 65 -1 65 -1 60 -1 60 -1 70 -1 60 -1 60 -1 60 -1 60 -1 60 -1 76 -1 65 -1 65 -1 65 -1 65 -1 -2
65 -1 60 -1 65 -1 65 -1 60 -1 60 -1 65 -1 60 -1 65 -1 60 -1 65 -1 60 -1 60 -1 65 -1 60 -1 65 -1 65 -1 65 -1 65 -1 60 -1 65 -1 -2
60 -1 65 -1 65 -1 65 -1 65 -1 80 -1 60 -1 60 -1 70 -1 60 -1 65 -1 81 -1 60 -1 60 -1 65 -1 60 -1 60 -1 70 -1 65 -1 60 -1 65 -1 60 -1 65 -1 65 -1 60 -1 60 -1 76 -1 65 -1 60 -1 70 -1 60 -1 60 -1 60 -1 70 -1 76 -1 60 -1 60 -1 -2
60 -1 60 -1 65 -1 60 -1 75 -1 65 -1 65 -1 60 -1 75 -1 60 -1 60 -1 60 -1 60 -1 65 -1 70 -1 60 -1 65 -1 65 -1 60 -1 65 -1 60 -1 60 -1 60 -1 65 -1 60 -1 65 -1 65 -1 60 -1 76 -1 60 -1 60 -1 65 -1 65 -1 70 -1 65 -1 70 -1 65 -1 70 -1 70 -1 60 -1 80 -1 91 -1 65 -1 65 -1 75 -1 70 -1 -2
60 -1 64 -1 70 -1 60 -1 60 -1 65 -1 65 -1 65 -1 60 -1 65 -1 60 -1 65 -1 70 -1 65 -1 60 -1 60 -1 60 -1 76 -1 60 -1 65 -1 65 -1 60 -1 65 -1 70 -1 70 -1 60 -1 65 -1 65 -1 60 -1 81 -1 65 -1 60 -1 60 -1 -2
60 -1 65 -1 60 -1 65 -1 60 -1 70 -1 60 -1 76 -1 60 -1 60 -1 65 -1 70 -1 60 -1 60 -1 65 -1 65 -1 65 -1 60 -1 70 -1 70 -1 70 -1 60 -1 60 -1 65 -1 76 -1 60 -1 65 -1 60 -1 65 -1 60 -1 65 -1 65 -1 60 -1 60 -1 65 -1 65 -1 60 -1 65 -1 60 -1 75 -1 60 -1 60 -1 60 -1 65 -1 65 -1 65 -1 65 -1 60 -1 60 -1 65 -1 60 -1 -2
65 -1 60 -1 70 -1 65 -1 60 -1 65 -1 65 -1 60 -1 65 -1 60 -1 65 -1 60 -1 65 -1 60 -1 65 -1 65 -1 65 -1 60 -1 65 -1 70 -1 65 -1 60 -1 65 -1 60 -1 70 -1 60 -1 60 -1 65 -1 70 -1 65 -1 60 -1 65 -1 65 -1 60 -1 60 -1 70 -1 60 -1 65 -1 60 -1 65 -1 65 -1 60 -1 60 -1 60 -1 60 -1 65 -1 60 -1 65 -1 65 -1 65 -1 65 -1 65 -1 60 -1 -2
75 -1 60 -1 65 -1 70 -1 81 -1 75 -1 65 -1 65 -1 65 -1 60 -1 65 -1 60 -1 65 -1 65 -1 81 -1 65 -1 60 -1 65 -1 60 -1 60 -1 60 -1 75 -1 60 -1 60 -1 65 -1 60 -1 76 -1 65 -1 65 -1 65 -1 65 -1 60 -1 60 -1 97 -1 60 -1 65 -1 60 -1 70 -1 60 -1 65 -1 65 -1 60 -1 65 -1 -2
65 -1 75 -1 65 -1 65 -1 60 -1 60 -1 65 -1 60 -1 60 -1 60 -1 65 -1 60 -1 -2
60 -1 81 -1 60 -1 60 -1 81 -1 65 -1 76 -1 60 -1 81 -1 65 -1 65 -1 60 -1 64 -1 65 -1 60 -1 60 -1 60 -1 65 -1 65 -1 65 -1 65 -1 60 -1 60 -1 65 -1 65 -1 60 -1 65 -1 60 -1 65 -1 60 -1 65 -1 70 -1 92 -1 60 -1 60 -1 65 -1 60 -1 65 -1 65 -1 60 -1 60 -1 81 -1 60 -1 65 -1 60 -1 60 -1 65 -1 60 -1 81 -1 65 -1 60 -1 60 -1 65 -1 60 -1 60 -1 -2
60 -1 60 -1 60 -1 60 -1 60 -1 65 -1 65 -1 60 -1 65 -1 65 -1 65 -1 60 -1 60 -1 60 -1 80 -1 92 -1 65 -1 65 -1 65 -1 60 -1 60 -1 75 -1 65 -1 60 -1 60 -1 65 -1 65 -1 65 -1 70 -1 60 -1 65 -1 65 -1 60 -1 75 -1 70 -1 65 -1 65 -1 60 -1 60 -1 65 -1 60 -1 70 -1 80 -1 60 -1 65 -1 -2
60 -1 65 -1 65 -1 60 -1 64 -1 60 -1 92 -1 76 -1 60 -1 65 -1 60 -1 75 -1 60 -1 65 -1 60 -1 60 -1 65 -1 65 -1 65 -1 65 -1 60 -1 65 -1 60 -1 65 -1 65 -1 70 -1 60 -1 81 -1 60 -1 65 -1 60 -1 60 -1 60 -1 92 -1 81 -1 70 -1 65 -1 60 -1 65 -1 70 -1 70 -1 80 -1 65 -1 -2
101 -1 76 -1 76 -1 60 -1 65 -1 60 -1 64 -1 65 -1 65 -1 65 -1 60 -1 65 -1 60 -1 60 -1 65 -1 60 -1 60 -1 65 -1 65 -1 70 -1 65 -1 65 -1 60 -1 65 -1 60 -1 65 -1 70 -1 60 -1 60 -1 60 -1 76 -1 76 -1 65 -1 65 -1 75 -1 60 -1 60 -1 65 -1 60 -1 76 -1 70 -1 60 -1 60 -1 -2
65 -1 60 -1 60 -1 65 -1 65 -1 60 -1 70 -1 70 -1 60 -1 60 -1 76 -1 60 -1 65 -1 60 -1 76 -1 60 -1 65 -1 60 -1 60 -1 70 -1 65 -1 65 -1 60 -1 70 -1 76 -1 60 -1 60 -1 65 -1 60 -1 65 -1 60 -1 70 -1 60 -1 70 -1 81 -1 60 -1 65 -1 60 -1 76 -1 60 -1 60 -1 75 -1 65 -1 60 -1 60 -1 81 -1 65 -1 65 -1 81 -1 60 -1 65 -1 60 -1 -2
60 -1 65 -1 60 -1 60 -1 60 -1 60 -1 60 -1 86 -1 65 -1 65 -1 65 -1 65 -1 65 -1 60 -1 60 -1 60 -1 65 -1 65 -1 60 -1 70 -1 65 -1 75 -1 60 -1 60 -1 60 -1 65 -1 60 -1 60 -1 60 -1 65 -1 70 -1 65 -1 65 -1 60 -1 76 -1 65 -1 60 -1 60 -1 65 -1 60 -1 70 -1 65 -1 60 -1 65 -1 60 -1 65 -1 60 -1 60 -1 -2
60 -1 60 -1 65 -1 65 -1 60 -1 60 -1 60 -1 65 -1 60 -1 65 -1 65 -1 60 -1 65 -1 60 -1 65 -1 60 -1 70 -1 -2
65 -1 60 -1 64 -1 64 -1 60 -1 65 -1 65 -1 60 -1 76 -1 60 -1 65 -1 60 -1 60 -1 81 -1 60 -1 75 -1 102 -1 60 -1 65 -1 60 -1 65 -1 70 -1 60 -1 70 -1 65 -1 60 -1 60 -1 65 -1 76 -1 65 -1 60 -1 60 -1 70 -1 65 -1 65 -1 65 -1 60 -1 60 -1 60 -1 60 -1 65 -1 70 -1 60 -1 60 -1 60 -1 65 -1 -2
60 -1 65 -1 76 -1 60 -1 65 -1 60 -1 60 -1 65 -1 65 -1 60 -1 65 -1 60 -1 65 -1 65 -1 81 -1 60 -1 60 -1 65 -1 65 -1 65 -1 60 -1 65 -1 76 -1 60 -1 60 -1 65 -1 60 -1 60 -1 76 -1 60 -1 60 -1 64 -1 60 -1 65 -1 60 -1 75 -1 -2
65 -1 65 -1 60 -1 81 -1 65 -1 60 -1 65 -1 60 -1 60 -1 64 -1 60 -1 60 -1 65 -1 60 -1 70 -1 70 -1 76 -1 65 -1 60 -1 65 -1 60 -1 60 -1 70 -1 60 -1 65 -1 60 -1 65 -1 65 -1 60 -1 86 -1 86 -1 65 -1 60 -1 65 -1 60 -1 64 -1 65 -1 64 -1 65 -1 65 -1 65 -1 65 -1 60 -1 -2
65 -1 60 -1 60 -1 76 -1 65 -1 60 -1 65 -1 60 -1 60 -1 65 -1 60 -1 60 -1 81 -1 60 -1 65 -1 60 -1 81 -1 60 -1 65 -1 65 -1 65 -1 60 -1 70 -1 81 -1 60 -1 60 -1 60 -1 60 -1 65 -1 60 -1 81 -1 60 -1 65 -1 65 -1 65 -1 65 -1 60 -1 60 -1 60 -1 60 -1 65 -1 81 -1 -2
60 -1 65 -1 81 -1 60 -1 60 -1 65 -1 60 -1 65 -1 65 -1 65 -1 65 -1 65 -1 60 -1 65 -1 60 -1 65 -1 60 -1 81 -1 60 -1 60 -1 65 -1 60 -1 65 -1 70 -1 60 -1 81 -1 70 -1 60 -1 70 -1 65 -1 65 -1 65 -1 60 -1 64 -1 60 -1 60 -1 60 -1 65 -1 60 -1 60 -1 70 -1 -2
60 -1 86 -1 70 -1 60 -1 65 -1 65 -1 60 -1 65 -1 70 -1 60 -1 60 -1 65 -1 65 -1 65 -1 65 -1 60 -1 60 -1 65 -1 70 -1 60 -1 65 -1 60 -1 65 -1 60 -1 75 -1 81 -1 65 -1 60 -1 60 -1 60 -1 65 -1 60 -1 65 -1 60 -1 65 -1 60 -1 65 -1 60 -1 65 -1 60 -1 60 -1 70 -1 81 -1 60 -1 60 -1 65 -1 -2
65 -1 60 -1 86 -1 65 -1 65 -1 65 -1 65 -1 65 -1 60 -1 80 -1 91 -1 60 -1 60 -1 76 -1 87 -1 60 -1 65 -1 65 -1 60 -1 76 -1 60 -1 60 -1 60 -1 60 -1 65 -1 60 -1 65 -1 60 -1 65 -1 60 -1 65 -1 65 -1 -2
92 -1 65 -1 60 -1 81 -1 70 -1 60 -1 81 -1 65 -1 70 -1 60 -1 70 -1 65 -1 60 -1 65 -1 60 -1 70 -1 60 -1 76 -1 60 -1 65 -1 60 -1 60 -1 60 -1 60 -1 65 -1 65 -1 65 -1 75 -1 65 -1 60 -1 60 -1 70 -1 65 -1 60 -1 65 -1 60 -1 65 -1 60 -1 65 -1 60 -1 65 -1 65 -1 60 -1 65 -1 65 -1 60 -1 -2
103 -1 76 -1 60 -1 60 -1 75 -1 65 -1 60 -1 65 -1 60 -1 65 -1 60 -1 65 -1 65 -1 60 -1 65 -1 60 -1 60 -1 65 -1 65 -1 60 -1 86 -1 60 -1 60 -1 65 -1 65 -1 60 -1 75 -1 65 -1 65 -1 60 -1 76 -1 60 -1 60 -1 70 -1 60 -1 65 -1 65 -1 60 -1 65 -1 60 -1 81 -1 -2
65 -1 60 -1 60 -1 60 -1 65 -1 60 -1 70 -1 65 -1 70 -1 60 -1 60 -1 86 -1 65 -1 60 -1 60 -1 65 -1 60 -1 65 -1 60 -1 65 -1 60 -1 60 -1 81 -1 65 -1 60 -1 60 -1 65 -1 60 -1 60 -1 87 -1 86 -1 60 -1 65 -1 60 -1 60 -1 60 -1 60 -1 65 -1 70 -1 65 -1 60 -1 60 -1 65 -1 65 -1 65 -1 65 -1 60 -1 -2
70 -1 92 -1 76 -1 98 -1 60 -1 60 -1 76 -1 60 -1 70 -1 75 -1 60 -1 65 -1 65 -1 65 -1 65 -1 60 -1 76 -1 60 -1 70 -1 70 -1 60 -1 65 -1 70 -1 60 -1 60 -1 81 -1 60 -1 65 -1 60 -1 65 -1 70 -1 65 -1 60 -1 65 -1 86 -1 60 -1 60 -1 76 -1 60 -1 70 -1 65 -1 60 -1 60 -1 60 -1 81 -1 65 -1 65 -1 70 -1 70 -1 60 -1 60 -1 65 -1 60 -1 91 -1 60 -1 86 -1 -2
65 -1 60 -1 60 -1 64 -1 65 -1 60 -1 76 -1 65 -1 60 -1 65 -1 65 -1 60 -1 60 -1 60 -1 70 -1 60 -1 65 -1 70 -1 65 -1 60 -1 76 -1 65 -1 65 -1 60 -1 60 -1 60 -1 60 -1 60 -1 86 -1 65 -1 65 -1 65 -1 65 -1 60 -1 60 -1 64 -1 65 -1 65 -1 70 -1 60 -1 65 -1 60 -1 65 -1 65 -1 60 -1 60 -1 -2
64 -1 60 -1 60 -1 76 -1 60 -1 65 -1 65 -1 60 -1 75 -1 75 -1 65 -1 65 -1 60 -1 60 -1 65 -1 65 -1 60 -1 60 -1 65 -1 60 -1 65 -1 76 -1 65 -1 60 -1 60 -1 60 -1 60 -1 65 -1 60 -1 65 -1 65 -1 65 -1 65 -1 60 -1 65 -1 -2
60 -1 60 -1 65 -1 70 -1 60 -1 65 -1 60 -1 81 -1 60 -1 65 -1 65 -1 60 -1 60 -1 60 -1 60 -1 76 -1 60 -1 65 -1 65 -1 60 -1 60 -1 65 -1 60 -1 65 -1 60 -1 65 -1 60 -1 65 -1 60 -1 65 -1 60 -1 60 -1 65 -1 65 -1 65 -1 65 -1 60 -1 65 -1 65 -1 -2
65 -1 60 -1 60 -1 70 -1 60 -1 65 -1 65 -1 60 -1 87 -1 65 -1 60 -1 65 -1 70 -1 60 -1 70 -1 65 -1 60 -1 75 -1 60 -1 65 -1 70 -1 65 -1 60 -1 65 -1 70 -1 60 -1 65 -1 81 -1 60 -1 81 -1 60 -1 70 -1 65 -1 60 -1 70 -1 60 -1 85 -1 65 -1 -2
65 -1 65 -1 60 -1 65 -1 65 -1 60 -1 65 -1 60 -1 60 -1 60 -1 70 -1 60 -1 65 -1 65 -1 60 -1 65 -1 60 -1 65 -1 60 -1 65 -1 65 -1 97 -1 65 -1 60 -1 60 -1 60 -1 70 -1 60 -1 65 -1 81 -1 81 -1 65 -1 60 -1 65 -1 60 -1 97 -1 60 -1 60 -1 65 -1 60 -1 60 -1 65 -1 60 -1 -2
70 -1 65 -1 70 -1 60 -1 60 -1 60 -1 60 -1 65 -1 70 -1 65 -1 75 -1 65 -1 60 -1 70 -1 60 -1 65 -1 108 -1 65 -1 65 -1 65 -1 60 -1 86 -1 60 -1 70 -1 60 -1 65 -1 65 -1 60 -1 70 -1 60 -1 65 -1 60 -1 60 -1 75 -1 65 -1 65 -1 60 -1 65 -1 65 -1 60 -1 60 -1 65 -1 64 -1 65 -1 65 -1 60 -1 60 -1 65 -1 60 -1 65 -1 87 -1 -2
100 -1 60 -1 70 -1 60 -1 97 -1 65 -1 65 -1 65 -1 65 -1 65 -1 60 -1 81 -1 75 -1 75 -1 81 -1 60 -1 76 -1 65 -1 60 -1 81 -1 60 -1 65 -1 60 -1 70 -1 91 -1 65 -1 65 -1 65 -1 60 -1 60 -1 64 -1 60 -1 65 -1 70 -1 60 -1 65 -1 60 -1 60 -1 65 -1 65 -1 65 -1 60 -1 65 -1 60 -1 76 -1 60 -1 65 -1 60 -1 65 -1 60 -1 65 -1 70 -1 60 -1 65 -1 60 -1 65 -1 60 -1 65 -1 60 -1 -2
65 -1 60 -1 65 -1 76 -1 60 -1 76 -1 65 -1 60 -1 60 -1 65 -1 65 -1 81 -1 81 -1 60 -1 65 -1 60 -1 60 -1 60 -1 60 -1 60 -1 60 -1 70 -1 60 -1 60 -1 65 -1 65 -1 65 -1 65 -1 60 -1 65 -1 70 -1 70 -1 65 -1 60 -1 60 -1 65 -1 65 -1 60 -1 65 -1 60 -1 65 -1 65 -1 60 -1 65 -1 60 -1 60 -1 65 -1 60 -1 60 -1 60 -1 60 -1 -2
60 -1 65 -1 60 -1 60 -1 60 -1 65 -1 60 -1 65 -1 60 -1 65 -1 65 -1 70 -1 60 -1 60 -1 76 -1 60 -1 60 -1 60 -1 60 -1 60 -1 76 -1 60 -1 60 -1 65 -1 65 -1 60 -1 60 -1 65 -1 75 -1 65 -1 65 -1 65 -1 65 -1 60 -1 70 -1 70 -1 60 -1 81 -1 65 -1 60 -1 65 -1 60 -1 65 -1 75 -1 60 -1 60 -1 -2
81 -1 81 -1 60 -1 60 -1 65 -1 65 -1 60 -1 65 -1 60 -1 60 -1 70 -1 60 -1 65 -1 60 -1 60 -1 60 -1 65 -1 76 -1 92 -1 60 -1 65 -1 65 -1 65 -1 65 -1 60 -1 64 -1 65 -1 65 -1 60 -1 60 -1 60 -1 60 -1 65 -1 65 -1 60 -1 75 -1 65 -1 65 -1 65 -1 65 -1 60 -1 60 -1 65 -1 81 -1 65 -1 65 -1 60 -1 60 -1 60 -1 60 -1 76 -1 -2
87 -1 65 -1 60 -1 65 -1 60 -1 70 -1 65 -1 60 -1 60 -1 65 -1 60 -1 65 -1 70 -1 60 -1 65 -1 60 -1 65 -1 60 -1 60 -1 65 -1 60 -1 70 -1 65 -1 64 -1 65 -1 65 -1 65 -1 65 -1 60 -1 96 -1 65 -1 65 -1 60 -1 65 -1 60 -1 60 -1 81 -1 70 -1 65 -1 65 -1 60 -1 65 -1 60 -1 70 -1 76 -1 60 -1 60 -1 70 -1 -2
101 -1 91 -1 70 -1 60 -1 65 -1 70 -1 65 -1 65 -1 65 -1 65 -1 60 -1 60 -1 76 -1 60 -1 65 -1 60 -1 76 -1 65 -1 60 -1 60 -1 65 -1 60 -1 81 -1 60 -1 65 -1 65 -1 60 -1 65 -1 60 -1 75 -1 60 -1 65 -1 60 -1 60 -1 65 -1 65 -1 70 -1 65 -1 60 -1 65 -1 65 -1 60 -1 70 -1 60 -1 65 -1 60 -1 70 -1 60 -1 -2
60 -1 60 -1 70 -1 60 -1 60 -1 60 -1 70 -1 65 -1 65 -1 65 -1 70 -1 60 -1 65 -1 60 -1 60 -1 64 -1 65 -1 65 -1 60 -1 65 -1 65 -1 65 -1 65 -1 60 -1 60 -1 65 -1 60 -1 65 -1 60 -1 60 -1 60 -1 65 -1 65 -1 60 -1 65 -1 60 -1 65 -1 60 -1 65 -1 70 -1 60 -1 65 -1 65 -1 60 -1 -2
60 -1 60 -1 60 -1 76 -1 65 -1 65 -1 60 -1 65 -1 65 -1 60 -1 65 -1 81 -1 60 -1 65 -1 60 -1 60 -1 65 -1 60 -1 60 -1 81 -1 60 -1 60 -1 60 -1 65 -1 65 -1 70 -1 70 -1 65 -1 60 -1 65 -1 65 -1 64 -1 65 -1 65 -1 60 -1 60 -1 65 -1 60 -1 65 -1 60 -1 65 -1 60 -1 65 -1 65 -1 65 -1 60 -1 65 -1 -2
60 -1 85 -1 75 -1 70 -1 86 -1 65 -1 65 -1 60 -1 65 -1 60 -1 60 -1 65 -1 60 -1 65 -1 65 -1 60 -1 65 -1 65 -1 60 -1 65 -1 65 -1 60 -1 65 -1 70 -1 60 -1 60 -1 65 -1 60 -1 81 -1 65 -1 60 -1 65 -1 60 -1 60 -1 70 -1 65 -1 -2
70 -1 60 -1 60 -1 60 -1 70 -1 60 -1 65 -1 65 -1 65 -1 65 -1 60 -1 65 -1 65 -1 65 -1 60 -1 70 -1 60 -1 65 -1 60 -1 65 -1 60 -1 65 -1 70 -1 70 -1 70 -1 60 -1 112 -1 65 -1 65 -1 60 -1 60 -1 65 -1 60 -1 60 -1 65 -1 60 -1 65 -1 65 -1 65 -1 60 -1 60 -1 65 -1 60 -1 60 -1 60 -1 60 -1 -2
65 -1 60 -1 60 -1 70 -1 60 -1 65 -1 65 -1 60 -1 65 -1 60 -1 60 -1 65 -1 60 -1 76 -1 65 -1 60 -1 65 -1 64 -1 60 -1 65 -1 65 -1 70 -1 60 -1 65 -1 76 -1 70 -1 60 -1 60 -1 65 -1 60 -1 75 -1 60 -1 65 -1 60 -1 65 -1 60 -1 65 -1 60 -1 65 -1 60 -1 65 -1 70 -1 70 -1 60 -1 65 -1 65 -1 65 -1 60 -1 65 -1 65 -1 60 -1 60 -1 75 -1 65 -1 86 -1 65 -1 -2
65 -1 70 -1 86 -1 60 -1 65 -1 65 -1 60 -1 60 -1 65 -1 60 -1 65 -1 60 -1 65 -1 65 -1 108 -1 60 -1 65 -1 60 -1 70 -1 81 -1 60 -1 75 -1 60 -1 60 -1 60 -1 81 -1 60 -1 65 -1 60 -1 65 -1 65 -1 65 -1 60 -1 65 -1 60 -1 65 -1 60 -1 60 -1 60 -1 60 -1 65 -1 60 -1 65 -1 76 -1 -2
65 -1 60 -1 60 -1 70 -1 60 -1 60 -1 60 -1 65 -1 65 -1 65 -1 65 -1 60 -1 65 -1 65 -1 60 -1 65 -1 70 -1 65 -1 65 -1 60 -1 60 -1 60 -1 65 -1 70 -1 60 -1 65 -1 65 -1 60 -1 75 -1 65 -1 60 -1 65 -1 65 -1 60 -1 65 -1 60 -1 65 -1 65 -1 60 -1 60 -1 60 -1 65 -1 60 -1 60 -1 65 -1 65 -1 60 -1 60 -1 65 -1 65 -1 70 -1 65 -1 60 -1 87 -1 60 -1 60 -1 -2
60 -1 65 -1 65 -1 60 -1 60 -1 65 -1 60 -1 65 -1 65 -1 60 -1 118 -1 60 -1 65 -1 65 -1 65 -1 65 -1 81 -1 60 -1 60 -1 60 -1 65 -1 60 -1 65 -1 60 -1 86 -1 65 -1 65 -1 60 -1 65 -1 65 -1 60 -1 60 -1 60 -1 80 -1 65 -1 65 -1 60 -1 65 -1 92 -1 65 -1 60 -1 81 -1 70 -1 60 -1 60 -1 76 -1 -2
65 -1 65 -1 60 -1 60 -1 65 -1 65 -1 60 -1 60 -1 65 -1 65 -1 65 -1 60 -1 65 -1 60 -1 65 -1 65 -1 60 -1 60 -1 60 -1 65 -1 60 -1 76 -1 65 -1 60 -1 60 -1 60 -1 60 -1 65 -1 65 -1 65 -1 60 -1 65 -1 60 -1 65 -1 81 -1 60 -1 76 -1 87 -1 60 -1 65 -1 60 -1 65 -1 60 -1 -2
65 -1 60 -1 65 -1 65 -1 60 -1 65 -1 60 -1 76 -1 60 -1 60 -1 60 -1 65 -1 60 -1 65 -1 70 -1 65 -1 60 -1 76 -1 60 -1 60 -1 65 -1 60 -1 70 -1 65 -1 60 -1 65 -1 60 -1 70 -1 60 -1 60 -1 60 -1 60 -1 65 -1 81 -1 60 -1 60 -1 65 -1 65 -1 65 -1 60 -1 64 -1 65 -1 65 -1 70 -1 60 -1 65 -1 65 -1 65 -1 65 -1 60 -1 60 -1 70 -1 65 -1 60 -1 -2
65 -1 81 -1 60 -1 65 -1 65 -1 60 -1 60 -1 65 -1 60 -1 64 -1 60 -1 76 -1 65 -1 60 -1 70 -1 65 -1 65 -1 60 -1 65 -1 65 -1 60 -1 86 -1 91 -1 65 -1 60 -1 69 -1 70 -1 86 -1 70 -1 60 -1 65 -1 65 -1 65 -1 65 -1 65 -1 60 -1 65 -1 60 -1 70 -1 60 -1 76 -1 60 -1 75 -1 60 -1 60 -1 60 -1 65 -1 60 -1 75 -1 70 -1 65 -1 60 -1 65 -1 -2
60 -1 60 -1 65 -1 60 -1 65 -1 65 -1 60 -1 65 -1 65 -1 60 -1 65 -1 60 -1 65 -1 65 -1 65 -1 60 -1 60 -1 65 -1 60 -1 65 -1 60 -1 65 -1 60 -1 60 -1 65 -1 60 -1 60 -1 65 -1 60 -1 65 -1 65 -1 65 -1 65 -1 60 -1 60 -1 60 -1 65 -1 60 -1 65 -1 65 -1 65 -1 60 -1 60 -1 65 -1 60 -1 81 -1 65 -1 60 -1 65 -1 -2
65 -1 65 -1 60 -1 65 -1 65 -1 60 -1 65 -1 60 -1 60 -1 60 -1 65 -1 70 -1 60 -1 65 -1 60 -1 65 -1 60 -1 81 -1 65 -1 60 -1 60 -1 65 -1 60 -1 65 -1 65 -1 65 -1 60 -1 75 -1 70 -1 60 -1 65 -1 60 -1 65 -1 65 -1 65 -1 60 -1 70 -1 65 -1 60 -1 70 -1 60 -1 65 -1 60 -1 65 -1 60 -1 65 -1 60 -1 65 -1 60 -1 -2
60 -1 65 -1 60 -1 65 -1 60 -1 65 -1 65 -1 65 -1 60 -1 60 -1 60 -1 75 -1 65 -1 65 -1 65 -1 65 -1 60 -1 70 -1 60 -1 65 -1 65 -1 60 -1 60 -1 70 -1 65 -1 65 -1 60 -1 60 -1 60 -1 76 -1 60 -1 65 -1 65 -1 60 -1 65 -1 60 -1 60 -1 65 -1 65 -1 70 -1 75 -1 65 -1 60 -1 65 -1 60 -1 76 -1 65 -1 -2
65 -1 65 -1 65 -1 75 -1 60 -1 60 -1 81 -1 65 -1 81 -1 60 -1 60 -1 65 -1 60 -1 65 -1 60 -1 65 -1 65 -1 60 -1 65 -1 60 -1 60 -1 60 -1 65 -1 65 -1 60 -1 65 -1 60 -1 60 -1 70 -1 65 -1 60 -1 65 -1 65 -1 60 -1 75 -1 -2
86 -1 102 -1 65 -1 86 -1 81 -1 60 -1 65 -1 60 -1 60 -1 60 -1 65 -1 60 -1 60 -1 60 -1 65 -1 65 -1 60 -1 65 -1 65 -1 60 -1 65 -1 65 -1 60 -1 65 -1 65 -1 65 -1 70 -1 60 -1 65 -1 65 -1 60 -1 65 -1 60 -1 60 -1 91 -1 60 -1 65 -1 65 -1 65 -1 65 -1 60 -1 60 -1 60 -1 65 -1 -2
86 -1 60 -1 81 -1 65 -1 65 -1 65 -1 76 -1 65 -1 70 -1 60 -1 65 -1 60 -1 65 -1 70 -1 60 -1 100 -1 65 -1 65 -1 65 -1 76 -1 65 -1 65 -1 60 -1 60 -1 65 -1 65 -1 65 -1 60 -1 60 -1 60 -1 60 -1 -2
70 -1 60 -1 60 -1 65 -1 60 -1 70 -1 60 -1 65 -1 65 -1 65 -1 60 -1 65 -1 60 -1 60 -1 65 -1 60 -1 60 -1 65 -1 65 -1 70 -1 60 -1 65 -1 60 -1 75 -1 65 -1 65 -1 60 -1 70 -1 60 -1 65 -1 65 -1 60 -1 60 -1 65 -1 60 -1 70 -1 60 -1 65 -1 81 -1 60 -1 60 -1 65 -1 60 -1 91 -1 60 -1 65 -1 60 -1 -2
65 -1 65 -1 60 -1 65 -1 60 -1 60 -1 60 -1 65 -1 65 -1 65 -1 64 -1 65 -1 60 -1 60 -1 65 -1 65 -1 60 -1 60 -1 65 -1 65 -1 60 -1 65 -1 60 -1 60 -1 65 -1 76 -1 76 -1 65 -1 60 -1 65 -1 65 -1 60 -1 60 -1 60 -1 64 -1 92 -1 97 -1 60 -1 60 -1 60 -1 60 -1 75 -1 70 -1 60 -1 65 -1 65 -1 60 -1 65 -1 60 -1 65 -1 70 -1 60 -1 -2
91 -1 65 -1 65 -1 65 -1 65 -1 65 -1 60 -1 65 -1 91 -1 60 -1 60 -1 70 -1 60 -1 65 -1 60 -1 65 -1 86 -1 65 -1 81 -1 60 -1 90 -1 65 -1 65 -1 65 -1 87 -1 60 -1 65 -1 60 -1 65 -1 60 -1 69 -1 65 -1 76 -1 60 -1 70 -1 65 -1 -2
65 -1 60 -1 65 -1 60 -1 65 -1 60 -1 65 -1 60 -1 60 -1 65 -1 65 -1 60 -1 60 -1 65 -1 60 -1 65 -1 60 -1 65 -1 60 -1 60 -1 65 -1 65 -1 60 -1 65 -1 60 -1 81 -1 76 -1 65 -1 75 -1 102 -1 102 -1 86 -1 80 -1 70 -1 65 -1 65 -1 60 -1 65 -1 60 -1 60 -1 86 -1 70 -1 65 -1 65 -1 60 -1 -2
65 -1 65 -1 65 -1 60 -1 70 -1 60 -1 65 -1 60 -1 60 -1 65 -1 60 -1 70 -1 70 -1 60 -1 65 -1 65 -1 65 -1 60 -1 65 -1 60 -1 75 -1 65 -1 60 -1 65 -1 65 -1 65 -1 75 -1 60 -1 65 -1 70 -1 60 -1 70 -1 81 -1 65 -1 60 -1 60 -1 81 -1 86 -1 65 -1 60 -1 60 -1 70 -1 60 -1 65 -1 76 -1 60 -1 60 -1 65 -1 65 -1 65 -1 60 -1 60 -1 65 -1 -2
60 -1 65 -1 60 -1 65 -1 60 -1 65 -1 60 -1 60 -1 60 -1 65 -1 65 -1 70 -1 60 -1 70 -1 65 -1 60 -1 70 -1 70 -1 60 -1 65 -1 81 -1 60 -1 60 -1 65 -1 65 -1 60 -1 69 -1 65 -1 60 -1 76 -1 60 -1 65 -1 65 -1 60 -1 60 -1 65 -1 65 -1 60 -1 65 -1 60 -1 70 -1 65 -1 -2
60 -1 60 -1 65 -1 65 -1 65 -1 60 -1 65 -1 65 -1 60 -1 86 -1 60 -1 65 -1 60 -1 65 -1 60 -1 60 -1 76 -1 65 -1 60 -1 65 -1 60 -1 60 -1 70 -1 70 -1 60 -1 65 -1 65 -1 60 -1 65 -1 60 -1 60 -1 65 -1 60 -1 65 -1 65 -1 60 -1 65 -1 60 -1 -2
60 -1 65 -1 65 -1 65 -1 60 -1 65 -1 70 -1 60 -1 65 -1 65 -1 60 -1 65 -1 60 -1 65 -1 70 -1 60 -1 60 -1 60 -1 60 -1 60 -1 65 -1 70 -1 65 -1 65 -1 75 -1 65 -1 65 -1 60 -1 65 -1 60 -1 65 -1 70 -1 60 -1 65 -1 60 -1 65 -1 60 -1 65 -1 81 -1 -2
65 -1 75 -1 76 -1 60 -1 60 -1 60 -1 60 -1 81 -1 60 -1 60 -1 60 -1 65 -1 65 -1 60 -1 70 -1 60 -1 65 -1 65 -1 65 -1 65 -1 65 -1 65 -1 60 -1 60 -1 65 -1 60 -1 102 -1 60 -1 60 -1 60 -1 60 -1 60 -1 65 -1 64 -1 65 -1 -2
95 -1 60 -1 65 -1 87 -1 76 -1 65 -1 60 -1 65 -1 60 -1 70 -1 60 -1 60 -1 60 -1 65 -1 65 -1 60 -1 76 -1 60 -1 60 -1 65 -1 60 -1 65 -1 60 -1 65 -1 64 -1 70 -1 65 -1 65 -1 65 -1 81 -1 65 -1 60 -1 60 -1 65 -1 60 -1 60 -1 60 -1 65 -1 60 -1 87 -1 70 -1 70 -1 60 -1 60 -1 65 -1 65 -1 60 -1 70 -1 60 -1 60 -1 65 -1 60 -1 65 -1 97 -1 65 -1 65 -1 60 -1 65 -1 -2
60 -1 60 -1 65 -1 60 -1 65 -1 60 -1 60 -1 76 -1 76 -1 60 -1 65 -1 60 -1 65 -1 60 -1 60 -1 92 -1 60 -1 65 -1 65 -1 76 -1 65 -1 75 -1 60 -1 70 -1 60 -1 60 -1 64 -1 70 -1 60 -1 65 -1 60 -1 60 -1 65 -1 60 -1 65 -1 65 -1 -2
65 -1 65 -1 65 -1 60 -1 65 -1 64 -1 60 -1 60 -1 60 -1 70 -1 65 -1 65 -1 65 -1 60 -1 65 -1 81 -1 65 -1 60 -1 65 -1 60 -1 60 -1 60 -1 70 -1 65 -1 76 -1 65 -1 65 -1 60 -1 60 -1 65 -1 60 -1 60 -1 60 -1 65 -1 65 -1 60 -1 65 -1 65 -1 70 -1 -2
81 -1 60 -1 60 -1 60 -1 65 -1 60 -1 75 -1 60 -1 60 -1 60 -1 60 -1 60 -1 65 -1 65 -1 65 -1 65 -1 60 -1 60 -1 81 -1 60 -1 65 -1 65 -1 70 -1 65 -1 65 -1 60 -1 70 -1 60 -1 60 -1 65 -1 65 -1 70 -1 60 -1 65 -1 60 -1 106 -1 65 -1 65 -1 -2
60 -1 65 -1 65 -1 65 -1 65 -1 60 -1 65 -1 60 -1 65 -1 60 -1 70 -1 60 -1 60 -1 65 -1 65 -1 60 -1 65 -1 60 -1 65 -1 65 -1 70 -1 60 -1 60 -1 65 -1 65 -1 60 -1 65 -1 60 -1 70 -1 65 -1 60 -1 65 -1 60 -1 60 -1 65 -1 65 -1 60 -1 60 -1 65 -1 65 -1 60 -1 65 -1 60 -1 70 -1 65 -1 60 -1 60 -1 65 -1 65 -1 -2
60 -1 60 -1 65 -1 60 -1 70 -1 75 -1 91 -1 65 -1 60 -1 60 -1 65 -1 65 -1 60 -1 60 -1 65 -1 65 -1 65 -1 65 -1 60 -1 65 -1 65 -1 60 -1 60 -1 60 -1 65 -1 65 -1 65 -1 60 -1 60 -1 60 -1 97 -1 65 -1 65 -1 60 -1 70 -1 60 -1 76 -1 60 -1 -2
60 -1 75 -1 60 -1 75 -1 65 -1 60 -1 75 -1 65 -1 60 -1 65 -1 60 -1 65 -1 65 -1 60 -1 65 -1 60 -1 70 -1 65 -1 65 -1 60 -1 65 -1 60 -1 60 -1 70 -1 65 -1 65 -1 60 -1 64 -1 60 -1 65 -1 76 -1 60 -1 81 -1 60 -1 65 -1 65 -1 60 -1 60 -1 86 -1 65 -1 60 -1 70 -1 60 -1 -2
60 -1 70 -1 65 -1 60 -1 65 -1 60 -1 76 -1 70 -1 70 -1 70 -1 81 -1 60 -1 60 -1 65 -1 60 -1 65 -1 60 -1 60 -1 65 -1 70 -1 70 -1 60 -1 70 -1 60 -1 65 -1 60 -1 70 -1 65 -1 60 -1 65 -1 60 -1 65 -1 60 -1 65 -1 65 -1 65 -1 65 -1 65 -1 60 -1 60 -1 60 -1 60 -1 60 -1 60 -1 60 -1 60 -1 65 -1 65 -1 65 -1 65 -1 65 -1 65 -1 -2
65 -1 87 -1 60 -1 65 -1 65 -1 60 -1 60 -1 65 -1 75 -1 65 -1 60 -1 60 -1 70 -1 60 -1 60 -1 81 -1 65 -1 60 -1 65 -1 65 -1 60 -1 65 -1 70 -1 60 -1 60 -1 65 -1 65 -1 65 -1 60 -1 81 -1 81 -1 60 -1 70 -1 60 -1 60 -1 60 -1 76 -1 60 -1 87 -1 60 -1 70 -1 65 -1 65 -1 70 -1 60 -1 -2
65 -1 60 -1 60 -1 65 -1 65 -1 65 -1 65 -1 60 -1 65 -1 65 -1 60 -1 75 -1 60 -1 86 -1 60 -1 65 -1 65 -1 60 -1 76 -1 60 -1 60 -1 65 -1 60 -1 60 -1 76 -1 60 -1 70 -1 65 -1 60 -1 65 -1 60 -1 86 -1 60 -1 70 -1 65 -1 81 -1 81 -1 60 -1 75 -1 70 -1 60 -1 70 -1 -2
60 -1 60 -1 60 -1 60 -1 81 -1 60 -1 86 -1 65 -1 70 -1 65 -1 60 -1 65 -1 65 -1 64 -1 60 -1 60 -1 103 -1 60 -1 65 -1 65 -1 60 -1 75 -1 70 -1 65 -1 60 -1 60 -1 60 -1 60 -1 65 -1 60 -1 60 -1 60 -1 76 -1 65 -1 60 -1 70 -1 65 -1 65 -1 65 -1 60 -1 65 -1 60 -1 81 -1 65 -1 70 -1 60 -1 70 -1 64 -1 60 -1 60 -1 70 -1 65 -1 65 -1 65 -1 65 -1 -2
65 -1 70 -1 65 -1 65 -1 65 -1 60 -1 65 -1 60 -1 60 -1 70 -1 65 -1 60 -1 60 -1 65 -1 65 -1 60 -1 81 -1 92 -1 60 -1 60 -1 60 -1 60 -1 70 -1 70 -1 65 -1 65 -1 65 -1 65 -1 65 -1 60 -1 75 -1 60 -1 65 -1 65 -1 65 -1 60 -1 60 -1 64 -1 65 -1 65 -1 70 -1 70 -1 65 -1 -2
86 -1 60 -1 76 -1 60 -1 60 -1 75 -1 65 -1 60 -1 60 -1 65 -1 60 -1 65 -1 60 -1 65 -1 65 -1 65 -1 65 -1 60 -1 70 -1 65 -1 60 -1 60 -1 60 -1 65 -1 60 -1 76 -1 81 -1 65 -1 60 -1 65 -1 60 -1 65 -1 65 -1 60 -1 60 -1 65 -1 65 -1 65 -1 60 -1 70 -1 65 -1 -2
65 -1 65 -1 60 -1 65 -1 60 -1 65 -1 60 -1 60 -1 65 -1 60 -1 65 -1 65 -1 60 -1 65 -1 65 -1 60 -1 70 -1 60 -1 60 -1 60 -1 76 -1 65 -1 65 -1 65 -1 81 -1 60 -1 70 -1 60 -1 60 -1 64 -1 65 -1 65 -1 65 -1 65 -1 60 -1 60 -1 81 -1 60 -1 60 -1 65 -1 -2
65 -1 60 -1 65 -1 70 -1 60 -1 65 -1 65 -1 65 -1 60 -1 70 -1 65 -1 60 -1 70 -1 60 -1 60 -1 65 -1 70 -1 60 -1 70 -1 65 -1 60 -1 60 -1 70 -1 65 -1 60 -1 81 -1 76 -1 60 -1 60 -1 65 -1 60 -1 65 -1 60 -1 75 -1 70 -1 65 -1 65 -1 65 -1 60 -1 60 -1 65 -1 60 -1 65 -1 60 -1 86 -1 65 -1 70 -1 65 -1 60 -1 -2
65 -1 65 -1 65 -1 65 -1 60 -1 65 -1 60 -1 60 -1 65 -1 65 -1 64 -1 65 -1 65 -1 60 -1 65 -1 70 -1 81 -1 60 -1 70 -1 60 -1 65 -1 60 -1 60 -1 70 -1 60 -1 60 -1 60 -1 60 -1 76 -1 60 -1 65 -1 60 -1 65 -1 76 -1 60 -1 65 -1 60 -1 60 -1 60 -1 65 -1 60 -1 70 -1 65 -1 -2
65 -1 60 -1 65 -1 65 -1 60 -1 60 -1 65 -1 70 -1 60 -1 86 -1 81 -1 60 -1 60 -1 60 -1 60 -1 60 -1 65 -1 81 -1 81 -1 86 -1 65 -1 65 -1 60 -1 65 -1 60 -1 60 -1 70 -1 65 -1 60 -1 81 -1 60 -1 76 -1 60 -1 65 -1 60 -1 60 -1 60 -1 70 -1 60 -1 65 -1 70 -1 65 -1 65 -1 65 -1 60 -1 65 -1 81 -1 60 -1 65 -1 -2
76 -1 76 -1 65 -1 60 -1 65 -1 65 -1 60 -1 60 -1 60 -1 60 -1 70 -1 60 -1 65 -1 76 -1 60 -1 65 -1 60 -1 60 -1 64 -1 76 -1 65 -1 60 -1 65 -1 60 -1 76 -1 75 -1 75 -1 65 -1 60 -1 60 -1 75 -1 76 -1 76 -1 76 -1 76 -1 118 -1 -2
60 -1 60 -1 76 -1 60 -1 65 -1 65 -1 60 -1 81 -1 60 -1 60 -1 65 -1 65 -1 60 -1 60 -1 60 -1 60 -1 65 -1 70 -1 65 -1 65 -1 65 -1 65 -1 65 -1 60 -1 65 -1 70 -1 60 -1 70 -1 60 -1 70 -1 70 -1 65 -1 60 -1 65 -1 70 -1 65 -1 70 -1 60 -1 60 -1 60 -1 69 -1 60 -1 65 -1 -2
60 -1 60 -1 60 -1 65 -1 60 -1 75 -1 65 -1 60 -1 75 -1 65 -1 65 -1 60 -1 76 -1 60 -1 60 -1 60 -1 65 -1 65 -1 60 -1 60 -1 65 -1 60 -1 60 -1 65 -1 70 -1 65 -1 60 -1 76 -1 60 -1 65 -1 60 -1 65 -1 65 -1 60 -1 65 -1 70 -1 76 -1 92 -1 60 -1 65 -1 60 -1 60 -1 60 -1 65 -1 60 -1 75 -1 60 -1 65 -1 60 -1 60 -1 81 -1 -2
60 -1 60 -1 75 -1 65 -1 65 -1 65 -1 60 -1 65 -1 60 -1 65 -1 60 -1 60 -1 60 -1 76 -1 65 -1 65 -1 60 -1 60 -1 65 -1 65 -1 60 -1 65 -1 60 -1 80 -1 60 -1 65 -1 65 -1 60 -1 65 -1 60 -1 65 -1 60 -1 76 -1 65 -1 70 -1 60 -1 60 -1 65 -1 60 -1 65 -1 60 -1 60 -1 60 -1 65 -1 65 -1 60 -1 65 -1 60 -1 -2
60 -1 60 -1 65 -1 60 -1 65 -1 60 -1 60 -1 65 -1 76 -1 65 -1 60 -1 70 -1 60 -1 60 -1 81 -1 60 -1 70 -1 65 -1 60 -1 65 -1 65 -1 60 -1 65 -1 64 -1 65 -1 65 -1 65 -1 60 -1 75 -1 65 -1 60 -1 65 -1 60 -1 65 -1 65 -1 60 -1 65 -1 65 -1 60 -1 70 -1 -2
70 -1 65 -1 65 -1 65 -1 65 -1 60 -1 60 -1 65 -1 70 -1 65 -1 65 -1 60 -1 65 -1 60 -1 65 -1 60 -1 70 -1 60 -1 65 -1 60 -1 60 -1 60 -1 65 -1 60 -1 65 -1 65 -1 65 -1 60 -1 65 -1 60 -1 60 -1 60 -1 60 -1 76 -1 60 -1 65 -1 60 -1 65 -1 65 -1 70 -1 60 -1 65 -1 65 -1 -2
60 -1 96 -1 65 -1 76 -1 65 -1 65 -1 60 -1 60 -1 70 -1 70 -1 76 -1 60 -1 60 -1 65 -1 76 -1 60 -1 65 -1 65 -1 70 -1 60 -1 60 -1 60 -1 76 -1 60 -1 65 -1 65 -1 75 -1 65 -1 60 -1 65 -1 65 -1 60 -1 60 -1 65 -1 60 -1 60 -1 60 -1 60 -1 65 -1 70 -1 86 -1 65 -1 60 -1 65 -1 65 -1 65 -1 65 -1 60 -1 65 -1 70 -1 65 -1 60 -1 60 -1 86 -1 65 -1 -2
65 -1 65 -1 60 -1 85 -1 60 -1 65 -1 65 -1 65 -1 65 -1 60 -1 65 -1 60 -1 60 -1 65 -1 65 -1 65 -1 60 -1 60 -1 70 -1 65 -1 65 -1 60 -1 65 -1 65 -1 65 -1 60 -1 70 -1 60 -1 65 -1 60 -1 65 -1 60 -1 60 -1 65 -1 60 -1 97 -1 60 -1 60 -1 65 -1 60 -1 60 -1 -2
81 -1 76 -1 60 -1 65 -1 65 -1 60 -1 60 -1 60 -1 60 -1 76 -1 60 -1 92 -1 65 -1 65 -1 60 -1 60 -1 70 -1 60 -1 60 -1 65 -1 60 -1 60 -1 65 -1 70 -1 65 -1 65 -1 70 -1 65 -1 60 -1 70 -1 86 -1 60 -1 60 -1 65 -1 60 -1 65 -1 65 -1 70 -1 60 -1 60 -1 65 -1 60 -1 -2
60 -1 70 -1 60 -1 65 -1 60 -1 60 -1 65 -1 65 -1 60 -1 65 -1 65 -1 60 -1 65 -1 65 -1 70 -1 65 -1 60 -1 60 -1 65 -1 60 -1 70 -1 60 -1 60 -1 65 -1 70 -1 60 -1 65 -1 65 -1 65 -1 60 -1 64 -1 65 -1 60 -1 65 -1 60 -1 60 -1 65 -1 60 -1 60 -1 65 -1 70 -1 65 -1 60 -1 65 -1 60 -1 65 -1 65 -1 60 -1 80 -1 65 -1 70 -1 65 -1 60 -1 65 -1 60 -1 60 -1 60 -1 -2
65 -1 60 -1 70 -1 60 -1 65 -1 65 -1 60 -1 65 -1 60 -1 60 -1 65 -1 60 -1 65 -1 65 -1 60 -1 65 -1 65 -1 60 -1 70 -1 60 -1 60 -1 81 -1 81 -1 60 -1 65 -1 65 -1 65 -1 60 -1 70 -1 60 -1 65 -1 -2
65 -1 65 -1 60 -1 65 -1 70 -1 60 -1 70 -1 76 -1 65 -1 60 -1 60 -1 65 -1 60 -1 64 -1 60 -1 60 -1 60 -1 65 -1 65 -1 65 -1 65 -1 65 -1 60 -1 65 -1 65 -1 60 -1 81 -1 60 -1 65 -1 65 -1 60 -1 65 -1 60 -1 60 -1 70 -1 60 -1 60 -1 60 -1 65 -1 65 -1 60 -1 65 -1 70 -1 65 -1 -2
60 -1 65 -1 60 -1 65 -1 81 -1 60 -1 65 -1 65 -1 65 -1 60 -1 65 -1 60 -1 70 -1 60 -1 65 -1 81 -1 60 -1 65 -1 60 -1 65 -1 60 -1 65 -1 60 -1 65 -1 60 -1 60 -1 86 -1 65 -1 70 -1 60 -1 60 -1 65 -1 76 -1 60 -1 81 -1 65 -1 64 -1 60 -1 76 -1 60 -1 60 -1 65 -1 60 -1 60 -1 60 -1 65 -1 70 -1 65 -1 65 -1 -2
60 -1 65 -1 60 -1 65 -1 60 -1 80 -1 65 -1 60 -1 65 -1 65 -1 60 -1 65 -1 70 -1 60 -1 91 -1 60 -1 60 -1 86 -1 65 -1 70 -1 70 -1 65 -1 60 -1 60 -1 75 -1 76 -1 60 -1 60 -1 60 -1 65 -1 65 -1 60 -1 60 -1 65 -1 65 -1 65 -1 60 -1 60 -1 75 -1 70 -1 60 -1 76 -1 65 -1 76 -1 65 -1 60 -1 76 -1 60 -1 60 -1 -2
65 -1 60 -1 65 -1 60 -1 65 -1 60 -1 60 -1 65 -1 60 -1 76 -1 81 -1 60 -1 81 -1 60 -1 60 -1 60 -1 65 -1 60 -1 60 -1 65 -1 65 -1 60 -1 65 -1 60 -1 65 -1 60 -1 65 -1 60 -1 76 -1 60 -1 65 -1 60 -1 65 -1 65 -1 -2
65 -1 60 -1 65 -1 65 -1 65 -1 60 -1 65 -1 60 -1 65 -1 60 -1 65 -1 60 -1 65 -1 60 -1 86 -1 60 -1 65 -1 60 -1 65 -1 60 -1 64 -1 81 -1 65 -1 65 -1 65 -1 60 -1 65 -1 60 -1 86 -1 60 -1 65 -1 65 -1 60 -1 65 -1 65 -1 60 -1 60 -1 60 -1 60 -1 60 -1 65 -1 60 -1 65 -1 65 -1 60 -1 60 -1 76 -1 65 -1 65 -1 -2
76 -1 60 -1 60 -1 81 -1 60 -1 81 -1 60 -1 60 -1 81 -1 60 -1 65 -1 65 -1 65 -1 60 -1 60 -1 60 -1 60 -1 60 -1 65 -1 65 -1 60 -1 60 -1 65 -1 65 -1 65 -1 65 -1 60 -1 60 -1 65 -1 60 -1 65 -1 60 -1 65 -1 60 -1 70 -1 65 -1 60 -1 65 -1 60 -1 65 -1 70 -1 60 -1 60 -1 65 -1 65 -1 60 -1 -2
75 -1 65 -1 60 -1 60 -1 65 -1 65 -1 65 -1 60 -1 60 -1 60 -1 60 -1 60 -1 81 -1 81 -1 65 -1 65 -1 65 -1 65 -1 60 -1 70 -1 60 -1 60 -1 108 -1 60 -1 60 -1 65 -1 65 -1 60 -1 65 -1 60 -1 60 -1 65 -1 64 -1 65 -1 65 -1 65 -1 60 -1 65 -1 70 -1 60 -1 65 -1 65 -1 60 -1 60 -1 70 -1 65 -1 76 -1 76 -1 60 -1 60 -1 60 -1 70 -1 60 -1 65 -1 -2
70 -1 76 -1 60 -1 65 -1 65 -1 65 -1 60 -1 65 -1 60 -1 60 -1 65 -1 65 -1 60 -1 65 -1 76 -1 65 -1 60 -1 60 -1 60 -1 65 -1 60 -1 76 -1 60 -1 60 -1 75 -1 65 -1 60 -1 60 -1 70 -1 81 -1 65 -1 65 -1 60 -1 65 -1 65 -1 60 -1 75 -1 60 -1 70 -1 65 -1 70 -1 60 -1 60 -1 60 -1 76 -1 65 -1 60 -1 65 -1 70 -1 64 -1 60 -1 76 -1 60 -1 60 -1 -2
70 -1 60 -1 60 -1 70 -1 70 -1 60 -1 81 -1 65 -1 60 -1 60 -1 65 -1 70 -1 65 -1 60 -1 60 -1 60 -1 81 -1 65 -1 65 -1 65 -1 60 -1 65 -1 75 -1 65 -1 60 -1 65 -1 60 -1 65 -1 65 -1 65 -1 60 -1 65 -1 60 -1 60 -1 60 -1 65 -1 -2
65 -1 65 -1 60 -1 65 -1 76 -1 60 -1 60 -1 65 -1 65 -1 60 -1 64 -1 70 -1 65 -1 65 -1 60 -1 60 -1 60 -1 65 -1 65 -1 60 -1 60 -1 70 -1 76 -1 65 -1 60 -1 65 -1 60 -1 76 -1 60 -1 70 -1 70 -1 60 -1 65 -1 60 -1 65 -1 65 -1 60 -1 60 -1 65 -1 60 -1 65 -1 60 -1 65 -1 60 -1 65 -1 60 -1 60 -1 65 -1 -2
70 -1 60 -1 60 -1 92 -1 65 -1 60 -1 70 -1 60 -1 60 -1 60 -1 65 -1 65 -1 65 -1 60 -1 65 -1 60 -1 70 -1 60 -1 65 -1 65 -1 65 -1 65 -1 60 -1 65 -1 81 -1 60 -1 65 -1 60 -1 70 -1 60 -1 65 -1 60 -1 65 -1 60 -1 70 -1 60 -1 70 -1 65 -1 60 -1 70 -1 76 -1 -2
65 -1 70 -1 60 -1 65 -1 60 -1 60 -1 60 -1 65 -1 70 -1 70 -1 65 -1 60 -1 70 -1 65 -1 65 -1 60 -1 60 -1 65 -1 65 -1 65 -1 65 -1 60 -1 64 -1 65 -1 65 -1 60 -1 70 -1 60 -1 70 -1 65 -1 70 -1 60 -1 70 -1 65 -1 60 -1 65 -1 60 -1 70 -1 60 -1 60 -1 64 -1 76 -1 60 -1 65 -1 60 -1 60 -1 65 -1 -2
65 -1 60 -1 65 -1 60 -1 70 -1 70 -1 65 -1 65 -1 60 -1 75 -1 60 -1 65 -1 60 -1 81 -1 87 -1 87 -1 87 -1 60 -1 60 -1 65 -1 70 -1 102 -1 -2
60 -1 70 -1 60 -1 60 -1 65 -1 60 -1 60 -1 65 -1 65 -1 60 -1 70 -1 60 -1 65 -1 65 -1 65 -1 60 -1 76 -1 60 -1 60 -1 60 -1 60 -1 60 -1 70 -1 70 -1 65 -1 76 -1 65 -1 60 -1 60 -1 60 -1 65 -1 -2
60 -1 86 -1 65 -1 60 -1 60 -1 65 -1 60 -1 60 -1 76 -1 60 -1 65 -1 65 -1 60 -1 65 -1 60 -1 60 -1 76 -1 60 -1 60 -1 60 -1 65 -1 65 -1 60 -1 70 -1 65 -1 65 -1 65 -1 70 -1 60 -1 65 -1 65 -1 60 -1 65 -1 65 -1 60 -1 60 -1 60 -1 60 -1 60 -1 70 -1 60 -1 60 -1 60 -1 65 -1 65 -1 65 -1 60 -1 65 -1 65 -1 -2
60 -1 91 -1 60 -1 65 -1 65 -1 60 -1 60 -1 65 -1 65 -1 60 -1 75 -1 65 -1 92 -1 60 -1 60 -1 65 -1 65 -1 60 -1 64 -1 70 -1 81 -1 65 -1 65 -1 65 -1 65 -1 60 -1 60 -1 75 -1 65 -1 70 -1 60 -1 65 -1 60 -1 70 -1 60 -1 70 -1 65 -1 60 -1 65 -1 65 -1 60 -1 60 -1 81 -1 65 -1 65 -1 65 -1 60 -1 -2
81 -1 65 -1 60 -1 75 -1 60 -1 65 -1 60 -1 65 -1 60 -1 60 -1 65 -1 65 -1 65 -1 60 -1 65 -1 60 -1 65 -1 60 -1 76 -1 60 -1 60 -1 60 -1 60 -1 65 -1 65 -1 65 -1 70 -1 60 -1 60 -1 70 -1 81 -1 65 -1 60 -1 60 -1 70 -1 65 -1 65 -1 60 -1 65 -1 60 -1 65 -1 -2
60 -1 60 -1 65 -1 60 -1 65 -1 65 -1 60 -1 70 -1 65 -1 60 -1 60 -1 65 -1 65 -1 60 -1 60 -1 76 -1 65 -1 60 -1 60 -1 65 -1 60 -1 60 -1 70 -1 60 -1 65 -1 65 -1 70 -1 60 -1 76 -1 65 -1 60 -1 70 -1 70 -1 65 -1 60 -1 60 -1 60 -1 60 -1 87 -1 70 -1 75 -1 65 -1 65 -1 -2
65 -1 60 -1 60 -1 65 -1 60 -1 70 -1 70 -1 70 -1 65 -1 65 -1 81 -1 65 -1 65 -1 60 -1 65 -1 60 -1 70 -1 60 -1 86 -1 64 -1 60 -1 65 -1 60 -1 70 -1 65 -1 60 -1 65 -1 60 -1 65 -1 65 -1 60 -1 60 -1 81 -1 65 -1 60 -1 65 -1 60 -1 65 -1 65 -1 65 -1 60 -1 60 -1 60 -1 60 -1 65 -1 60 -1 76 -1 65 -1 -2
65 -1 65 -1 60 -1 76 -1 65 -1 65 -1 65 -1 70 -1 65 -1 60 -1 60 -1 65 -1 60 -1 64 -1 65 -1 85 -1 81 -1 65 -1 65 -1 65 -1 60 -1 81 -1 65 -1 60 -1 70 -1 70 -1 60 -1 70 -1 65 -1 60 -1 60 -1 75 -1 65 -1 70 -1 60 -1 60 -1 70 -1 65 -1 60 -1 60 -1 65 -1 -2
60 -1 81 -1 60 -1 86 -1 65 -1 76 -1 65 -1 60 -1 60 -1 60 -1 75 -1 92 -1 103 -1 65 -1 60 -1 70 -1 60 -1 75 -1 70 -1 86 -1 60 -1 60 -1 65 -1 60 -1 76 -1 70 -1 70 -1 60 -1 65 -1 65 -1 70 -1 60 -1 81 -1 70 -1 65 -1 76 -1 65 -1 60 -1 64 -1 60 -1 64 -1 65 -1 65 -1 65 -1 -2
70 -1 60 -1 64 -1 60 -1 60 -1 65 -1 60 -1 60 -1 65 -1 60 -1 65 -1 76 -1 60 -1 60 -1 65 -1 65 -1 60 -1 60 -1 65 -1 60 -1 65 -1 60 -1 65 -1 60 -1 65 -1 70 -1 65 -1 60 -1 76 -1 81 -1 60 -1 76 -1 60 -1 70 -1 65 -1 70 -1 60 -1 60 -1 65 -1 65 -1 65 -1 -2
86 -1 70 -1 65 -1 65 -1 65 -1 60 -1 60 -1 65 -1 86 -1 65 -1 60 -1 64 -1 65 -1 65 -1 60 -1 65 -1 75 -1 60 -1 60 -1 65 -1 76 -1 60 -1 60 -1 60 -1 65 -1 65 -1 65 -1 60 -1 60 -1 70 -1 76 -1 60 -1 65 -1 65 -1 60 -1 60 -1 64 -1 76 -1 60 -1 76 -1 65 -1 60 -1 65 -1 70 -1 60 -1 60 -1 70 -1 60 -1 65 -1 60 -1 65 -1 -2
65 -1 60 -1 65 -1 65 -1 60 -1 60 -1 60 -1 60 -1 65 -1 60 -1 65 -1 65 -1 60 -1 60 -1 60 -1 65 -1 60 -1 65 -1 65 -1 65 -1 65 -1 60 -1 60 -1 65 -1 60 -1 65 -1 60 -1 76 -1 65 -1 60 -1 65 -1 60 -1 60 -1 60 -1 70 -1 65 -1 65 -1 60 -1 65 -1 65 -1 65 -1 65 -1 75 -1 60 -1 -2
60 -1 65 -1 60 -1 65 -1 65 -1 60 -1 65 -1 60 -1 65 -1 60 -1 70 -1 60 -1 65 -1 60 -1 76 -1 60 -1 65 -1 60 -1 60 -1 65 -1 60 -1 65 -1 60 -1 65 -1 60 -1 60 -1 65 -1 65 -1 60 -1 60 -1 65 -1 60 -1 65 -1 -2
65 -1 65 -1 60 -1 65 -1 60 -1 65 -1 60 -1 65 -1 60 -1 76 -1 60 -1 70 -1 65 -1 60 -1 60 -1 -2
65 -1 60 -1 65 -1 60 -1 60 -1 60 -1 65 -1 70 -1 60 -1 65 -1 60 -1 60 -1 65 -1 65 -1 65 -1 65 -1 60 -1 65 -1 60 -1 60 -1 75 -1 60 -1 70 -1 60 -1 65 -1 60 -1 65 -1 65 -1 60 -1 60 -1 65 -1 65 -1 65 -1 60 -1 76 -1 65 -1 65 -1 60 -1 60 -1 60 -1 -2
60 -1 60 -1 65 -1 65 -1 65 -1 70 -1 65 -1 60 -1 60 -1 60 -1 60 -1 81 -1 65 -1 60 -1 65 -1 65 -1 60 -1 60 -1 60 -1 65 -1 60 -1 65 -1 65 -1 60 -1 65 -1 60 -1 65 -1 60 -1 60 -1 65 -1 65 -1 60 -1 65 -1 65 -1 65 -1 60 -1 60 -1 81 -1 60 -1 65 -1 70 -1 60 -1 -2
60 -1 65 -1 65 -1 60 -1 65 -1 60 -1 60 -1 65 -1 60 -1 76 -1 65 -1 60 -1 70 -1 65 -1 65 -1 60 -1 65 -1 60 -1 65 -1 60 -1 65 -1 60 -1 65 -1 60 -1 65 -1 60 -1 -2
60 -1 65 -1 60 -1 65 -1 60 -1 65 -1 65 -1 60 -1 65 -1 65 -1 70 -1 65 -1 60 -1 65 -1 60 -1 60 -1 60 -1 65 -1 60 -1 60 -1 70 -1 60 -1 60 -1 65 -1 65 -1 65 -1 65 -1 76 -1 60 -1 70 -1 60 -1 60 -1 60 -1 70 -1 65 -1 65 -1 60 -1 76 -1 60 -1 65 -1 60 -1 60 -1 64 -1 65 -1 65 -1 60 -1 70 -1 65 -1 65 -1 -2
60 -1 65 -1 60 -1 65 -1 65 -1 60 -1 60 -1 60 -1 65 -1 60 -1 65 -1 65 -1 60 -1 60 -1 65 -1 65 -1 60 -1 65 -1 65 -1 60 -1 65 -1 60 -1 65 -1 65 -1 60 -1 81 -1 97 -1 60 -1 65 -1 60 -1 65 -1 60 -1 60 -1 65 -1 60 -1 60 -1 60 -1 60 -1 65 -1 60 -1 60 -1 65 -1 65 -1 65 -1 65 -1 60 -1 -2
65 -1 60 -1 70 -1 65 -1 60 -1 60 -1 65 -1 60 -1 65 -1 60 -1 65 -1 60 -1 65 -1 60 -1 65 -1 65 -1 60 -1 60 -1 65 -1 60 -1 65 -1 60 -1 65 -1 60 -1 60 -1 65 -1 65 -1 60 -1 65 -1 65 -1 70 -1 65 -1 60 -1 60 -1 81 -1 70 -1 60 -1 60 -1 76 -1 60 -1 81 -1 -2
81 -1 65 -1 60 -1 70 -1 60 -1 60 -1 70 -1 60 -1 76 -1 60 -1 60 -1 65 -1 65 -1 60 -1 60 -1 60 -1 70 -1 65 -1 65 -1 60 -1 65 -1 60 -1 65 -1 60 -1 70 -1 65 -1 60 -1 65 -1 60 -1 65 -1 60 -1 60 -1 70 -1 65 -1 60 -1 76 -1 65 -1 65 -1 60 -1 81 -1 65 -1 60 -1 60 -1 65 -1 70 -1 60 -1 65 -1 70 -1 60 -1 -2
65 -1 60 -1 60 -1 65 -1 65 -1 65 -1 60 -1 60 -1 60 -1 60 -1 65 -1 65 -1 65 -1 60 -1 70 -1 60 -1 65 -1 65 -1 60 -1 70 -1 65 -1 60 -1 60 -1 70 -1 -2
60 -1 65 -1 60 -1 75 -1 60 -1 70 -1 60 -1 70 -1 65 -1 60 -1 65 -1 60 -1 65 -1 60 -1 65 -1 60 -1 65 -1 70 -1 76 -1 60 -1 60 -1 65 -1 60 -1 69 -1 65 -1 65 -1 60 -1 60 -1 70 -1 65 -1 65 -1 65 -1 60 -1 65 -1 60 -1 65 -1 -2
62 -1 60 -1 60 -1 60 -1 65 -1 60 -1 65 -1 65 -1 60 -1 65 -1 -2
65 -1 60 -1 65 -1 70 -1 60 -1 65 -1 60 -1 65 -1 60 -1 60 -1 65 -1 65 -1 60 -1 65 -1 65 -1 70 -1 65 -1 60 -1 65 -1 60 -1 60 -1 60 -1 60 -1 65 -1 60 -1 60 -1 60 -1 81 -1 60 -1 60 -1 65 -1 65 -1 60 -1 65 -1 65 -1 65 -1 65 -1 70 -1 60 -1 60 -1 75 -1 60 -1 -2
80 -1 65 -1 87 -1 65 -1 65 -1 60 -1 86 -1 60 -1 70 -1 60 -1 60 -1 65 -1 60 -1 60 -1 70 -1 70 -1 65 -1 60 -1 65 -1 65 -1 60 -1 75 -1 65 -1 65 -1 60 -1 60 -1 76 -1 65 -1 60 -1 65 -1 65 -1 60 -1 70 -1 65 -1 60 -1 60 -1 60 -1 65 -1 65 -1 65 -1 60 -1 60 -1 -2
81 -1 60 -1 65 -1 60 -1 76 -1 65 -1 65 -1 60 -1 81 -1 65 -1 60 -1 65 -1 60 -1 81 -1 60 -1 65 -1 60 -1 60 -1 65 -1 60 -1 97 -1 60 -1 65 -1 86 -1 60 -1 70 -1 65 -1 60 -1 97 -1 60 -1 65 -1 60 -1 60 -1 65 -1 60 -1 60 -1 65 -1 60 -1 86 -1 65 -1 60 -1 65 -1 65 -1 65 -1 60 -1 65 -1 65 -1 60 -1 64 -1 60 -1 65 -1 65 -1 60 -1 65 -1 65 -1 60 -1 70 -1 -2
60 -1 60 -1 65 -1 65 -1 65 -1 60 -1 60 -1 65 -1 65 -1 65 -1 80 -1 102 -1 102 -1 60 -1 65 -1 60 -1 60 -1 60 -1 65 -1 60 -1 70 -1 65 -1 65 -1 60 -1 65 -1 60 -1 76 -1 60 -1 60 -1 60 -1 60 -1 75 -1 65 -1 76 -1 60 -1 60 -1 65 -1 65 -1 65 -1 70 -1 81 -1 60 -1 60 -1 65 -1 70 -1 60 -1 60 -1 70 -1 -2
70 -1 60 -1 65 -1 81 -1 60 -1 81 -1 65 -1 65 -1 60 -1 70 -1 81 -1 60 -1 81 -1 60 -1 65 -1 60 -1 70 -1 60 -1 65 -1 60 -1 65 -1 65 -1 70 -1 70 -1 60 -1 60 -1 65 -1 65 -1 60 -1 90 -1 65 -1 76 -1 60 -1 65 -1 60 -1 65 -1 60 -1 60 -1 70 -1 65 -1 60 -1 70 -1 65 -1 65 -1 65 -1 65 -1 81 -1 60 -1 65 -1 -2
65 -1 65 -1 60 -1 65 -1 60 -1 65 -1 60 -1 60 -1 76 -1 65 -1 60 -1 70 -1 60 -1 60 -1 60 -1 60 -1 65 -1 65 -1 60 -1 65 -1 65 -1 60 -1 60 -1 65 -1 60 -1 65 -1 65 -1 -2
60 -1 60 -1 65 -1 60 -1 65 -1 70 -1 60 -1 65 -1 65 -1 65 -1 60 -1 60 -1 60 -1 92 -1 60 -1 81 -1 65 -1 60 -1 60 -1 81 -1 65 -1 60 -1 65 -1 60 -1 70 -1 60 -1 60 -1 75 -1 65 -1 60 -1 70 -1 65 -1 60 -1 60 -1 76 -1 60 -1 65 -1 60 -1 65 -1 65 -1 76 -1 60 -1 -2
60 -1 81 -1 60 -1 60 -1 65 -1 65 -1 65 -1 70 -1 60 -1 60 -1 65 -1 81 -1 60 -1 65 -1 76 -1 81 -1 70 -1 65 -1 60 -1 65 -1 60 -1 69 -1 60 -1 76 -1 60 -1 60 -1 76 -1 65 -1 65 -1 60 -1 90 -1 65 -1 65 -1 65 -1 65 -1 65 -1 76 -1 65 -1 60 -1 65 -1 60 -1 65 -1 60 -1 80 -1 65 -1 -2
85 -1 65 -1 87 -1 65 -1 60 -1 60 -1 60 -1 70 -1 65 -1 60 -1 60 -1 65 -1 65 -1 65 -1 60 -1 60 -1 65 -1 60 -1 60 -1 65 -1 60 -1 65 -1 65 -1 60 -1 65 -1 60 -1 65 -1 65 -1 60 -1 65 -1 60 -1 65 -1 65 -1 60 -1 64 -1 60 -1 70 -1 60 -1 65 -1 65 -1 76 -1 60 -1 65 -1 60 -1 65 -1 65 -1 60 -1 -2
65 -1 60 -1 60 -1 60 -1 65 -1 65 -1 65 -1 60 -1 65 -1 60 -1 70 -1 60 -1 65 -1 65 -1 60 -1 60 -1 60 -1 70 -1 65 -1 65 -1 60 -1 60 -1 65 -1 65 -1 60 -1 60 -1 60 -1 -2
60 -1 65 -1 64 -1 60 -1 65 -1 65 -1 65 -1 60 -1 60 -1 65 -1 70 -1 60 -1 65 -1 65 -1 60 -1 65 -1 60 -1 81 -1 60 -1 65 -1 60 -1 65 -1 60 -1 65 -1 65 -1 60 -1 65 -1 60 -1 60 -1 65 -1 60 -1 60 -1 60 -1 60 -1 65 -1 65 -1 60 -1 65 -1 65 -1 65 -1 65 -1 -2
60 -1 81 -1 60 -1 65 -1 60 -1 65 -1 60 -1 65 -1 60 -1 81 -1 97 -1 60 -1 65 -1 60 -1 65 -1 65 -1 60 -1 60 -1 80 -1 65 -1 60 -1 65 -1 60 -1 70 -1 60 -1 60 -1 75 -1 76 -1 65 -1 65 -1 60 -1 65 -1 70 -1 60 -1 91 -1 65 -1 65 -1 70 -1 60 -1 65 -1 70 -1 -2
65 -1 60 -1 70 -1 76 -1 60 -1 70 -1 60 -1 70 -1 86 -1 60 -1 65 -1 65 -1 60 -1 65 -1 60 -1 70 -1 65 -1 60 -1 65 -1 65 -1 60 -1 60 -1 86 -1 60 -1 65 -1 65 -1 60 -1 65 -1 60 -1 81 -1 60 -1 70 -1 65 -1 60 -1 65 -1 75 -1 70 -1 60 -1 70 -1 60 -1 70 -1 65 -1 60 -1 -2
64 -1 70 -1 75 -1 60 -1 65 -1 65 -1 76 -1 65 -1 60 -1 65 -1 65 -1 65 -1 60 -1 65 -1 60 -1 65 -1 65 -1 75 -1 65 -1 60 -1 60 -1 65 -1 60 -1 65 -1 60 -1 60 -1 91 -1 65 -1 60 -1 65 -1 65 -1 60 -1 65 -1 60 -1 65 -1 60 -1 60 -1 65 -1 70 -1 65 -1 60 -1 65 -1 60 -1 65 -1 60 -1 60 -1 70 -1 60 -1 -2
65 -1 65 -1 65 -1 60 -1 60 -1 60 -1 60 -1 65 -1 60 -1 65 -1 60 -1 70 -1 65 -1 65 -1 65 -1 60 -1 70 -1 60 -1 60 -1 65 -1 60 -1 60 -1 65 -1 60 -1 65 -1 65 -1 60 -1 65 -1 60 -1 65 -1 60 -1 65 -1 65 -1 60 -1 60 -1 60 -1 60 -1 65 -1 65 -1 60 -1 76 -1 65 -1 81 -1 60 -1 60 -1 -2
60 -1 70 -1 60 -1 81 -1 65 -1 76 -1 65 -1 60 -1 65 -1 60 -1 65 -1 65 -1 65 -1 60 -1 60 -1 60 -1 60 -1 65 -1 60 -1 65 -1 60 -1 64 -1 65 -1 60 -1 65 -1 60 -1 65 -1 65 -1 65 -1 65 -1 60 -1 60 -1 65 -1 60 -1 60 -1 85 -1 70 -1 60 -1 65 -1 76 -1 65 -1 65 -1 -2
70 -1 60 -1 65 -1 60 -1 65 -1 60 -1 60 -1 60 -1 60 -1 60 -1 81 -1 92 -1 65 -1 60 -1 65 -1 60 -1 60 -1 70 -1 65 -1 65 -1 60 -1 60 -1 60 -1 65 -1 60 -1 60 -1 60 -1 65 -1 65 -1 65 -1 65 -1 65 -1 -2
60 -1 65 -1 60 -1 65 -1 65 -1 60 -1 60 -1 76 -1 60 -1 60 -1 65 -1 65 -1 65 -1 60 -1 60 -1 65 -1 65 -1 60 -1 60 -1 60 -1 65 -1 65 -1 60 -1 60 -1 70 -1 65 -1 60 -1 60 -1 60 -1 65 -1 65 -1 65 -1 60 -1 65 -1 -2
65 -1 65 -1 60 -1 65 -1 60 -1 65 -1 65 -1 70 -1 70 -1 60 -1 60 -1 65 -1 60 -1 65 -1 65 -1 60 -1 65 -1 65 -1 60 -1 65 -1 60 -1 60 -1 65 -1 70 -1 60 -1 60 -1 60 -1 97 -1 60 -1 76 -1 65 -1 60 -1 64 -1 65 -1 60 -1 65 -1 60 -1 60 -1 60 -1 65 -1 65 -1 60 -1 76 -1 60 -1 76 -1 65 -1 65 -1 60 -1 65 -1 60 -1 75 -1 -2
75 -1 60 -1 65 -1 65 -1 98 -1 65 -1 60 -1 102 -1 60 -1 60 -1 70 -1 65 -1 65 -1 65 -1 70 -1 112 -1 155 -1 70 -1 65 -1 60 -1 60 -1 60 -1 60 -1 65 -1 65 -1 60 -1 65 -1 65 -1 65 -1 87 -1 65 -1 76 -1 60 -1 -2
65 -1 65 -1 60 -1 65 -1 65 -1 60 -1 60 -1 65 -1 65 -1 65 -1 60 -1 65 -1 60 -1 60 -1 65 -1 60 -1 65 -1 70 -1 60 -1 65 -1 65 -1 60 -1 60 -1 65 -1 60 -1 65 -1 70 -1 60 -1 65 -1 60 -1 60 -1 65 -1 60 -1 65 -1 65 -1 65 -1 60 -1 60 -1 76 -1 76 -1 65 -1 60 -1 -2
60 -1 60 -1 65 -1 65 -1 65 -1 65 -1 60 -1 60 -1 65 -1 60 -1 65 -1 65 -1 60 -1 60 -1 65 -1 60 -1 60 -1 60 -1 76 -1 76 -1 65 -1 81 -1 60 -1 65 -1 60 -1 60 -1 70 -1 60 -1 60 -1 60 -1 65 -1 65 -1 65 -1 65 -1 70 -1 -2
65 -1 60 -1 60 -1 60 -1 70 -1 60 -1 70 -1 65 -1 65 -1 65 -1 60 -1 80 -1 65 -1 60 -1 65 -1 65 -1 60 -1 70 -1 60 -1 65 -1 60 -1 60 -1 60 -1 65 -1 60 -1 65 -1 76 -1 65 -1 60 -1 60 -1 65 -1 65 -1 60 -1 81 -1 60 -1 64 -1 60 -1 60 -1 76 -1 65 -1 60 -1 65 -1 65 -1 70 -1 60 -1 60 -1 60 -1 65 -1 60 -1 65 -1 60 -1 65 -1 -2
65 -1 60 -1 80 -1 65 -1 65 -1 60 -1 65 -1 65 -1 65 -1 60 -1 81 -1 65 -1 60 -1 60 -1 60 -1 65 -1 60 -1 65 -1 64 -1 65 -1 70 -1 60 -1 65 -1 60 -1 76 -1 60 -1 70 -1 65 -1 65 -1 60 -1 60 -1 97 -1 60 -1 60 -1 76 -1 60 -1 60 -1 60 -1 60 -1 65 -1 65 -1 60 -1 65 -1 60 -1 65 -1 -2
65 -1 60 -1 60 -1 65 -1 65 -1 65 -1 65 -1 60 -1 60 -1 60 -1 60 -1 60 -1 60 -1 60 -1 65 -1 65 -1 60 -1 76 -1 76 -1 60 -1 65 -1 60 -1 65 -1 60 -1 75 -1 65 -1 65 -1 60 -1 65 -1 60 -1 60 -1 65 -1 60 -1 65 -1 60 -1 65 -1 60 -1 60 -1 65 -1 65 -1 65 -1 60 -1 65 -1 60 -1 -2
60 -1 81 -1 65 -1 65 -1 60 -1 60 -1 76 -1 60 -1 92 -1 60 -1 70 -1 65 -1 60 -1 81 -1 60 -1 75 -1 65 -1 60 -1 80 -1 76 -1 65 -1 65 -1 60 -1 60 -1 60 -1 65 -1 60 -1 65 -1 75 -1 70 -1 60 -1 65 -1 65 -1 65 -1 60 -1 60 -1 65 -1 60 -1 65 -1 65 -1 60 -1 70 -1 60 -1 -2
65 -1 65 -1 65 -1 65 -1 60 -1 65 -1 81 -1 60 -1 60 -1 65 -1 60 -1 65 -1 60 -1 60 -1 70 -1 65 -1 65 -1 65 -1 76 -1 60 -1 60 -1 60 -1 81 -1 60 -1 65 -1 60 -1 70 -1 60 -1 70 -1 -2
60 -1 60 -1 65 -1 65 -1 60 -1 65 -1 65 -1 60 -1 60 -1 65 -1 60 -1 60 -1 60 -1 60 -1 65 -1 60 -1 65 -1 60 -1 60 -1 65 -1 65 -1 65 -1 60 -1 60 -1 60 -1 81 -1 -2
65 -1 65 -1 60 -1 60 -1 65 -1 70 -1 60 -1 65 -1 60 -1 64 -1 60 -1 65 -1 65 -1 60 -1 65 -1 65 -1 60 -1 70 -1 60 -1 65 -1 65 -1 60 -1 65 -1 60 -1 65 -1 60 -1 60 -1 65 -1 70 -1 65 -1 60 -1 65 -1 60 -1 60 -1 81 -1 60 -1 65 -1 65 -1 -2
60 -1 60 -1 60 -1 65 -1 60 -1 65 -1 60 -1 60 -1 87 -1 98 -1 65 -1 60 -1 60 -1 65 -1 60 -1 60 -1 65 -1 65 -1 70 -1 60 -1 60 -1 65 -1 60 -1 65 -1 65 -1 60 -1 65 -1 60 -1 60 -1 60 -1 65 -1 65 -1 60 -1 65 -1 65 -1 60 -1 81 -1 65 -1 60 -1 65 -1 65 -1 65 -1 60 -1 65 -1 60 -1 60 -1 70 -1 60 -1 60 -1 60 -1 70 -1 65 -1 81 -1 60 -1 65 -1 -2
70 -1 81 -1 65 -1 60 -1 117 -1 112 -1 65 -1 65 -1 65 -1 65 -1 60 -1 91 -1 65 -1 102 -1 70 -1 86 -1 65 -1 69 -1 60 -1 81 -1 76 -1 70 -1 65 -1 60 -1 65 -1 60 -1 65 -1 70 -1 70 -1 65 -1 -2
60 -1 65 -1 65 -1 65 -1 60 -1 60 -1 60 -1 96 -1 65 -1 87 -1 65 -1 65 -1 60 -1 64 -1 60 -1 65 -1 65 -1 60 -1 76 -1 60 -1 70 -1 60 -1 60 -1 65 -1 65 -1 60 -1 60 -1 65 -1 60 -1 70 -1 60 -1 70 -1 70 -1 65 -1 65 -1 65 -1 60 -1 -2
60 -1 60 -1 65 -1 60 -1 65 -1 60 -1 65 -1 65 -1 60 -1 81 -1 60 -1 60 -1 60 -1 65 -1 65 -1 65 -1 64 -1 64 -1 65 -1 65 -1 60 -1 60 -1 80 -1 70 -1 65 -1 65 -1 65 -1 65 -1 60 -1 60 -1 70 -1 60 -1 -2
65 -1 65 -1 60 -1 60 -1 65 -1 70 -1 60 -1 80 -1 70 -1 65 -1 65 -1 65 -1 65 -1 65 -1 60 -1 60 -1 60 -1 70 -1 70 -1 60 -1 65 -1 65 -1 65 -1 70 -1 60 -1 65 -1 60 -1 70 -1 60 -1 65 -1 60 -1 65 -1 70 -1 65 -1 -2
65 -1 64 -1 60 -1 70 -1 81 -1 65 -1 65 -1 60 -1 65 -1 65 -1 70 -1 65 -1 60 -1 60 -1 81 -1 60 -1 65 -1 65 -1 60 -1 60 -1 70 -1 70 -1 60 -1 60 -1 60 -1 65 -1 60 -1 65 -1 60 -1 60 -1 65 -1 65 -1 65 -1 65 -1 60 -1 76 -1 60 -1 65 -1 60 -1 70 -1 70 -1 60 -1 60 -1 60 -1 65 -1 65 -1 60 -1 65 -1 70 -1 65 -1 60 -1 60 -1 60 -1 60 -1 60 -1 -2
65 -1 65 -1 60 -1 65 -1 60 -1 60 -1 60 -1 65 -1 65 -1 60 -1 60 -1 65 -1 65 -1 60 -1 65 -1 65 -1 65 -1 60 -1 65 -1 60 -1 65 -1 60 -1 60 -1 60 -1 60 -1 65 -1 60 -1 65 -1 65 -1 60 -1 60 -1 -2
60 -1 65 -1 60 -1 65 -1 60 -1 76 -1 65 -1 65 -1 60 -1 60 -1 65 -1 60 -1 65 -1 60 -1 65 -1 65 -1 60 -1 60 -1 81 -1 86 -1 60 -1 60 -1 76 -1 70 -1 60 -1 60 -1 65 -1 65 -1 60 -1 60 -1 60 -1 65 -1 70 -1 60 -1 76 -1 65 -1 60 -1 65 -1 60 -1 60 -1 65 -1 65 -1 60 -1 75 -1 65 -1 60 -1 65 -1 60 -1 65 -1 65 -1 60 -1 70 -1 65 -1 65 -1 -2
76 -1 60 -1 65 -1 60 -1 65 -1 60 -1 65 -1 60 -1 80 -1 60 -1 60 -1 92 -1 65 -1 60 -1 65 -1 60 -1 70 -1 60 -1 60 -1 65 -1 65 -1 60 -1 60 -1 60 -1 75 -1 60 -1 65 -1 87 -1 65 -1 60 -1 65 -1 65 -1 60 -1 70 -1 65 -1 60 -1 -2
90 -1 65 -1 65 -1 75 -1 76 -1 65 -1 65 -1 65 -1 65 -1 60 -1 70 -1 60 -1 76 -1 60 -1 60 -1 86 -1 65 -1 70 -1 65 -1 60 -1 65 -1 60 -1 65 -1 60 -1 65 -1 60 -1 75 -1 70 -1 60 -1 70 -1 86 -1 60 -1 65 -1 70 -1 60 -1 65 -1 60 -1 70 -1 -2
65 -1 65 -1 60 -1 65 -1 60 -1 65 -1 60 -1 81 -1 70 -1 65 -1 60 -1 60 -1 60 -1 60 -1 76 -1 65 -1 60 -1 65 -1 60 -1 65 -1 60 -1 60 -1 65 -1 70 -1 65 -1 60 -1 65 -1 60 -1 76 -1 81 -1 65 -1 -2
70 -1 65 -1 60 -1 60 -1 65 -1 65 -1 60 -1 81 -1 60 -1 60 -1 60 -1 65 -1 60 -1 60 -1 65 -1 65 -1 60 -1 60 -1 76 -1 65 -1 65 -1 60 -1 65 -1 65 -1 60 -1 60 -1 70 -1 76 -1 65 -1 60 -1 60 -1 65 -1 60 -1 60 -1 70 -1 60 -1 65 -1 -2
60 -1 65 -1 60 -1 70 -1 60 -1 70 -1 60 -1 60 -1 60 -1 76 -1 60 -1 65 -1 65 -1 60 -1 60 -1 70 -1 60 -1 76 -1 60 -1 65 -1 60 -1 60 -1 76 -1 60 -1 60 -1 65 -1 76 -1 65 -1 60 -1 65 -1 60 -1 70 -1 60 -1 60 -1 65 -1 70 -1 60 -1 65 -1 70 -1 65 -1 65 -1 60 -1 60 -1 60 -1 65 -1 60 -1 60 -1 60 -1 75 -1 65 -1 65 -1 -2
70 -1 65 -1 60 -1 65 -1 65 -1 65 -1 60 -1 60 -1 60 -1 60 -1 60 -1 60 -1 60 -1 -2
60 -1 60 -1 65 -1 60 -1 60 -1 65 -1 60 -1 65 -1 65 -1 60 -1 65 -1 60 -1 60 -1 65 -1 60 -1 65 -1 60 -1 65 -1 65 -1 60 -1 60 -1 65 -1 65 -1 60 -1 60 -1 65 -1 65 -1 60 -1 60 -1 70 -1 65 -1 65 -1 60 -1 60 -1 65 -1 65 -1 65 -1 60 -1 65 -1 60 -1 65 -1 60 -1 60 -1 65 -1 60 -1 65 -1 -2
65 -1 60 -1 65 -1 70 -1 60 -1 60 -1 65 -1 60 -1 65 -1 60 -1 86 -1 65 -1 60 -1 65 -1 60 -1 70 -1 60 -1 64 -1 60 -1 65 -1 65 -1 65 -1 70 -1 65 -1 76 -1 60 -1 65 -1 60 -1 70 -1 65 -1 60 -1 60 -1 81 -1 60 -1 70 -1 65 -1 60 -1 60 -1 65 -1 60 -1 86 -1 65 -1 60 -1 76 -1 60 -1 64 -1 65 -1 60 -1 65 -1 60 -1 96 -1 65 -1 -2
60 -1 70 -1 65 -1 65 -1 60 -1 76 -1 76 -1 65 -1 60 -1 65 -1 60 -1 80 -1 70 -1 76 -1 65 -1 65 -1 65 -1 60 -1 65 -1 60 -1 64 -1 65 -1 64 -1 60 -1 60 -1 65 -1 60 -1 70 -1 65 -1 65 -1 60 -1 65 -1 65 -1 65 -1 65 -1 60 -1 65 -1 60 -1 60 -1 86 -1 65 -1 65 -1 65 -1 60 -1 60 -1 75 -1 60 -1 60 -1 -2
60 -1 70 -1 60 -1 60 -1 65 -1 60 -1 86 -1 65 -1 98 -1 60 -1 65 -1 60 -1 75 -1 60 -1 65 -1 65 -1 60 -1 60 -1 65 -1 60 -1 60 -1 70 -1 65 -1 60 -1 60 -1 65 -1 65 -1 65 -1 65 -1 60 -1 70 -1 65 -1 60 -1 65 -1 65 -1 65 -1 60 -1 60 -1 64 -1 70 -1 75 -1 65 -1 60 -1 92 -1 60 -1 65 -1 -2
76 -1 60 -1 70 -1 60 -1 60 -1 60 -1 70 -1 65 -1 65 -1 65 -1 65 -1 60 -1 60 -1 65 -1 65 -1 64 -1 69 -1 60 -1 60 -1 103 -1 65 -1 60 -1 64 -1 65 -1 60 -1 76 -1 65 -1 65 -1 60 -1 70 -1 65 -1 60 -1 81 -1 60 -1 60 -1 70 -1 65 -1 65 -1 65 -1 60 -1 65 -1 -2
65 -1 60 -1 80 -1 76 -1 65 -1 70 -1 65 -1 65 -1 60 -1 70 -1 96 -1 81 -1 60 -1 65 -1 60 -1 76 -1 60 -1 65 -1 60 -1 81 -1 60 -1 60 -1 60 -1 65 -1 60 -1 65 -1 60 -1 65 -1 60 -1 65 -1 70 -1 65 -1 65 -1 60 -1 65 -1 60 -1 65 -1 60 -1 65 -1 60 -1 81 -1 60 -1 76 -1 60 -1 60 -1 65 -1 60 -1 60 -1 65 -1 70 -1 -2
65 -1 65 -1 60 -1 64 -1 65 -1 65 -1 86 -1 60 -1 76 -1 60 -1 60 -1 65 -1 60 -1 86 -1 70 -1 65 -1 60 -1 70 -1 60 -1 65 -1 65 -1 60 -1 81 -1 60 -1 60 -1 65 -1 60 -1 60 -1 81 -1 60 -1 65 -1 60 -1 70 -1 65 -1 65 -1 65 -1 65 -1 60 -1 65 -1 65 -1 76 -1 70 -1 60 -1 70 -1 65 -1 60 -1 60 -1 60 -1 60 -1 60 -1 70 -1 65 -1 60 -1 81 -1 60 -1 65 -1 -2
60 -1 60 -1 60 -1 65 -1 65 -1 65 -1 60 -1 65 -1 60 -1 65 -1 60 -1 60 -1 65 -1 65 -1 65 -1 65 -1 60 -1 60 -1 60 -1 65 -1 65 -1 65 -1 60 -1 60 -1 65 -1 60 -1 60 -1 60 -1 65 -1 65 -1 60 -1 60 -1 65 -1 65 -1 60 -1 75 -1 65 -1 65 -1 -2
