62 -1 60 -1 157 -1 170 -1 60 -1 60 -1 60 -1 60 -1 60 -1 60 -1 60 -1 60 -1 60 -1 60 -1 60 -1 60 -1 60 -1 60 -1 60 -1 66 -1 66 -1 66 -1 66 -1 66 -1 66 -1 66 -1 66 -1 66 -1 60 -1 60 -1 60 -1 60 -1 60 -1 60 -1 60 -1 60 -1 60 -1 60 -1 60 -1 60 -1 60 -1 60 -1 60 -1 60 -1 60 -1 60 -1 60 -1 60 -1 66 -1 66 -1 66 -1 66 -1 66 -1 66 -1 66 -1 66 -1 66 -1 66 -1 66 -1 60 -1 -2
62 -1 60 -1 140 -1 140 -1 60 -1 60 -1 60 -1 60 -1 60 -1 60 -1 60 -1 60 -1 60 -1 60 -1 60 -1 60 -1 122 -1 60 -1 60 -1 60 -1 60 -1 -2
62 -1 60 -1 156 -1 215 -1 143 -1 60 -1 -2
60 -1 60 -1 141 -1 60 -1 60 -1 148 -1 60 -1 60 -1 60 -1 -2
60 -1 60 -1 135 -1 60 -1 60 -1 158 -1 60 -1 158 -1 60 -1 60 -1 135 -1 60 -1 60 -1 60 -1 158 -1 60 -1 60 -1 60 -1 158 -1 60 -1 60 -1 60 -1 158 -1 60 -1 60 -1 158 -1 60 -1 60 -1 135 -1 60 -1 60 -1 158 -1 60 -1 158 -1 60 -1 60 -1 158 -1 60 -1 60 -1 158 -1 60 -1 60 -1 158 -1 60 -1 60 -1 60 -1 158 -1 60 -1 60 -1 158 -1 60 -1 60 -1 60 -1 135 -1 60 -1 60 -1 60 -1 155 -1 60 -1 60 -1 158 -1 60 -1 60 -1 60 -1 158 -1 60 -1 60 -1 60 -1 135 -1 60 -1 -2
62 -1 60 -1 159 -1 60 -1 60 -1 60 -1 60 -1 60 -1 60 -1 60 -1 139 -1 60 -1 60 -1 60 -1 60 -1 60 -1 138 -1 60 -1 60 -1 60 -1 60 -1 60 -1 60 -1 138 -1 60 -1 60 -1 60 -1 60 -1 60 -1 60 -1 60 -1 138 -1 60 -1 60 -1 60 -1 60 -1 60 -1 138 -1 60 -1 60 -1 60 -1 60 -1 60 -1 60 -1 60 -1 135 -1 60 -1 60 -1 60 -1 158 -1 60 -1 158 -1 60 -1 158 -1 60 -1 60 -1 158 -1 60 -1 60 -1 158 -1 60 -1 60 -1 60 -1 135 -1 60 -1 60 -1 60 -1 155 -1 60 -1 60 -1 135 -1 -2
60 -1 60 -1 60 -1 60 -1 60 -1 60 -1 60 -1 60 -1 60 -1 60 -1 60 -1 60 -1 60 -1 60 -1 60 -1 60 -1 60 -1 60 -1 60 -1 60 -1 60 -1 60 -1 60 -1 60 -1 60 -1 60 -1 60 -1 60 -1 60 -1 60 -1 60 -1 60 -1 60 -1 60 -1 60 -1 60 -1 60 -1 60 -1 60 -1 60 -1 60 -1 60 -1 60 -1 60 -1 60 -1 60 -1 60 -1 60 -1 60 -1 60 -1 60 -1 60 -1 60 -1 60 -1 60 -1 60 -1 60 -1 60 -1 60 -1 60 -1 60 -1 60 -1 60 -1 60 -1 60 -1 60 -1 60 -1 60 -1 60 -1 60 -1 60 -1 60 -1 60 -1 60 -1 60 -1 60 -1 60 -1 60 -1 60 -1 60 -1 60 -1 60 -1 60 -1 60 -1 60 -1 60 -1 60 -1 60 -1 60 -1 60 -1 60 -1 60 -1 60 -1 60 -1 60 -1 60 -1 60 -1 60 -1 60 -1 60 -1 60 -1 60 -1 60 -1 60 -1 60 -1 60 -1 60 -1 60 -1 60 -1 60 -1 60 -1 60 -1 60 -1 60 -1 117 -1 60 -1 60 -1 60 -1 60 -1 60 -1 60 -1 60 -1 60 -1 60 -1 60 -1 60 -1 60 -1 60 -1 60 -1 60 -1 60 -1 60 -1 60 -1 60 -1 60 -1 60 -1 60 -1 60 -1 60 -1 60 -1 60 -1 60 -1 60 -1 60 -1 60 -1 60 -1 60 -1 60 -1 60 -1 60 -1 60 -1 60 -1 60 -1 60 -1 60 -1 60 -1 60 -1 60 -1 60 -1 60 -1 60 -1 60 -1 60 -1 60 -1 60 -1 60 -1 60 -1 60 -1 60 -1 60 -1 60 -1 60 -1 60 -1 60 -1 60 -1 60 -1 60 -1 60 -1 60 -1 60 -1 60 -1 60 -1 60 -1 60 -1 60 -1 60 -1 60 -1 60 -1 60 -1 60 -1 60 -1 60 -1 60 -1 60 -1 60 -1 60 -1 60 -1 60 -1 60 -1 60 -1 60 -1 60 -1 60 -1 60 -1 60 -1 -2
62 -1 60 -1 117 -1 60 -1 60 -1 60 -1 60 -1 60 -1 60 -1 60 -1 60 -1 60 -1 60 -1 60 -1 60 -1 60 -1 60 -1 60 -1 60 -1 60 -1 60 -1 60 -1 60 -1 60 -1 60 -1 60 -1 60 -1 60 -1 60 -1 60 -1 60 -1 60 -1 60 -1 60 -1 60 -1 60 -1 60 -1 60 -1 60 -1 60 -1 60 -1 60 -1 60 -1 60 -1 60 -1 60 -1 60 -1 60 -1 60 -1 60 -1 93 -1 60 -1 60 -1 60 -1 60 -1 60 -1 60 -1 60 -1 60 -1 60 -1 60 -1 60 -1 60 -1 60 -1 60 -1 60 -1 60 -1 60 -1 60 -1 60 -1 60 -1 60 -1 60 -1 60 -1 60 -1 60 -1 60 -1 60 -1 60 -1 60 -1 60 -1 60 -1 60 -1 60 -1 60 -1 60 -1 60 -1 60 -1 60 -1 60 -1 60 -1 60 -1 60 -1 60 -1 60 -1 60 -1 117 -1 60 -1 60 -1 60 -1 60 -1 60 -1 60 -1 60 -1 60 -1 60 -1 60 -1 60 -1 60 -1 60 -1 60 -1 60 -1 60 -1 60 -1 60 -1 60 -1 60 -1 60 -1 60 -1 60 -1 60 -1 60 -1 60 -1 60 -1 60 -1 60 -1 60 -1 60 -1 60 -1 60 -1 60 -1 60 -1 60 -1 60 -1 60 -1 60 -1 60 -1 60 -1 60 -1 60 -1 60 -1 60 -1 60 -1 60 -1 60 -1 60 -1 60 -1 60 -1 60 -1 60 -1 60 -1 60 -1 60 -1 60 -1 60 -1 60 -1 60 -1 60 -1 60 -1 60 -1 60 -1 60 -1 60 -1 60 -1 60 -1 60 -1 60 -1 60 -1 60 -1 60 -1 60 -1 60 -1 60 -1 60 -1 60 -1 60 -1 60 -1 60 -1 60 -1 60 -1 60 -1 60 -1 60 -1 60 -1 60 -1 60 -1 60 -1 -2
60 -1 60 -1 60 -1 60 -1 140 -1 60 -1 60 -1 60 -1 60 -1 60 -1 60 -1 60 -1 60 -1 60 -1 -2
62 -1 60 -1 168 -1 60 -1 60 -1 60 -1 60 -1 60 -1 60 -1 60 -1 60 -1 60 -1 60 -1 60 -1 60 -1 60 -1 60 -1 60 -1 128 -1 60 -1 60 -1 60 -1 60 -1 60 -1 132 -1 60 -1 130 -1 60 -1 60 -1 60 -1 130 -1 60 -1 129 -1 60 -1 60 -1 60 -1 130 -1 60 -1 60 -1 60 -1 129 -1 60 -1 60 -1 130 -1 60 -1 60 -1 60 -1 130 -1 60 -1 60 -1 60 -1 129 -1 60 -1 60 -1 60 -1 131 -1 60 -1 60 -1 127 -1 60 -1 133 -1 60 -1 125 -1 60 -1 129 -1 60 -1 130 -1 60 -1 133 -1 60 -1 131 -1 60 -1 117 -1 60 -1 140 -1 60 -1 60 -1 60 -1 60 -1 60 -1 60 -1 60 -1 140 -1 60 -1 60 -1 60 -1 60 -1 60 -1 140 -1 -2
62 -1 60 -1 125 -1 60 -1 129 -1 60 -1 127 -1 60 -1 127 -1 60 -1 126 -1 60 -1 127 -1 60 -1 126 -1 60 -1 127 -1 60 -1 127 -1 60 -1 126 -1 60 -1 128 -1 60 -1 124 -1 60 -1 130 -1 60 -1 122 -1 60 -1 126 -1 60 -1 127 -1 60 -1 130 -1 60 -1 128 -1 60 -1 114 -1 60 -1 137 -1 60 -1 137 -1 60 -1 137 -1 60 -1 137 -1 60 -1 -2
62 -1 60 -1 146 -1 60 -1 60 -1 60 -1 -2
62 -1 60 -1 119 -1 60 -1 119 -1 60 -1 60 -1 -2
62 -1 60 -1 150 -1 60 -1 60 -1 60 -1 60 -1 60 -1 60 -1 60 -1 60 -1 60 -1 60 -1 60 -1 60 -1 60 -1 60 -1 128 -1 60 -1 60 -1 60 -1 60 -1 60 -1 132 -1 60 -1 126 -1 60 -1 60 -1 60 -1 60 -1 60 -1 60 -1 60 -1 60 -1 60 -1 60 -1 60 -1 60 -1 60 -1 141 -1 60 -1 60 -1 60 -1 60 -1 124 -1 60 -1 124 -1 60 -1 60 -1 129 -1 60 -1 60 -1 60 -1 60 -1 60 -1 131 -1 60 -1 130 -1 60 -1 128 -1 60 -1 126 -1 60 -1 130 -1 60 -1 -2
60 -1 128 -1 60 -1 133 -1 60 -1 135 -1 60 -1 140 -1 60 -1 60 -1 60 -1 60 -1 60 -1 60 -1 60 -1 140 -1 60 -1 60 -1 60 -1 60 -1 60 -1 140 -1 60 -1 60 -1 60 -1 60 -1 60 -1 60 -1 140 -1 60 -1 60 -1 60 -1 60 -1 60 -1 60 -1 60 -1 60 -1 60 -1 -2
60 -1 137 -1 60 -1 137 -1 60 -1 60 -1 119 -1 60 -1 -2
62 -1 60 -1 156 -1 236 -1 158 -1 60 -1 148 -1 60 -1 60 -1 60 -1 60 -1 60 -1 149 -1 156 -1 151 -1 60 -1 60 -1 156 -1 156 -1 151 -1 60 -1 60 -1 60 -1 -2
163 -1 60 -1 163 -1 60 -1 163 -1 60 -1 163 -1 163 -1 60 -1 163 -1 60 -1 163 -1 60 -1 163 -1 60 -1 163 -1 60 -1 163 -1 60 -1 163 -1 60 -1 163 -1 60 -1 -2
163 -1 60 -1 163 -1 60 -1 163 -1 60 -1 163 -1 60 -1 163 -1 60 -1 163 -1 60 -1 163 -1 60 -1 163 -1 60 -1 163 -1 60 -1 163 -1 60 -1 -2
60 -1 163 -1 60 -1 163 -1 60 -1 -2
60 -1 163 -1 163 -1 60 -1 162 -1 60 -1 -2
60 -1 163 -1 60 -1 163 -1 60 -1 163 -1 60 -1 163 -1 60 -1 163 -1 60 -1 163 -1 60 -1 163 -1 60 -1 163 -1 60 -1 163 -1 60 -1 163 -1 60 -1 163 -1 163 -1 60 -1 163 -1 60 -1 163 -1 -2
62 -1 60 -1 156 -1 60 -1 60 -1 60 -1 60 -1 60 -1 60 -1 60 -1 60 -1 60 -1 60 -1 60 -1 60 -1 60 -1 60 -1 60 -1 60 -1 60 -1 66 -1 66 -1 66 -1 66 -1 66 -1 66 -1 66 -1 60 -1 60 -1 60 -1 60 -1 60 -1 162 -1 60 -1 166 -1 60 -1 166 -1 60 -1 166 -1 60 -1 -2
60 -1 163 -1 60 -1 163 -1 60 -1 163 -1 60 -1 163 -1 60 -1 -2
60 -1 163 -1 60 -1 163 -1 60 -1 163 -1 60 -1 163 -1 60 -1 163 -1 60 -1 163 -1 -2
60 -1 60 -1 60 -1 60 -1 131 -1 60 -1 130 -1 60 -1 128 -1 60 -1 126 -1 60 -1 130 -1 60 -1 126 -1 60 -1 128 -1 60 -1 133 -1 60 -1 135 -1 60 -1 140 -1 60 -1 60 -1 60 -1 60 -1 60 -1 60 -1 60 -1 140 -1 60 -1 60 -1 60 -1 60 -1 60 -1 140 -1 60 -1 60 -1 60 -1 60 -1 60 -1 140 -1 60 -1 60 -1 60 -1 60 -1 60 -1 60 -1 60 -1 60 -1 60 -1 60 -1 -2
62 -1 60 -1 122 -1 60 -1 60 -1 60 -1 60 -1 60 -1 60 -1 60 -1 60 -1 60 -1 60 -1 60 -1 60 -1 60 -1 60 -1 60 -1 60 -1 60 -1 60 -1 60 -1 128 -1 60 -1 60 -1 60 -1 60 -1 60 -1 60 -1 132 -1 60 -1 120 -1 60 -1 60 -1 60 -1 60 -1 60 -1 129 -1 60 -1 60 -1 60 -1 60 -1 60 -1 60 -1 60 -1 125 -1 60 -1 128 -1 60 -1 60 -1 128 -1 60 -1 60 -1 60 -1 60 -1 60 -1 128 -1 60 -1 60 -1 129 -1 60 -1 60 -1 60 -1 60 -1 128 -1 60 -1 60 -1 60 -1 60 -1 60 -1 129 -1 -2
60 -1 60 -1 60 -1 60 -1 60 -1 60 -1 60 -1 60 -1 60 -1 60 -1 60 -1 60 -1 60 -1 60 -1 60 -1 60 -1 60 -1 60 -1 60 -1 -2
62 -1 60 -1 173 -1 60 -1 60 -1 60 -1 60 -1 60 -1 150 -1 60 -1 150 -1 60 -1 150 -1 60 -1 141 -1 60 -1 60 -1 60 -1 60 -1 60 -1 60 -1 60 -1 60 -1 60 -1 60 -1 60 -1 60 -1 60 -1 60 -1 60 -1 60 -1 60 -1 60 -1 60 -1 60 -1 60 -1 60 -1 164 -1 60 -1 186 -1 60 -1 186 -1 60 -1 60 -1 153 -1 60 -1 190 -1 60 -1 60 -1 60 -1 60 -1 60 -1 60 -1 60 -1 60 -1 60 -1 60 -1 60 -1 60 -1 60 -1 60 -1 60 -1 60 -1 60 -1 60 -1 60 -1 60 -1 60 -1 164 -1 60 -1 186 -1 60 -1 186 -1 60 -1 60 -1 143 -1 60 -1 60 -1 60 -1 60 -1 60 -1 60 -1 60 -1 60 -1 60 -1 60 -1 60 -1 60 -1 60 -1 146 -1 60 -1 60 -1 60 -1 158 -1 60 -1 60 -1 60 -1 147 -1 60 -1 60 -1 60 -1 60 -1 60 -1 60 -1 60 -1 60 -1 60 -1 60 -1 60 -1 60 -1 60 -1 60 -1 60 -1 60 -1 60 -1 156 -1 -2
60 -1 60 -1 60 -1 60 -1 60 -1 60 -1 60 -1 145 -1 60 -1 60 -1 60 -1 60 -1 60 -1 60 -1 60 -1 -2
127 -1 60 -1 123 -1 60 -1 125 -1 60 -1 130 -1 60 -1 132 -1 60 -1 137 -1 60 -1 137 -1 60 -1 137 -1 60 -1 137 -1 60 -1 60 -1 -2
62 -1 60 -1 125 -1 60 -1 129 -1 129 -1 60 -1 117 -1 60 -1 126 -1 60 -1 122 -1 60 -1 125 -1 60 -1 125 -1 60 -1 125 -1 60 -1 126 -1 60 -1 125 -1 60 -1 126 -1 60 -1 128 -1 60 -1 127 -1 60 -1 125 -1 60 -1 123 -1 -2
62 -1 60 -1 140 -1 60 -1 60 -1 60 -1 60 -1 60 -1 60 -1 60 -1 60 -1 60 -1 60 -1 60 -1 60 -1 60 -1 60 -1 60 -1 60 -1 60 -1 116 -1 60 -1 60 -1 60 -1 60 -1 60 -1 60 -1 60 -1 60 -1 60 -1 60 -1 60 -1 60 -1 60 -1 60 -1 60 -1 139 -1 60 -1 60 -1 60 -1 60 -1 125 -1 60 -1 60 -1 60 -1 180 -1 66 -1 66 -1 66 -1 60 -1 180 -1 60 -1 60 -1 60 -1 116 -1 60 -1 60 -1 60 -1 60 -1 60 -1 60 -1 60 -1 60 -1 60 -1 60 -1 60 -1 60 -1 60 -1 60 -1 60 -1 60 -1 60 -1 116 -1 60 -1 60 -1 60 -1 60 -1 60 -1 60 -1 60 -1 60 -1 60 -1 60 -1 60 -1 60 -1 60 -1 60 -1 60 -1 60 -1 60 -1 60 -1 -2
62 -1 60 -1 169 -1 60 -1 60 -1 169 -1 60 -1 169 -1 60 -1 -2
62 -1 60 -1 161 -1 60 -1 60 -1 60 -1 60 -1 60 -1 -2
62 -1 60 -1 145 -1 60 -1 60 -1 60 -1 60 -1 60 -1 -2
62 -1 60 -1 143 -1 60 -1 60 -1 -2
62 -1 60 -1 263 -1 60 -1 60 -1 -2
62 -1 60 -1 134 -1 60 -1 60 -1 -2
62 -1 60 -1 165 -1 60 -1 60 -1 60 -1 60 -1 60 -1 60 -1 60 -1 60 -1 60 -1 60 -1 60 -1 60 -1 60 -1 60 -1 60 -1 60 -1 60 -1 60 -1 60 -1 60 -1 60 -1 60 -1 60 -1 60 -1 60 -1 60 -1 60 -1 60 -1 60 -1 60 -1 60 -1 60 -1 60 -1 60 -1 60 -1 60 -1 60 -1 60 -1 60 -1 66 -1 66 -1 66 -1 60 -1 136 -1 60 -1 60 -1 60 -1 60 -1 60 -1 60 -1 60 -1 60 -1 60 -1 60 -1 60 -1 60 -1 60 -1 60 -1 60 -1 60 -1 60 -1 60 -1 60 -1 60 -1 60 -1 60 -1 60 -1 60 -1 60 -1 60 -1 135 -1 60 -1 60 -1 60 -1 60 -1 60 -1 60 -1 60 -1 60 -1 60 -1 60 -1 144 -1 60 -1 60 -1 60 -1 60 -1 60 -1 60 -1 60 -1 60 -1 60 -1 139 -1 60 -1 60 -1 60 -1 60 -1 60 -1 60 -1 60 -1 60 -1 60 -1 60 -1 147 -1 60 -1 60 -1 157 -1 -2
60 -1 60 -1 60 -1 60 -1 60 -1 60 -1 60 -1 60 -1 60 -1 66 -1 66 -1 66 -1 66 -1 66 -1 66 -1 66 -1 66 -1 60 -1 60 -1 60 -1 60 -1 151 -1 60 -1 60 -1 60 -1 60 -1 60 -1 60 -1 60 -1 60 -1 60 -1 60 -1 60 -1 60 -1 60 -1 60 -1 -2
66 -1 66 -1 66 -1 74 -1 74 -1 66 -1 66 -1 66 -1 66 -1 60 -1 60 -1 60 -1 60 -1 60 -1 60 -1 60 -1 60 -1 60 -1 60 -1 60 -1 60 -1 60 -1 60 -1 60 -1 60 -1 60 -1 60 -1 60 -1 60 -1 60 -1 60 -1 60 -1 60 -1 60 -1 60 -1 60 -1 60 -1 60 -1 60 -1 60 -1 60 -1 60 -1 60 -1 60 -1 60 -1 60 -1 60 -1 60 -1 60 -1 60 -1 60 -1 60 -1 60 -1 60 -1 60 -1 60 -1 60 -1 130 -1 60 -1 60 -1 60 -1 60 -1 131 -1 60 -1 60 -1 60 -1 60 -1 60 -1 60 -1 60 -1 60 -1 60 -1 60 -1 131 -1 60 -1 60 -1 60 -1 131 -1 60 -1 131 -1 60 -1 60 -1 60 -1 60 -1 131 -1 60 -1 60 -1 60 -1 60 -1 60 -1 131 -1 60 -1 60 -1 60 -1 60 -1 60 -1 60 -1 60 -1 131 -1 60 -1 60 -1 60 -1 -2
131 -1 60 -1 60 -1 60 -1 60 -1 60 -1 131 -1 60 -1 60 -1 130 -1 60 -1 60 -1 60 -1 131 -1 60 -1 60 -1 60 -1 131 -1 60 -1 129 -1 60 -1 131 -1 60 -1 60 -1 60 -1 131 -1 60 -1 60 -1 60 -1 129 -1 60 -1 131 -1 60 -1 66 -1 66 -1 66 -1 60 -1 60 -1 131 -1 60 -1 60 -1 131 -1 60 -1 60 -1 60 -1 60 -1 60 -1 60 -1 60 -1 131 -1 60 -1 60 -1 -2
62 -1 62 -1 60 -1 155 -1 60 -1 60 -1 60 -1 131 -1 60 -1 60 -1 60 -1 131 -1 60 -1 60 -1 60 -1 131 -1 60 -1 60 -1 60 -1 131 -1 60 -1 60 -1 60 -1 60 -1 60 -1 60 -1 60 -1 60 -1 60 -1 60 -1 60 -1 60 -1 60 -1 60 -1 60 -1 60 -1 60 -1 60 -1 60 -1 60 -1 60 -1 60 -1 66 -1 66 -1 66 -1 66 -1 66 -1 66 -1 66 -1 60 -1 60 -1 60 -1 66 -1 66 -1 66 -1 66 -1 66 -1 60 -1 60 -1 60 -1 60 -1 60 -1 60 -1 60 -1 60 -1 60 -1 60 -1 60 -1 60 -1 60 -1 60 -1 60 -1 131 -1 60 -1 60 -1 60 -1 60 -1 60 -1 131 -1 60 -1 131 -1 60 -1 60 -1 60 -1 131 -1 60 -1 60 -1 -2
60 -1 60 -1 60 -1 60 -1 60 -1 60 -1 60 -1 60 -1 60 -1 60 -1 60 -1 60 -1 60 -1 60 -1 60 -1 60 -1 60 -1 60 -1 60 -1 60 -1 60 -1 60 -1 60 -1 60 -1 60 -1 60 -1 60 -1 60 -1 60 -1 60 -1 60 -1 60 -1 60 -1 60 -1 60 -1 66 -1 66 -1 66 -1 66 -1 66 -1 60 -1 66 -1 66 -1 60 -1 60 -1 60 -1 60 -1 60 -1 60 -1 60 -1 60 -1 60 -1 60 -1 60 -1 60 -1 60 -1 60 -1 60 -1 60 -1 60 -1 60 -1 60 -1 60 -1 60 -1 60 -1 60 -1 60 -1 60 -1 60 -1 60 -1 60 -1 60 -1 60 -1 60 -1 60 -1 60 -1 60 -1 60 -1 60 -1 60 -1 60 -1 60 -1 60 -1 60 -1 60 -1 60 -1 60 -1 60 -1 60 -1 66 -1 66 -1 66 -1 66 -1 66 -1 66 -1 66 -1 60 -1 60 -1 60 -1 60 -1 60 -1 60 -1 60 -1 60 -1 60 -1 60 -1 60 -1 60 -1 60 -1 60 -1 60 -1 60 -1 60 -1 60 -1 60 -1 60 -1 60 -1 60 -1 -2
130 -1 60 -1 60 -1 60 -1 60 -1 60 -1 60 -1 60 -1 60 -1 60 -1 60 -1 60 -1 60 -1 60 -1 60 -1 131 -1 60 -1 60 -1 60 -1 130 -1 60 -1 60 -1 131 -1 60 -1 60 -1 60 -1 60 -1 60 -1 131 -1 60 -1 60 -1 60 -1 60 -1 60 -1 60 -1 60 -1 129 -1 60 -1 60 -1 130 -1 60 -1 60 -1 131 -1 60 -1 60 -1 60 -1 60 -1 60 -1 60 -1 60 -1 60 -1 60 -1 60 -1 60 -1 60 -1 60 -1 60 -1 60 -1 60 -1 60 -1 60 -1 60 -1 131 -1 60 -1 60 -1 60 -1 60 -1 -2
60 -1 60 -1 60 -1 60 -1 60 -1 60 -1 60 -1 60 -1 60 -1 60 -1 60 -1 60 -1 60 -1 60 -1 60 -1 60 -1 131 -1 60 -1 60 -1 60 -1 60 -1 131 -1 60 -1 60 -1 60 -1 60 -1 60 -1 60 -1 66 -1 66 -1 66 -1 66 -1 66 -1 66 -1 66 -1 60 -1 60 -1 60 -1 60 -1 60 -1 60 -1 60 -1 60 -1 60 -1 60 -1 60 -1 60 -1 60 -1 60 -1 60 -1 60 -1 60 -1 60 -1 60 -1 60 -1 60 -1 60 -1 60 -1 60 -1 60 -1 60 -1 60 -1 66 -1 66 -1 66 -1 66 -1 66 -1 66 -1 60 -1 60 -1 60 -1 60 -1 60 -1 60 -1 60 -1 60 -1 60 -1 60 -1 60 -1 60 -1 60 -1 60 -1 60 -1 60 -1 60 -1 60 -1 60 -1 60 -1 60 -1 60 -1 60 -1 60 -1 60 -1 60 -1 60 -1 60 -1 60 -1 60 -1 60 -1 60 -1 60 -1 60 -1 60 -1 60 -1 66 -1 66 -1 66 -1 66 -1 66 -1 66 -1 66 -1 66 -1 60 -1 60 -1 60 -1 60 -1 60 -1 60 -1 60 -1 60 -1 60 -1 60 -1 60 -1 60 -1 66 -1 74 -1 74 -1 66 -1 66 -1 60 -1 60 -1 60 -1 -2
74 -1 74 -1 66 -1 60 -1 60 -1 60 -1 60 -1 60 -1 60 -1 60 -1 60 -1 60 -1 60 -1 131 -1 60 -1 60 -1 60 -1 60 -1 60 -1 60 -1 60 -1 131 -1 60 -1 60 -1 131 -1 60 -1 60 -1 60 -1 131 -1 60 -1 60 -1 60 -1 60 -1 60 -1 131 -1 60 -1 60 -1 60 -1 60 -1 60 -1 60 -1 60 -1 60 -1 60 -1 60 -1 60 -1 60 -1 60 -1 60 -1 60 -1 60 -1 60 -1 60 -1 60 -1 60 -1 131 -1 60 -1 60 -1 60 -1 60 -1 60 -1 60 -1 60 -1 131 -1 60 -1 60 -1 60 -1 131 -1 60 -1 60 -1 60 -1 60 -1 60 -1 60 -1 60 -1 60 -1 60 -1 60 -1 60 -1 60 -1 60 -1 60 -1 60 -1 -2
60 -1 60 -1 216 -1 60 -1 60 -1 60 -1 60 -1 60 -1 60 -1 60 -1 216 -1 60 -1 60 -1 60 -1 60 -1 -2
62 -1 62 -1 60 -1 146 -1 60 -1 60 -1 60 -1 60 -1 60 -1 60 -1 110 -1 119 -1 60 -1 66 -1 66 -1 66 -1 66 -1 66 -1 60 -1 60 -1 60 -1 60 -1 60 -1 60 -1 60 -1 60 -1 60 -1 60 -1 60 -1 60 -1 -2
62 -1 60 -1 163 -1 60 -1 60 -1 60 -1 60 -1 60 -1 171 -1 60 -1 60 -1 60 -1 -2
62 -1 60 -1 203 -1 60 -1 179 -1 60 -1 180 -1 60 -1 -2
62 -1 60 -1 150 -1 60 -1 60 -1 60 -1 60 -1 60 -1 66 -1 66 -1 66 -1 60 -1 60 -1 -2
62 -1 60 -1 129 -1 60 -1 60 -1 60 -1 60 -1 60 -1 60 -1 60 -1 60 -1 60 -1 60 -1 66 -1 66 -1 66 -1 66 -1 60 -1 60 -1 60 -1 60 -1 60 -1 60 -1 60 -1 60 -1 60 -1 60 -1 60 -1 60 -1 60 -1 60 -1 60 -1 60 -1 60 -1 60 -1 60 -1 60 -1 60 -1 60 -1 66 -1 66 -1 66 -1 66 -1 66 -1 60 -1 60 -1 60 -1 60 -1 60 -1 60 -1 60 -1 60 -1 60 -1 60 -1 60 -1 60 -1 60 -1 60 -1 60 -1 60 -1 60 -1 66 -1 66 -1 66 -1 66 -1 66 -1 60 -1 60 -1 60 -1 60 -1 60 -1 60 -1 60 -1 60 -1 60 -1 -2
62 -1 60 -1 152 -1 60 -1 60 -1 60 -1 60 -1 60 -1 60 -1 60 -1 60 -1 60 -1 60 -1 60 -1 60 -1 60 -1 60 -1 60 -1 60 -1 60 -1 60 -1 60 -1 60 -1 60 -1 -2
60 -1 60 -1 60 -1 60 -1 60 -1 60 -1 60 -1 60 -1 60 -1 60 -1 60 -1 60 -1 60 -1 60 -1 60 -1 60 -1 60 -1 60 -1 60 -1 60 -1 60 -1 60 -1 60 -1 -2
62 -1 60 -1 150 -1 60 -1 60 -1 60 -1 60 -1 151 -1 60 -1 60 -1 60 -1 -2
62 -1 60 -1 168 -1 60 -1 60 -1 60 -1 60 -1 60 -1 60 -1 60 -1 60 -1 60 -1 60 -1 60 -1 60 -1 60 -1 60 -1 165 -1 60 -1 60 -1 60 -1 60 -1 60 -1 60 -1 60 -1 173 -1 60 -1 60 -1 60 -1 60 -1 60 -1 60 -1 60 -1 60 -1 162 -1 60 -1 60 -1 60 -1 60 -1 60 -1 146 -1 60 -1 60 -1 60 -1 60 -1 60 -1 60 -1 157 -1 60 -1 60 -1 60 -1 60 -1 60 -1 60 -1 60 -1 66 -1 74 -1 74 -1 74 -1 74 -1 74 -1 74 -1 74 -1 66 -1 66 -1 60 -1 60 -1 156 -1 60 -1 60 -1 60 -1 60 -1 60 -1 60 -1 150 -1 60 -1 60 -1 60 -1 60 -1 60 -1 60 -1 60 -1 60 -1 60 -1 60 -1 60 -1 60 -1 156 -1 60 -1 60 -1 60 -1 60 -1 60 -1 60 -1 60 -1 60 -1 60 -1 60 -1 144 -1 60 -1 154 -1 60 -1 141 -1 60 -1 -2
62 -1 60 -1 191 -1 60 -1 60 -1 60 -1 60 -1 60 -1 60 -1 132 -1 133 -1 133 -1 132 -1 133 -1 133 -1 132 -1 133 -1 60 -1 60 -1 -2
62 -1 60 -1 150 -1 60 -1 125 -1 60 -1 129 -1 60 -1 122 -1 60 -1 123 -1 60 -1 123 -1 60 -1 128 -1 60 -1 127 -1 60 -1 125 -1 60 -1 123 -1 60 -1 127 -1 60 -1 123 -1 60 -1 125 -1 60 -1 130 -1 60 -1 132 -1 60 -1 137 -1 60 -1 137 -1 60 -1 137 -1 60 -1 -2
62 -1 60 -1 153 -1 60 -1 60 -1 60 -1 60 -1 60 -1 60 -1 60 -1 60 -1 60 -1 60 -1 60 -1 60 -1 60 -1 128 -1 60 -1 60 -1 60 -1 60 -1 60 -1 132 -1 60 -1 125 -1 60 -1 126 -1 60 -1 126 -1 60 -1 131 -1 60 -1 130 -1 60 -1 128 -1 60 -1 126 -1 60 -1 130 -1 60 -1 126 -1 60 -1 128 -1 60 -1 133 -1 60 -1 135 -1 60 -1 140 -1 60 -1 60 -1 60 -1 60 -1 60 -1 60 -1 60 -1 140 -1 60 -1 60 -1 60 -1 60 -1 60 -1 140 -1 60 -1 60 -1 60 -1 60 -1 60 -1 60 -1 -2
62 -1 60 -1 192 -1 60 -1 60 -1 60 -1 60 -1 60 -1 60 -1 60 -1 60 -1 60 -1 60 -1 60 -1 60 -1 60 -1 60 -1 60 -1 60 -1 60 -1 60 -1 60 -1 60 -1 60 -1 60 -1 115 -1 60 -1 -2
62 -1 60 -1 155 -1 60 -1 131 -1 60 -1 60 -1 60 -1 131 -1 60 -1 131 -1 60 -1 60 -1 60 -1 131 -1 60 -1 60 -1 131 -1 60 -1 60 -1 60 -1 60 -1 60 -1 60 -1 60 -1 60 -1 60 -1 130 -1 60 -1 130 -1 60 -1 131 -1 60 -1 60 -1 60 -1 60 -1 60 -1 60 -1 60 -1 60 -1 60 -1 60 -1 60 -1 60 -1 60 -1 60 -1 60 -1 60 -1 60 -1 60 -1 60 -1 60 -1 60 -1 60 -1 60 -1 60 -1 60 -1 60 -1 60 -1 60 -1 60 -1 60 -1 60 -1 60 -1 60 -1 60 -1 60 -1 60 -1 60 -1 60 -1 60 -1 60 -1 60 -1 60 -1 60 -1 60 -1 60 -1 60 -1 60 -1 60 -1 60 -1 60 -1 60 -1 60 -1 60 -1 60 -1 60 -1 60 -1 60 -1 60 -1 60 -1 60 -1 60 -1 130 -1 60 -1 60 -1 60 -1 130 -1 60 -1 60 -1 60 -1 131 -1 60 -1 60 -1 131 -1 60 -1 60 -1 60 -1 131 -1 60 -1 60 -1 60 -1 60 -1 60 -1 60 -1 60 -1 60 -1 60 -1 131 -1 60 -1 60 -1 60 -1 131 -1 60 -1 60 -1 60 -1 -2
62 -1 60 -1 128 -1 60 -1 128 -1 60 -1 128 -1 60 -1 60 -1 60 -1 128 -1 60 -1 60 -1 128 -1 60 -1 -2
62 -1 60 -1 152 -1 60 -1 60 -1 60 -1 60 -1 60 -1 60 -1 60 -1 60 -1 -2
62 -1 60 -1 167 -1 60 -1 60 -1 60 -1 60 -1 60 -1 60 -1 60 -1 60 -1 60 -1 60 -1 60 -1 60 -1 60 -1 60 -1 60 -1 60 -1 60 -1 60 -1 60 -1 60 -1 60 -1 60 -1 60 -1 60 -1 60 -1 60 -1 60 -1 60 -1 125 -1 60 -1 -2
62 -1 60 -1 297 -1 60 -1 60 -1 -2
62 -1 60 -1 244 -1 60 -1 60 -1 60 -1 60 -1 60 -1 60 -1 60 -1 60 -1 60 -1 60 -1 60 -1 60 -1 60 -1 60 -1 60 -1 60 -1 60 -1 60 -1 60 -1 60 -1 60 -1 60 -1 60 -1 60 -1 60 -1 60 -1 60 -1 60 -1 60 -1 60 -1 60 -1 60 -1 60 -1 60 -1 60 -1 60 -1 60 -1 60 -1 60 -1 60 -1 60 -1 60 -1 60 -1 60 -1 60 -1 60 -1 60 -1 60 -1 60 -1 60 -1 60 -1 60 -1 60 -1 60 -1 60 -1 60 -1 60 -1 60 -1 60 -1 60 -1 60 -1 60 -1 60 -1 60 -1 60 -1 60 -1 60 -1 60 -1 60 -1 60 -1 60 -1 60 -1 60 -1 60 -1 60 -1 60 -1 60 -1 60 -1 60 -1 60 -1 220 -1 60 -1 60 -1 60 -1 60 -1 60 -1 60 -1 60 -1 60 -1 60 -1 60 -1 60 -1 60 -1 60 -1 60 -1 60 -1 60 -1 60 -1 60 -1 60 -1 60 -1 60 -1 60 -1 60 -1 60 -1 60 -1 60 -1 60 -1 60 -1 60 -1 60 -1 60 -1 60 -1 60 -1 60 -1 60 -1 60 -1 60 -1 60 -1 60 -1 60 -1 60 -1 60 -1 60 -1 60 -1 60 -1 60 -1 60 -1 60 -1 60 -1 60 -1 60 -1 60 -1 60 -1 60 -1 60 -1 60 -1 60 -1 60 -1 60 -1 60 -1 60 -1 60 -1 60 -1 60 -1 60 -1 60 -1 60 -1 60 -1 60 -1 60 -1 60 -1 60 -1 60 -1 60 -1 60 -1 60 -1 60 -1 220 -1 60 -1 60 -1 60 -1 60 -1 60 -1 60 -1 60 -1 60 -1 60 -1 60 -1 60 -1 60 -1 60 -1 60 -1 60 -1 60 -1 60 -1 60 -1 60 -1 60 -1 60 -1 60 -1 60 -1 60 -1 60 -1 60 -1 60 -1 60 -1 60 -1 60 -1 60 -1 60 -1 60 -1 60 -1 60 -1 60 -1 60 -1 60 -1 60 -1 60 -1 60 -1 60 -1 60 -1 60 -1 60 -1 60 -1 60 -1 60 -1 60 -1 60 -1 60 -1 60 -1 60 -1 60 -1 60 -1 60 -1 60 -1 60 -1 60 -1 60 -1 60 -1 60 -1 60 -1 60 -1 60 -1 60 -1 60 -1 60 -1 60 -1 60 -1 60 -1 60 -1 60 -1 60 -1 220 -1 -2
60 -1 60 -1 60 -1 60 -1 60 -1 60 -1 60 -1 60 -1 60 -1 60 -1 60 -1 60 -1 60 -1 60 -1 60 -1 60 -1 60 -1 60 -1 60 -1 60 -1 60 -1 60 -1 60 -1 60 -1 60 -1 60 -1 60 -1 60 -1 60 -1 60 -1 60 -1 60 -1 60 -1 60 -1 60 -1 60 -1 60 -1 60 -1 60 -1 60 -1 60 -1 60 -1 60 -1 60 -1 60 -1 60 -1 60 -1 60 -1 60 -1 60 -1 60 -1 60 -1 60 -1 60 -1 60 -1 60 -1 60 -1 60 -1 60 -1 60 -1 60 -1 60 -1 60 -1 60 -1 60 -1 60 -1 60 -1 60 -1 60 -1 60 -1 60 -1 60 -1 60 -1 60 -1 60 -1 60 -1 66 -1 66 -1 66 -1 66 -1 74 -1 74 -1 74 -1 74 -1 74 -1 74 -1 66 -1 60 -1 60 -1 60 -1 60 -1 60 -1 60 -1 60 -1 60 -1 60 -1 60 -1 60 -1 60 -1 220 -1 60 -1 60 -1 60 -1 60 -1 60 -1 60 -1 60 -1 66 -1 66 -1 66 -1 66 -1 66 -1 66 -1 66 -1 66 -1 60 -1 60 -1 60 -1 60 -1 60 -1 60 -1 60 -1 60 -1 60 -1 60 -1 60 -1 60 -1 60 -1 60 -1 60 -1 60 -1 60 -1 60 -1 60 -1 60 -1 60 -1 60 -1 60 -1 60 -1 60 -1 60 -1 60 -1 60 -1 60 -1 60 -1 60 -1 60 -1 60 -1 60 -1 60 -1 60 -1 60 -1 60 -1 60 -1 60 -1 60 -1 60 -1 60 -1 60 -1 60 -1 60 -1 60 -1 60 -1 60 -1 60 -1 60 -1 60 -1 60 -1 60 -1 60 -1 60 -1 60 -1 60 -1 60 -1 60 -1 60 -1 60 -1 60 -1 60 -1 60 -1 60 -1 60 -1 60 -1 60 -1 220 -1 60 -1 60 -1 60 -1 60 -1 60 -1 60 -1 60 -1 60 -1 60 -1 60 -1 60 -1 60 -1 60 -1 60 -1 60 -1 60 -1 60 -1 60 -1 60 -1 60 -1 60 -1 60 -1 60 -1 60 -1 60 -1 60 -1 60 -1 60 -1 60 -1 60 -1 60 -1 60 -1 60 -1 60 -1 60 -1 60 -1 60 -1 60 -1 60 -1 60 -1 60 -1 60 -1 60 -1 60 -1 60 -1 60 -1 60 -1 60 -1 60 -1 60 -1 60 -1 60 -1 60 -1 60 -1 60 -1 60 -1 60 -1 60 -1 60 -1 60 -1 60 -1 60 -1 60 -1 60 -1 60 -1 60 -1 60 -1 60 -1 60 -1 60 -1 60 -1 60 -1 60 -1 60 -1 60 -1 60 -1 60 -1 60 -1 60 -1 60 -1 220 -1 60 -1 60 -1 -2
60 -1 60 -1 60 -1 60 -1 60 -1 -2
60 -1 60 -1 60 -1 60 -1 60 -1 -2
60 -1 60 -1 60 -1 60 -1 60 -1 -2
