62 -1 176 -1 60 -1 496 -1 60 -1 60 -1 -2
62 -1 176 -1 60 -1 496 -1 60 -1 60 -1 -2
62 -1 176 -1 60 -1 496 -1 60 -1 60 -1 -2
62 -1 176 -1 60 -1 496 -1 60 -1 60 -1 -2
62 -1 176 -1 60 -1 496 -1 60 -1 60 -1 -2
62 -1 176 -1 60 -1 496 -1 60 -1 60 -1 -2
62 -1 176 -1 60 -1 496 -1 60 -1 60 -1 -2
62 -1 176 -1 60 -1 496 -1 60 -1 60 -1 -2
62 -1 176 -1 60 -1 496 -1 60 -1 60 -1 -2
62 -1 176 -1 60 -1 496 -1 60 -1 60 -1 -2
62 -1 176 -1 60 -1 496 -1 60 -1 60 -1 -2
62 -1 176 -1 60 -1 496 -1 60 -1 60 -1 -2
62 -1 176 -1 60 -1 496 -1 60 -1 60 -1 -2
62 -1 176 -1 60 -1 496 -1 60 -1 60 -1 -2
62 -1 176 -1 60 -1 496 -1 60 -1 60 -1 -2
62 -1 176 -1 60 -1 496 -1 60 -1 60 -1 -2
62 -1 176 -1 60 -1 496 -1 60 -1 60 -1 -2
62 -1 176 -1 60 -1 496 -1 60 -1 60 -1 -2
62 -1 176 -1 60 -1 496 -1 60 -1 60 -1 -2
62 -1 176 -1 60 -1 496 -1 60 -1 60 -1 -2
62 -1 176 -1 60 -1 496 -1 60 -1 60 -1 -2
62 -1 176 -1 60 -1 496 -1 60 -1 60 -1 -2
62 -1 176 -1 60 -1 496 -1 60 -1 60 -1 -2
62 -1 176 -1 60 -1 496 -1 60 -1 60 -1 -2
62 -1 176 -1 60 -1 496 -1 60 -1 60 -1 -2
62 -1 176 -1 60 -1 496 -1 60 -1 60 -1 -2
62 -1 176 -1 496 -1 60 -1 60 -1 -2
62 -1 176 -1 60 -1 496 -1 60 -1 60 -1 -2
62 -1 176 -1 60 -1 496 -1 60 -1 60 -1 -2
62 -1 176 -1 60 -1 496 -1 60 -1 60 -1 -2
62 -1 176 -1 60 -1 496 -1 60 -1 60 -1 -2
62 -1 176 -1 60 -1 496 -1 60 -1 60 -1 -2
62 -1 60 -1 457 -1 60 -1 60 -1 -2
62 -1 60 -1 456 -1 60 -1 60 -1 -2
62 -1 60 -1 457 -1 60 -1 60 -1 -2
62 -1 60 -1 457 -1 60 -1 60 -1 -2
62 -1 60 -1 456 -1 60 -1 60 -1 -2
62 -1 60 -1 456 -1 60 -1 60 -1 -2
62 -1 60 -1 457 -1 60 -1 60 -1 -2
62 -1 60 -1 457 -1 60 -1 60 -1 -2
62 -1 60 -1 457 -1 60 -1 60 -1 -2
62 -1 60 -1 457 -1 60 -1 60 -1 -2
62 -1 60 -1 457 -1 60 -1 60 -1 -2
62 -1 60 -1 475 -1 60 -1 60 -1 -2
62 -1 60 -1 456 -1 60 -1 60 -1 -2
62 -1 60 -1 457 -1 60 -1 60 -1 -2
62 -1 60 -1 456 -1 60 -1 60 -1 -2
62 -1 60 -1 457 -1 60 -1 60 -1 -2
62 -1 60 -1 475 -1 60 -1 60 -1 -2
62 -1 60 -1 457 -1 60 -1 60 -1 -2
62 -1 60 -1 456 -1 60 -1 60 -1 -2
62 -1 60 -1 456 -1 60 -1 60 -1 -2
62 -1 60 -1 456 -1 60 -1 60 -1 -2
62 -1 60 -1 457 -1 60 -1 60 -1 -2
62 -1 60 -1 456 -1 60 -1 60 -1 -2
62 -1 60 -1 456 -1 60 -1 60 -1 -2
62 -1 60 -1 456 -1 60 -1 60 -1 -2
62 -1 60 -1 475 -1 60 -1 60 -1 -2
62 -1 60 -1 457 -1 60 -1 60 -1 -2
62 -1 60 -1 456 -1 60 -1 60 -1 -2
62 -1 60 -1 456 -1 60 -1 60 -1 -2
62 -1 60 -1 457 -1 60 -1 60 -1 -2
62 -1 60 -1 457 -1 60 -1 60 -1 -2
62 -1 60 -1 457 -1 60 -1 60 -1 -2
62 -1 60 -1 457 -1 60 -1 60 -1 -2
62 -1 60 -1 457 -1 60 -1 60 -1 -2
62 -1 60 -1 456 -1 60 -1 60 -1 -2
62 -1 60 -1 457 -1 60 -1 60 -1 -2
62 -1 60 -1 457 -1 60 -1 60 -1 -2
62 -1 60 -1 457 -1 60 -1 60 -1 -2
62 -1 60 -1 457 -1 60 -1 60 -1 -2
62 -1 60 -1 457 -1 60 -1 60 -1 -2
62 -1 60 -1 457 -1 60 -1 60 -1 -2
62 -1 60 -1 456 -1 60 -1 60 -1 -2
62 -1 60 -1 456 -1 60 -1 60 -1 -2
62 -1 60 -1 456 -1 60 -1 60 -1 -2
62 -1 60 -1 456 -1 60 -1 60 -1 -2
62 -1 60 -1 456 -1 60 -1 60 -1 -2
62 -1 60 -1 456 -1 60 -1 60 -1 -2
62 -1 60 -1 457 -1 60 -1 60 -1 -2
62 -1 60 -1 457 -1 60 -1 60 -1 -2
62 -1 60 -1 456 -1 60 -1 60 -1 -2
62 -1 60 -1 456 -1 60 -1 60 -1 -2
62 -1 60 -1 455 -1 60 -1 60 -1 -2
62 -1 60 -1 456 -1 60 -1 60 -1 -2
62 -1 60 -1 456 -1 60 -1 60 -1 -2
62 -1 60 -1 456 -1 60 -1 60 -1 -2
62 -1 60 -1 457 -1 60 -1 60 -1 -2
62 -1 60 -1 457 -1 60 -1 60 -1 -2
62 -1 60 -1 475 -1 60 -1 60 -1 -2
62 -1 60 -1 457 -1 60 -1 60 -1 -2
62 -1 60 -1 456 -1 60 -1 60 -1 -2
62 -1 60 -1 475 -1 60 -1 60 -1 -2
