74 -1 66 -1 1228 -1 66 -1 66 -1 -2
74 -1 66 -1 1228 -1 66 -1 66 -1 -2
74 -1 66 -1 66 -1 1228 -1 66 -1 66 -1 -2
74 -1 66 -1 1228 -1 66 -1 66 -1 -2
74 -1 66 -1 1228 -1 66 -1 66 -1 -2
74 -1 66 -1 66 -1 1352 -1 66 -1 66 -1 -2
74 -1 66 -1 1228 -1 66 -1 66 -1 -2
74 -1 66 -1 66 -1 1272 -1 66 -1 66 -1 -2
74 -1 66 -1 1228 -1 66 -1 66 -1 -2
74 -1 66 -1 1351 -1 66 -1 66 -1 66 -1 -2
74 -1 66 -1 1271 -1 66 -1 66 -1 66 -1 -2
74 -1 66 -1 1228 -1 66 -1 66 -1 -2
74 -1 66 -1 1353 -1 66 -1 66 -1 66 -1 -2
74 -1 66 -1 1228 -1 66 -1 66 -1 -2
74 -1 66 -1 1228 -1 66 -1 66 -1 -2
74 -1 66 -1 1228 -1 66 -1 66 -1 -2
74 -1 66 -1 1271 -1 66 -1 66 -1 66 -1 -2
74 -1 66 -1 1228 -1 66 -1 66 -1 -2
74 -1 66 -1 1353 -1 66 -1 66 -1 66 -1 -2
74 -1 66 -1 1228 -1 66 -1 66 -1 -2
74 -1 66 -1 1228 -1 66 -1 66 -1 -2
74 -1 66 -1 1228 -1 66 -1 66 -1 -2
74 -1 66 -1 1228 -1 66 -1 66 -1 -2
74 -1 66 -1 1228 -1 66 -1 66 -1 -2
74 -1 66 -1 1227 -1 66 -1 66 -1 -2
74 -1 66 -1 1228 -1 66 -1 66 -1 -2
74 -1 66 -1 1228 -1 66 -1 66 -1 -2
74 -1 66 -1 1228 -1 66 -1 66 -1 -2
74 -1 66 -1 1228 -1 66 -1 66 -1 -2
74 -1 66 -1 1351 -1 66 -1 66 -1 66 -1 -2
74 -1 66 -1 1228 -1 66 -1 66 -1 -2
74 -1 66 -1 1228 -1 66 -1 66 -1 -2
74 -1 66 -1 1228 -1 66 -1 66 -1 -2
74 -1 66 -1 1228 -1 66 -1 66 -1 -2
74 -1 66 -1 1228 -1 66 -1 66 -1 -2
74 -1 66 -1 66 -1 1268 -1 66 -1 66 -1 -2
