87 -1 87 -1 87 -1 87 -1 87 -1 87 -1 87 -1 87 -1 87 -1 87 -1 -2
87 -1 87 -1 87 -1 87 -1 87 -1 87 -1 -2
87 -1 87 -1 87 -1 87 -1 87 -1 87 -1 87 -1 87 -1 87 -1 -2
87 -1 87 -1 87 -1 87 -1 87 -1 87 -1 87 -1 87 -1 -2
87 -1 87 -1 87 -1 87 -1 87 -1 87 -1 87 -1 87 -1 87 -1 87 -1 -2
88 -1 88 -1 88 -1 88 -1 88 -1 88 -1 88 -1 88 -1 88 -1 88 -1 88 -1 -2
87 -1 87 -1 87 -1 87 -1 87 -1 87 -1 87 -1 87 -1 -2
87 -1 87 -1 87 -1 87 -1 87 -1 87 -1 87 -1 87 -1 87 -1 -2
87 -1 87 -1 87 -1 87 -1 87 -1 87 -1 87 -1 87 -1 -2
87 -1 87 -1 87 -1 87 -1 87 -1 87 -1 87 -1 87 -1 87 -1 87 -1 -2
87 -1 87 -1 87 -1 87 -1 87 -1 87 -1 87 -1 87 -1 87 -1 87 -1 87 -1 -2
87 -1 87 -1 87 -1 87 -1 87 -1 87 -1 87 -1 87 -1 87 -1 -2
87 -1 87 -1 87 -1 87 -1 87 -1 87 -1 87 -1 87 -1 87 -1 87 -1 -2
87 -1 87 -1 87 -1 87 -1 87 -1 87 -1 87 -1 87 -1 87 -1 87 -1 87 -1 87 -1 -2
87 -1 87 -1 87 -1 87 -1 87 -1 87 -1 87 -1 87 -1 87 -1 87 -1 -2
87 -1 87 -1 87 -1 87 -1 87 -1 87 -1 87 -1 87 -1 87 -1 87 -1 87 -1 -2
87 -1 87 -1 87 -1 87 -1 87 -1 87 -1 87 -1 87 -1 87 -1 87 -1 -2
87 -1 87 -1 87 -1 87 -1 87 -1 87 -1 87 -1 87 -1 87 -1 -2
87 -1 87 -1 87 -1 87 -1 87 -1 87 -1 87 -1 87 -1 87 -1 87 -1 -2
87 -1 87 -1 87 -1 87 -1 87 -1 87 -1 87 -1 87 -1 87 -1 -2
87 -1 87 -1 87 -1 87 -1 87 -1 87 -1 87 -1 -2
