62 -1 60 -1 302 -1 298 -1 298 -1 298 -1 298 -1 298 -1 298 -1 298 -1 298 -1 298 -1 298 -1 298 -1 298 -1 266 -1 289 -1 275 -1 302 -1 271 -1 298 -1 -2
62 -1 60 -1 302 -1 298 -1 298 -1 298 -1 298 -1 298 -1 298 -1 298 -1 298 -1 298 -1 298 -1 289 -1 275 -1 291 -1 288 -1 288 -1 276 -1 -2
62 -1 60 -1 302 -1 298 -1 298 -1 298 -1 298 -1 298 -1 298 -1 298 -1 298 -1 298 -1 298 -1 289 -1 275 -1 271 -1 -2
62 -1 62 -1 60 -1 385 -1 60 -1 -2
62 -1 60 -1 302 -1 298 -1 298 -1 298 -1 298 -1 298 -1 298 -1 298 -1 298 -1 298 -1 298 -1 289 -1 275 -1 291 -1 -2
62 -1 60 -1 307 -1 293 -1 60 -1 60 -1 60 -1 -2
272 -1 268 -1 268 -1 282 -1 302 -1 303 -1 301 -1 60 -1 -2
62 -1 60 -1 316 -1 316 -1 60 -1 60 -1 60 -1 -2
62 -1 60 -1 315 -1 60 -1 60 -1 60 -1 -2
62 -1 60 -1 288 -1 288 -1 276 -1 276 -1 60 -1 -2
62 -1 60 -1 356 -1 60 -1 60 -1 -2
62 -1 60 -1 316 -1 60 -1 60 -1 -2
62 -1 60 -1 356 -1 60 -1 60 -1 60 -1 -2
62 -1 60 -1 316 -1 60 -1 60 -1 60 -1 -2
62 -1 60 -1 356 -1 60 -1 60 -1 -2
62 -1 60 -1 271 -1 298 -1 268 -1 268 -1 60 -1 60 -1 60 -1 -2
62 -1 60 -1 316 -1 60 -1 60 -1 -2
62 -1 62 -1 60 -1 316 -1 316 -1 316 -1 316 -1 316 -1 60 -1 60 -1 -2
62 -1 60 -1 336 -1 336 -1 336 -1 60 -1 60 -1 -2
62 -1 60 -1 356 -1 60 -1 60 -1 -2
62 -1 60 -1 293 -1 60 -1 60 -1 -2
62 -1 60 -1 284 -1 320 -1 60 -1 60 -1 -2
62 -1 60 -1 320 -1 60 -1 60 -1 -2
62 -1 60 -1 306 -1 60 -1 60 -1 60 -1 -2
62 -1 60 -1 333 -1 60 -1 60 -1 60 -1 -2
62 -1 60 -1 356 -1 356 -1 356 -1 60 -1 60 -1 60 -1 -2
62 -1 60 -1 356 -1 60 -1 60 -1 60 -1 -2
62 -1 60 -1 306 -1 306 -1 60 -1 60 -1 -2
62 -1 60 -1 356 -1 60 -1 60 -1 60 -1 -2
62 -1 60 -1 336 -1 60 -1 60 -1 60 -1 -2
62 -1 60 -1 294 -1 60 -1 60 -1 60 -1 -2
62 -1 60 -1 306 -1 60 -1 60 -1 60 -1 -2
62 -1 60 -1 309 -1 60 -1 60 -1 60 -1 -2
62 -1 60 -1 355 -1 60 -1 60 -1 -2
62 -1 60 -1 316 -1 316 -1 60 -1 60 -1 -2
62 -1 60 -1 316 -1 60 -1 60 -1 60 -1 -2
62 -1 60 -1 316 -1 60 -1 60 -1 60 -1 -2
62 -1 60 -1 306 -1 60 -1 60 -1 -2
62 -1 60 -1 329 -1 60 -1 60 -1 60 -1 -2
62 -1 60 -1 356 -1 60 -1 60 -1 60 -1 -2
62 -1 60 -1 336 -1 60 -1 60 -1 -2
62 -1 60 -1 316 -1 60 -1 60 -1 -2
62 -1 60 -1 316 -1 60 -1 60 -1 60 -1 -2
62 -1 60 -1 320 -1 60 -1 60 -1 60 -1 -2
62 -1 60 -1 336 -1 60 -1 60 -1 60 -1 -2
62 -1 60 -1 293 -1 309 -1 60 -1 60 -1 60 -1 -2
62 -1 60 -1 316 -1 60 -1 60 -1 -2
62 -1 60 -1 316 -1 316 -1 60 -1 60 -1 60 -1 -2
62 -1 60 -1 356 -1 60 -1 60 -1 60 -1 -2
62 -1 60 -1 288 -1 288 -1 276 -1 60 -1 60 -1 60 -1 -2
62 -1 60 -1 316 -1 60 -1 60 -1 60 -1 -2
62 -1 60 -1 316 -1 60 -1 60 -1 -2
62 -1 60 -1 336 -1 60 -1 60 -1 60 -1 -2
62 -1 60 -1 356 -1 356 -1 60 -1 60 -1 -2
62 -1 60 -1 356 -1 60 -1 60 -1 60 -1 -2
62 -1 60 -1 336 -1 60 -1 60 -1 60 -1 -2
62 -1 60 -1 316 -1 60 -1 60 -1 60 -1 -2
62 -1 60 -1 336 -1 336 -1 344 -1 354 -1 60 -1 -2
62 -1 60 -1 333 -1 60 -1 60 -1 60 -1 -2
62 -1 60 -1 297 -1 302 -1 298 -1 298 -1 298 -1 298 -1 298 -1 298 -1 298 -1 298 -1 298 -1 298 -1 289 -1 275 -1 291 -1 288 -1 288 -1 277 -1 272 -1 60 -1 -2
62 -1 60 -1 319 -1 60 -1 60 -1 -2
62 -1 60 -1 356 -1 60 -1 60 -1 60 -1 -2
62 -1 60 -1 356 -1 60 -1 60 -1 60 -1 -2
62 -1 60 -1 360 -1 60 -1 60 -1 60 -1 -2
62 -1 60 -1 306 -1 60 -1 60 -1 60 -1 -2
62 -1 60 -1 316 -1 60 -1 60 -1 60 -1 -2
62 -1 60 -1 294 -1 294 -1 60 -1 -2
62 -1 60 -1 316 -1 60 -1 60 -1 60 -1 -2
62 -1 60 -1 294 -1 60 -1 60 -1 60 -1 -2
62 -1 60 -1 316 -1 60 -1 60 -1 -2
62 -1 60 -1 309 -1 60 -1 60 -1 60 -1 -2
62 -1 60 -1 316 -1 60 -1 60 -1 60 -1 -2
62 -1 60 -1 356 -1 60 -1 60 -1 -2
62 -1 60 -1 336 -1 60 -1 60 -1 -2
62 -1 60 -1 316 -1 60 -1 60 -1 -2
272 -1 298 -1 298 -1 298 -1 298 -1 298 -1 282 -1 298 -1 302 -1 298 -1 298 -1 289 -1 275 -1 301 -1 60 -1 60 -1 -2
62 -1 60 -1 384 -1 60 -1 60 -1 60 -1 -2
62 -1 62 -1 60 -1 316 -1 60 -1 60 -1 60 -1 -2
62 -1 60 -1 316 -1 316 -1 316 -1 307 -1 60 -1 60 -1 -2
62 -1 60 -1 306 -1 60 -1 60 -1 60 -1 -2
62 -1 60 -1 262 -1 302 -1 298 -1 298 -1 298 -1 298 -1 298 -1 298 -1 298 -1 298 -1 298 -1 298 -1 289 -1 275 -1 293 -1 259 -1 259 -1 259 -1 259 -1 259 -1 259 -1 259 -1 259 -1 259 -1 259 -1 259 -1 259 -1 259 -1 259 -1 259 -1 259 -1 259 -1 259 -1 259 -1 259 -1 259 -1 259 -1 259 -1 259 -1 259 -1 259 -1 60 -1 -2
62 -1 60 -1 356 -1 60 -1 60 -1 60 -1 -2
62 -1 60 -1 344 -1 60 -1 60 -1 60 -1 -2
62 -1 60 -1 316 -1 60 -1 60 -1 60 -1 -2
62 -1 60 -1 307 -1 60 -1 60 -1 60 -1 -2
62 -1 60 -1 316 -1 60 -1 60 -1 60 -1 -2
62 -1 60 -1 356 -1 60 -1 60 -1 60 -1 -2
62 -1 60 -1 356 -1 60 -1 60 -1 60 -1 -2
62 -1 60 -1 316 -1 60 -1 60 -1 -2
62 -1 60 -1 320 -1 60 -1 60 -1 60 -1 -2
62 -1 60 -1 307 -1 60 -1 60 -1 60 -1 -2
62 -1 60 -1 336 -1 60 -1 60 -1 60 -1 -2
62 -1 60 -1 328 -1 302 -1 298 -1 298 -1 298 -1 298 -1 298 -1 298 -1 298 -1 298 -1 298 -1 298 -1 289 -1 275 -1 271 -1 300 -1 300 -1 300 -1 300 -1 300 -1 300 -1 60 -1 -2
62 -1 60 -1 303 -1 291 -1 60 -1 60 -1 60 -1 -2
62 -1 60 -1 316 -1 60 -1 60 -1 60 -1 -2
62 -1 62 -1 60 -1 360 -1 60 -1 60 -1 60 -1 -2
62 -1 60 -1 347 -1 60 -1 60 -1 -2
62 -1 60 -1 316 -1 60 -1 60 -1 60 -1 -2
62 -1 60 -1 302 -1 298 -1 298 -1 298 -1 298 -1 298 -1 298 -1 298 -1 298 -1 289 -1 275 -1 60 -1 60 -1 60 -1 -2
62 -1 60 -1 319 -1 60 -1 60 -1 60 -1 -2
62 -1 60 -1 316 -1 60 -1 60 -1 -2
62 -1 316 -1 60 -1 60 -1 60 -1 -2
62 -1 60 -1 297 -1 60 -1 60 -1 60 -1 -2
62 -1 60 -1 315 -1 60 -1 60 -1 60 -1 -2
62 -1 60 -1 294 -1 60 -1 60 -1 -2
62 -1 60 -1 356 -1 356 -1 60 -1 60 -1 60 -1 -2
62 -1 60 -1 356 -1 60 -1 60 -1 60 -1 -2
62 -1 60 -1 297 -1 60 -1 60 -1 60 -1 -2
62 -1 60 -1 356 -1 356 -1 347 -1 333 -1 329 -1 336 -1 60 -1 60 -1 60 -1 -2
62 -1 60 -1 316 -1 60 -1 60 -1 60 -1 -2
62 -1 60 -1 306 -1 60 -1 60 -1 60 -1 -2
62 -1 60 -1 360 -1 60 -1 60 -1 60 -1 -2
62 -1 60 -1 293 -1 309 -1 60 -1 60 -1 60 -1 -2
62 -1 60 -1 316 -1 60 -1 60 -1 -2
