62 -1 62 -1 60 -1 718 -1 60 -1 60 -1 -2
62 -1 62 -1 60 -1 1514 -1 147 -1 60 -1 60 -1 -2
62 -1 60 -1 831 -1 60 -1 60 -1 -2
62 -1 62 -1 60 -1 795 -1 60 -1 60 -1 -2
62 -1 60 -1 718 -1 60 -1 60 -1 -2
62 -1 62 -1 60 -1 718 -1 60 -1 60 -1 -2
62 -1 60 -1 863 -1 60 -1 60 -1 -2
62 -1 60 -1 795 -1 60 -1 60 -1 -2
62 -1 62 -1 60 -1 1514 -1 215 -1 60 -1 60 -1 -2
62 -1 60 -1 820 -1 60 -1 60 -1 -2
62 -1 60 -1 1050 -1 60 -1 60 -1 -2
62 -1 60 -1 999 -1 60 -1 60 -1 -2
62 -1 60 -1 795 -1 60 -1 60 -1 -2
62 -1 62 -1 60 -1 1514 -1 237 -1 60 -1 60 -1 -2
62 -1 62 -1 60 -1 1514 -1 174 -1 60 -1 60 -1 -2
62 -1 60 -1 831 -1 60 -1 60 -1 -2
62 -1 60 -1 831 -1 60 -1 60 -1 -2
62 -1 60 -1 1165 -1 60 -1 60 -1 -2
62 -1 60 -1 795 -1 60 -1 60 -1 -2
62 -1 60 -1 831 -1 60 -1 60 -1 -2
62 -1 62 -1 60 -1 831 -1 60 -1 60 -1 -2
62 -1 60 -1 831 -1 60 -1 60 -1 -2
62 -1 60 -1 1193 -1 60 -1 60 -1 -2
62 -1 60 -1 831 -1 60 -1 60 -1 -2
62 -1 60 -1 831 -1 60 -1 60 -1 -2
62 -1 60 -1 718 -1 60 -1 60 -1 -2
62 -1 62 -1 60 -1 795 -1 60 -1 60 -1 -2
62 -1 60 -1 831 -1 60 -1 60 -1 -2
62 -1 62 -1 60 -1 999 -1 60 -1 60 -1 -2
62 -1 62 -1 60 -1 795 -1 60 -1 60 -1 -2
62 -1 60 -1 831 -1 60 -1 60 -1 -2
62 -1 60 -1 1041 -1 60 -1 60 -1 -2
62 -1 60 -1 831 -1 60 -1 60 -1 -2
62 -1 60 -1 795 -1 60 -1 60 -1 -2
62 -1 60 -1 795 -1 60 -1 60 -1 -2
62 -1 62 -1 66 -1 899 -1 60 -1 60 -1 -2
62 -1 60 -1 962 -1 60 -1 60 -1 -2
62 -1 60 -1 996 -1 60 -1 60 -1 -2
62 -1 62 -1 60 -1 804 -1 60 -1 60 -1 -2
62 -1 942 -1 66 -1 60 -1 60 -1 60 -1 -2
62 -1 62 -1 60 -1 718 -1 60 -1 60 -1 -2
62 -1 60 -1 718 -1 60 -1 60 -1 -2
62 -1 60 -1 795 -1 60 -1 60 -1 -2
62 -1 62 -1 60 -1 831 -1 60 -1 60 -1 -2
62 -1 60 -1 890 -1 60 -1 60 -1 -2
62 -1 60 -1 831 -1 60 -1 60 -1 -2
62 -1 60 -1 950 -1 60 -1 60 -1 -2
62 -1 60 -1 831 -1 60 -1 60 -1 -2
62 -1 62 -1 60 -1 1429 -1 60 -1 60 -1 -2
62 -1 62 -1 60 -1 1131 -1 60 -1 60 -1 -2
62 -1 60 -1 820 -1 60 -1 60 -1 -2
62 -1 60 -1 831 -1 60 -1 60 -1 -2
62 -1 60 -1 957 -1 60 -1 60 -1 -2
62 -1 62 -1 60 -1 831 -1 60 -1 60 -1 -2
62 -1 60 -1 831 -1 60 -1 60 -1 -2
62 -1 60 -1 831 -1 60 -1 60 -1 -2
62 -1 62 -1 60 -1 851 -1 60 -1 60 -1 -2
62 -1 60 -1 718 -1 60 -1 60 -1 -2
62 -1 60 -1 718 -1 60 -1 60 -1 -2
62 -1 60 -1 718 -1 60 -1 60 -1 -2
62 -1 60 -1 795 -1 60 -1 60 -1 -2
62 -1 60 -1 718 -1 60 -1 60 -1 -2
62 -1 60 -1 831 -1 60 -1 60 -1 -2
62 -1 62 -1 60 -1 1514 -1 135 -1 60 -1 60 -1 -2
62 -1 60 -1 795 -1 60 -1 60 -1 -2
62 -1 60 -1 795 -1 60 -1 60 -1 -2
62 -1 62 -1 60 -1 795 -1 60 -1 60 -1 -2
62 -1 60 -1 831 -1 60 -1 60 -1 -2
62 -1 60 -1 718 -1 60 -1 60 -1 -2
62 -1 60 -1 1045 -1 60 -1 60 -1 -2
62 -1 60 -1 1236 -1 60 -1 60 -1 -2
62 -1 60 -1 1027 -1 60 -1 60 -1 -2
62 -1 60 -1 831 -1 60 -1 60 -1 -2
62 -1 60 -1 863 -1 60 -1 60 -1 -2
62 -1 60 -1 892 -1 60 -1 60 -1 -2
62 -1 60 -1 831 -1 60 -1 60 -1 -2
62 -1 60 -1 996 -1 60 -1 60 -1 -2
62 -1 60 -1 831 -1 60 -1 60 -1 -2
62 -1 60 -1 822 -1 60 -1 60 -1 -2
62 -1 62 -1 60 -1 1155 -1 60 -1 60 -1 -2
62 -1 60 -1 890 -1 60 -1 60 -1 -2
62 -1 60 -1 831 -1 60 -1 60 -1 -2
62 -1 60 -1 831 -1 60 -1 60 -1 -2
62 -1 60 -1 831 -1 60 -1 60 -1 -2
62 -1 60 -1 962 -1 60 -1 60 -1 -2
62 -1 60 -1 718 -1 60 -1 60 -1 -2
62 -1 60 -1 1050 -1 60 -1 60 -1 -2
62 -1 62 -1 60 -1 718 -1 60 -1 60 -1 -2
62 -1 62 -1 60 -1 831 -1 60 -1 60 -1 -2
62 -1 60 -1 831 -1 60 -1 60 -1 -2
62 -1 60 -1 795 -1 60 -1 60 -1 -2
62 -1 60 -1 831 -1 60 -1 60 -1 -2
62 -1 60 -1 831 -1 60 -1 60 -1 -2
62 -1 60 -1 831 -1 60 -1 60 -1 -2
62 -1 60 -1 795 -1 60 -1 60 -1 -2
62 -1 60 -1 929 -1 60 -1 60 -1 -2
62 -1 60 -1 831 -1 60 -1 60 -1 -2
62 -1 60 -1 831 -1 60 -1 60 -1 -2
62 -1 60 -1 795 -1 60 -1 60 -1 -2
62 -1 62 -1 62 -1 62 -1 60 -1 718 -1 60 -1 60 -1 -2
62 -1 60 -1 831 -1 60 -1 60 -1 -2
62 -1 60 -1 1045 -1 60 -1 60 -1 -2
62 -1 62 -1 60 -1 1198 -1 60 -1 60 -1 -2
62 -1 62 -1 60 -1 1514 -1 182 -1 60 -1 60 -1 -2
62 -1 60 -1 831 -1 60 -1 60 -1 -2
62 -1 60 -1 833 -1 60 -1 60 -1 -2
62 -1 60 -1 1045 -1 60 -1 60 -1 -2
62 -1 62 -1 60 -1 831 -1 60 -1 60 -1 -2
62 -1 60 -1 831 -1 60 -1 60 -1 -2
62 -1 60 -1 1193 -1 60 -1 60 -1 -2
62 -1 60 -1 1050 -1 60 -1 60 -1 -2
62 -1 60 -1 718 -1 60 -1 60 -1 -2
62 -1 60 -1 831 -1 60 -1 60 -1 -2
62 -1 60 -1 816 -1 60 -1 60 -1 -2
62 -1 62 -1 60 -1 1514 -1 237 -1 60 -1 60 -1 -2
62 -1 60 -1 795 -1 60 -1 60 -1 -2
62 -1 60 -1 831 -1 60 -1 60 -1 -2
62 -1 60 -1 1041 -1 60 -1 60 -1 -2
62 -1 60 -1 831 -1 60 -1 60 -1 -2
62 -1 62 -1 60 -1 795 -1 60 -1 60 -1 -2
62 -1 60 -1 795 -1 60 -1 60 -1 -2
62 -1 60 -1 1217 -1 60 -1 60 -1 -2
62 -1 60 -1 999 -1 60 -1 60 -1 -2
62 -1 60 -1 1131 -1 60 -1 60 -1 -2
62 -1 60 -1 1193 -1 60 -1 60 -1 -2
62 -1 62 -1 60 -1 1514 -1 100 -1 60 -1 60 -1 -2
62 -1 60 -1 831 -1 60 -1 60 -1 -2
62 -1 60 -1 795 -1 60 -1 60 -1 -2
62 -1 60 -1 962 -1 60 -1 60 -1 -2
62 -1 60 -1 831 -1 60 -1 60 -1 -2
62 -1 60 -1 899 -1 60 -1 60 -1 -2
62 -1 60 -1 718 -1 60 -1 60 -1 -2
62 -1 60 -1 795 -1 60 -1 60 -1 -2
62 -1 60 -1 795 -1 60 -1 60 -1 -2
62 -1 60 -1 851 -1 60 -1 60 -1 -2
62 -1 60 -1 804 -1 60 -1 60 -1 -2
62 -1 60 -1 902 -1 60 -1 60 -1 -2
62 -1 60 -1 899 -1 60 -1 60 -1 -2
62 -1 60 -1 1027 -1 60 -1 60 -1 -2
62 -1 60 -1 1092 -1 60 -1 60 -1 -2
62 -1 60 -1 831 -1 60 -1 60 -1 -2
62 -1 62 -1 60 -1 1373 -1 60 -1 60 -1 -2
62 -1 60 -1 718 -1 60 -1 60 -1 -2
62 -1 60 -1 831 -1 60 -1 60 -1 -2
62 -1 60 -1 989 -1 60 -1 60 -1 -2
62 -1 60 -1 899 -1 60 -1 60 -1 -2
62 -1 60 -1 851 -1 60 -1 60 -1 -2
62 -1 60 -1 718 -1 60 -1 60 -1 -2
62 -1 62 -1 60 -1 1045 -1 60 -1 60 -1 -2
62 -1 60 -1 831 -1 60 -1 60 -1 -2
62 -1 60 -1 1027 -1 60 -1 60 -1 -2
62 -1 60 -1 718 -1 60 -1 60 -1 -2
62 -1 62 -1 60 -1 1494 -1 60 -1 60 -1 -2
62 -1 60 -1 1041 -1 60 -1 60 -1 -2
62 -1 60 -1 833 -1 60 -1 60 -1 -2
62 -1 60 -1 831 -1 60 -1 60 -1 -2
62 -1 60 -1 890 -1 60 -1 60 -1 -2
62 -1 60 -1 831 -1 60 -1 60 -1 -2
62 -1 60 -1 863 -1 60 -1 60 -1 -2
62 -1 60 -1 1183 -1 60 -1 60 -1 -2
62 -1 60 -1 718 -1 60 -1 60 -1 -2
62 -1 60 -1 60 -1 1131 -1 60 -1 -2
62 -1 60 -1 718 -1 60 -1 60 -1 -2
62 -1 60 -1 820 -1 60 -1 60 -1 -2
62 -1 60 -1 831 -1 60 -1 60 -1 -2
62 -1 60 -1 831 -1 60 -1 60 -1 -2
62 -1 60 -1 831 -1 60 -1 60 -1 -2
62 -1 60 -1 942 -1 60 -1 60 -1 -2
62 -1 60 -1 804 -1 60 -1 60 -1 -2
62 -1 62 -1 60 -1 684 -1 60 -1 60 -1 -2
62 -1 60 -1 831 -1 60 -1 60 -1 -2
62 -1 60 -1 831 -1 60 -1 60 -1 -2
62 -1 62 -1 60 -1 831 -1 60 -1 60 -1 -2
62 -1 62 -1 60 -1 795 -1 60 -1 60 -1 -2
62 -1 60 -1 718 -1 60 -1 60 -1 -2
62 -1 62 -1 60 -1 718 -1 60 -1 60 -1 -2
62 -1 62 -1 60 -1 1429 -1 60 -1 60 -1 -2
62 -1 60 -1 892 -1 60 -1 60 -1 -2
62 -1 60 -1 996 -1 60 -1 60 -1 -2
62 -1 60 -1 833 -1 60 -1 60 -1 -2
62 -1 60 -1 1159 -1 60 -1 60 -1 -2
62 -1 60 -1 795 -1 60 -1 60 -1 -2
62 -1 60 -1 718 -1 60 -1 60 -1 -2
62 -1 62 -1 60 -1 831 -1 60 -1 60 -1 -2
62 -1 60 -1 831 -1 60 -1 60 -1 -2
62 -1 60 -1 718 -1 60 -1 60 -1 -2
