62 -1 62 -1 60 -1 229 -1 60 -1 -2
62 -1 62 -1 60 -1 229 -1 60 -1 -2
62 -1 62 -1 60 -1 447 -1 60 -1 -2
62 -1 62 -1 60 -1 451 -1 60 -1 -2
62 -1 60 -1 514 -1 60 -1 229 -1 229 -1 229 -1 229 -1 229 -1 229 -1 229 -1 229 -1 229 -1 229 -1 229 -1 229 -1 229 -1 229 -1 229 -1 229 -1 229 -1 229 -1 229 -1 60 -1 -2
62 -1 62 -1 60 -1 229 -1 60 -1 60 -1 -2
62 -1 60 -1 458 -1 60 -1 60 -1 60 -1 -2
62 -1 60 -1 503 -1 60 -1 60 -1 60 -1 -2
62 -1 60 -1 229 -1 229 -1 229 -1 229 -1 229 -1 229 -1 229 -1 229 -1 229 -1 229 -1 229 -1 229 -1 229 -1 229 -1 229 -1 229 -1 60 -1 -2
62 -1 60 -1 229 -1 60 -1 60 -1 -2
62 -1 62 -1 60 -1 229 -1 60 -1 -2
62 -1 60 -1 446 -1 60 -1 60 -1 -2
