62 -1 332 -1 60 -1 86 -1 60 -1 60 -1 -2
62 -1 332 -1 60 -1 86 -1 60 -1 60 -1 -2
62 -1 332 -1 60 -1 86 -1 60 -1 60 -1 -2
62 -1 114 -1 86 -1 60 -1 60 -1 -2
62 -1 332 -1 60 -1 86 -1 60 -1 60 -1 -2
62 -1 332 -1 60 -1 86 -1 60 -1 60 -1 -2
62 -1 332 -1 60 -1 86 -1 60 -1 60 -1 -2
62 -1 114 -1 86 -1 60 -1 60 -1 -2
62 -1 332 -1 60 -1 86 -1 60 -1 60 -1 -2
62 -1 332 -1 60 -1 86 -1 60 -1 60 -1 -2
62 -1 332 -1 60 -1 86 -1 60 -1 60 -1 -2
62 -1 114 -1 326 -1 326 -1 326 -1 326 -1 326 -1 326 -1 326 -1 326 -1 326 -1 326 -1 326 -1 326 -1 326 -1 326 -1 326 -1 -2
62 -1 332 -1 60 -1 86 -1 60 -1 60 -1 -2
62 -1 114 -1 326 -1 326 -1 326 -1 326 -1 326 -1 326 -1 326 -1 326 -1 326 -1 326 -1 326 -1 326 -1 326 -1 326 -1 326 -1 -2
62 -1 332 -1 60 -1 86 -1 60 -1 60 -1 -2
62 -1 114 -1 86 -1 60 -1 60 -1 -2
62 -1 332 -1 60 -1 86 -1 60 -1 60 -1 -2
62 -1 332 -1 60 -1 86 -1 60 -1 60 -1 -2
62 -1 332 -1 60 -1 86 -1 60 -1 60 -1 -2
62 -1 332 -1 60 -1 86 -1 60 -1 60 -1 -2
62 -1 332 -1 60 -1 86 -1 60 -1 60 -1 -2
62 -1 332 -1 60 -1 86 -1 60 -1 60 -1 -2
62 -1 332 -1 60 -1 86 -1 60 -1 60 -1 -2
62 -1 332 -1 60 -1 86 -1 60 -1 60 -1 -2
62 -1 332 -1 60 -1 86 -1 60 -1 60 -1 -2
62 -1 332 -1 60 -1 86 -1 60 -1 60 -1 -2
62 -1 332 -1 60 -1 86 -1 60 -1 60 -1 -2
62 -1 332 -1 60 -1 86 -1 60 -1 60 -1 -2
62 -1 332 -1 60 -1 86 -1 60 -1 60 -1 -2
62 -1 332 -1 60 -1 86 -1 60 -1 60 -1 -2
62 -1 332 -1 60 -1 86 -1 60 -1 60 -1 -2
62 -1 332 -1 60 -1 86 -1 60 -1 60 -1 -2
62 -1 332 -1 60 -1 86 -1 60 -1 60 -1 -2
62 -1 114 -1 326 -1 326 -1 326 -1 326 -1 326 -1 326 -1 326 -1 326 -1 326 -1 326 -1 326 -1 326 -1 326 -1 326 -1 326 -1 -2
62 -1 332 -1 60 -1 86 -1 60 -1 60 -1 -2
62 -1 332 -1 60 -1 86 -1 60 -1 60 -1 -2
62 -1 332 -1 60 -1 86 -1 60 -1 60 -1 -2
62 -1 332 -1 60 -1 86 -1 60 -1 60 -1 -2
62 -1 332 -1 60 -1 86 -1 60 -1 60 -1 -2
62 -1 332 -1 60 -1 86 -1 60 -1 60 -1 -2
62 -1 332 -1 60 -1 86 -1 60 -1 60 -1 -2
62 -1 332 -1 60 -1 86 -1 60 -1 60 -1 -2
62 -1 332 -1 60 -1 86 -1 60 -1 60 -1 -2
62 -1 332 -1 60 -1 86 -1 60 -1 60 -1 -2
62 -1 332 -1 60 -1 86 -1 60 -1 60 -1 -2
62 -1 332 -1 60 -1 86 -1 60 -1 60 -1 -2
62 -1 332 -1 60 -1 86 -1 60 -1 60 -1 -2
62 -1 332 -1 60 -1 86 -1 60 -1 60 -1 -2
62 -1 114 -1 86 -1 60 -1 60 -1 -2
62 -1 332 -1 60 -1 86 -1 60 -1 60 -1 -2
62 -1 114 -1 326 -1 326 -1 326 -1 326 -1 326 -1 326 -1 326 -1 326 -1 326 -1 326 -1 326 -1 326 -1 326 -1 326 -1 326 -1 -2
62 -1 332 -1 60 -1 86 -1 60 -1 60 -1 -2
62 -1 114 -1 86 -1 60 -1 60 -1 -2
62 -1 332 -1 60 -1 86 -1 60 -1 60 -1 -2
62 -1 332 -1 60 -1 86 -1 60 -1 60 -1 -2
62 -1 332 -1 60 -1 86 -1 60 -1 60 -1 -2
62 -1 332 -1 60 -1 86 -1 60 -1 60 -1 -2
62 -1 332 -1 60 -1 86 -1 60 -1 60 -1 -2
62 -1 332 -1 60 -1 86 -1 60 -1 60 -1 -2
62 -1 332 -1 60 -1 86 -1 60 -1 60 -1 -2
62 -1 332 -1 60 -1 86 -1 60 -1 60 -1 -2
62 -1 332 -1 60 -1 86 -1 60 -1 60 -1 -2
62 -1 332 -1 60 -1 86 -1 60 -1 60 -1 -2
62 -1 332 -1 60 -1 86 -1 60 -1 60 -1 -2
62 -1 332 -1 60 -1 86 -1 60 -1 60 -1 -2
62 -1 332 -1 60 -1 86 -1 60 -1 60 -1 -2
62 -1 332 -1 60 -1 86 -1 60 -1 60 -1 -2
62 -1 332 -1 60 -1 86 -1 60 -1 60 -1 -2
62 -1 332 -1 60 -1 86 -1 60 -1 60 -1 -2
62 -1 332 -1 60 -1 86 -1 60 -1 60 -1 -2
62 -1 332 -1 60 -1 86 -1 60 -1 60 -1 -2
62 -1 332 -1 60 -1 86 -1 60 -1 60 -1 -2
62 -1 114 -1 326 -1 326 -1 326 -1 326 -1 326 -1 326 -1 326 -1 326 -1 326 -1 326 -1 326 -1 326 -1 326 -1 326 -1 326 -1 -2
62 -1 332 -1 60 -1 86 -1 60 -1 60 -1 -2
62 -1 114 -1 86 -1 60 -1 60 -1 -2
62 -1 332 -1 60 -1 86 -1 60 -1 60 -1 -2
62 -1 332 -1 60 -1 86 -1 60 -1 60 -1 -2
62 -1 332 -1 60 -1 86 -1 60 -1 60 -1 -2
62 -1 332 -1 60 -1 86 -1 60 -1 60 -1 -2
62 -1 332 -1 60 -1 86 -1 60 -1 60 -1 -2
62 -1 332 -1 60 -1 86 -1 60 -1 60 -1 -2
62 -1 332 -1 60 -1 86 -1 60 -1 60 -1 -2
62 -1 332 -1 60 -1 86 -1 60 -1 60 -1 -2
62 -1 332 -1 60 -1 86 -1 60 -1 60 -1 -2
62 -1 332 -1 60 -1 86 -1 60 -1 60 -1 -2
62 -1 332 -1 60 -1 86 -1 60 -1 60 -1 -2
62 -1 332 -1 60 -1 86 -1 60 -1 60 -1 -2
62 -1 332 -1 60 -1 86 -1 60 -1 60 -1 -2
62 -1 332 -1 60 -1 86 -1 60 -1 60 -1 -2
62 -1 332 -1 60 -1 86 -1 60 -1 60 -1 -2
62 -1 332 -1 60 -1 86 -1 60 -1 60 -1 -2
62 -1 332 -1 60 -1 86 -1 60 -1 60 -1 -2
62 -1 332 -1 60 -1 86 -1 60 -1 60 -1 -2
62 -1 332 -1 60 -1 86 -1 60 -1 60 -1 -2
62 -1 114 -1 86 -1 60 -1 60 -1 -2
62 -1 332 -1 60 -1 86 -1 60 -1 60 -1 -2
62 -1 114 -1 326 -1 326 -1 326 -1 326 -1 326 -1 326 -1 326 -1 326 -1 326 -1 326 -1 326 -1 326 -1 326 -1 326 -1 326 -1 -2
62 -1 332 -1 60 -1 86 -1 60 -1 60 -1 -2
62 -1 332 -1 60 -1 86 -1 60 -1 60 -1 -2
62 -1 332 -1 60 -1 86 -1 60 -1 60 -1 -2
62 -1 332 -1 60 -1 86 -1 60 -1 60 -1 -2
62 -1 332 -1 60 -1 86 -1 60 -1 60 -1 -2
62 -1 332 -1 60 -1 86 -1 60 -1 60 -1 -2
62 -1 332 -1 60 -1 86 -1 60 -1 60 -1 -2
62 -1 332 -1 60 -1 86 -1 60 -1 60 -1 -2
62 -1 332 -1 60 -1 86 -1 60 -1 60 -1 -2
62 -1 332 -1 60 -1 86 -1 60 -1 60 -1 -2
62 -1 332 -1 60 -1 86 -1 60 -1 60 -1 -2
62 -1 332 -1 60 -1 86 -1 60 -1 60 -1 -2
62 -1 332 -1 60 -1 86 -1 60 -1 60 -1 -2
62 -1 332 -1 60 -1 86 -1 60 -1 60 -1 -2
