62 -1 62 -1 62 -1 62 -1 62 -1 62 -1 -2
62 -1 62 -1 62 -1 62 -1 62 -1 62 -1 -2
62 -1 62 -1 62 -1 62 -1 62 -1 62 -1 -2
62 -1 62 -1 62 -1 62 -1 62 -1 62 -1 -2
62 -1 62 -1 62 -1 62 -1 62 -1 62 -1 -2
62 -1 62 -1 62 -1 62 -1 62 -1 62 -1 -2
62 -1 62 -1 62 -1 62 -1 62 -1 62 -1 -2
62 -1 62 -1 62 -1 62 -1 62 -1 62 -1 -2
62 -1 62 -1 62 -1 62 -1 62 -1 62 -1 -2
62 -1 62 -1 62 -1 62 -1 62 -1 62 -1 -2
62 -1 62 -1 62 -1 62 -1 62 -1 62 -1 -2
62 -1 62 -1 62 -1 62 -1 62 -1 62 -1 -2
62 -1 62 -1 62 -1 62 -1 62 -1 62 -1 -2
62 -1 62 -1 62 -1 62 -1 62 -1 62 -1 -2
62 -1 62 -1 62 -1 62 -1 62 -1 62 -1 -2
62 -1 62 -1 60 -1 60 -1 60 -1 60 -1 -2
62 -1 62 -1 60 -1 60 -1 61 -1 61 -1 224 -1 224 -1 60 -1 60 -1 60 -1 60 -1 60 -1 60 -1 -2
62 -1 62 -1 62 -1 62 -1 62 -1 62 -1 -2
62 -1 62 -1 62 -1 62 -1 62 -1 62 -1 -2
62 -1 62 -1 62 -1 62 -1 62 -1 62 -1 -2
62 -1 62 -1 60 -1 60 -1 61 -1 61 -1 224 -1 -2
62 -1 62 -1 62 -1 62 -1 62 -1 62 -1 -2
62 -1 62 -1 62 -1 62 -1 62 -1 62 -1 -2
62 -1 62 -1 60 -1 60 -1 61 -1 61 -1 224 -1 224 -1 60 -1 60 -1 60 -1 60 -1 60 -1 60 -1 -2
62 -1 62 -1 62 -1 62 -1 62 -1 62 -1 -2
62 -1 62 -1 62 -1 62 -1 62 -1 62 -1 -2
62 -1 62 -1 62 -1 62 -1 62 -1 62 -1 -2
62 -1 62 -1 62 -1 62 -1 62 -1 62 -1 -2
62 -1 62 -1 62 -1 62 -1 62 -1 62 -1 -2
62 -1 62 -1 60 -1 60 -1 60 -1 60 -1 -2
62 -1 62 -1 60 -1 60 -1 61 -1 61 -1 224 -1 224 -1 60 -1 60 -1 60 -1 60 -1 60 -1 60 -1 -2
62 -1 62 -1 62 -1 62 -1 62 -1 62 -1 -2
62 -1 62 -1 60 -1 60 -1 61 -1 61 -1 224 -1 224 -1 60 -1 60 -1 60 -1 60 -1 60 -1 60 -1 -2
62 -1 62 -1 60 -1 60 -1 61 -1 61 -1 224 -1 224 -1 60 -1 60 -1 60 -1 60 -1 60 -1 60 -1 -2
62 -1 62 -1 62 -1 62 -1 62 -1 62 -1 -2
62 -1 62 -1 62 -1 62 -1 62 -1 62 -1 -2
62 -1 62 -1 62 -1 62 -1 62 -1 62 -1 -2
62 -1 62 -1 62 -1 62 -1 62 -1 62 -1 -2
62 -1 62 -1 62 -1 62 -1 62 -1 62 -1 -2
62 -1 62 -1 62 -1 62 -1 62 -1 62 -1 -2
62 -1 62 -1 62 -1 62 -1 62 -1 62 -1 -2
62 -1 62 -1 62 -1 62 -1 62 -1 62 -1 -2
62 -1 62 -1 62 -1 62 -1 62 -1 62 -1 -2
62 -1 62 -1 60 -1 60 -1 61 -1 61 -1 224 -1 224 -1 60 -1 60 -1 60 -1 60 -1 60 -1 60 -1 -2
62 -1 62 -1 60 -1 60 -1 60 -1 60 -1 -2
62 -1 62 -1 62 -1 62 -1 62 -1 62 -1 -2
62 -1 62 -1 60 -1 60 -1 61 -1 61 -1 224 -1 224 -1 60 -1 60 -1 60 -1 60 -1 60 -1 60 -1 -2
62 -1 62 -1 62 -1 62 -1 62 -1 62 -1 -2
62 -1 62 -1 62 -1 62 -1 62 -1 62 -1 -2
62 -1 62 -1 62 -1 62 -1 62 -1 62 -1 -2
62 -1 62 -1 62 -1 62 -1 62 -1 62 -1 -2
62 -1 62 -1 60 -1 60 -1 61 -1 61 -1 224 -1 224 -1 60 -1 60 -1 60 -1 60 -1 60 -1 60 -1 -2
62 -1 62 -1 60 -1 60 -1 61 -1 61 -1 224 -1 224 -1 60 -1 60 -1 60 -1 60 -1 60 -1 60 -1 -2
62 -1 62 -1 62 -1 62 -1 62 -1 62 -1 -2
62 -1 62 -1 62 -1 62 -1 62 -1 62 -1 -2
62 -1 62 -1 62 -1 62 -1 62 -1 62 -1 -2
62 -1 62 -1 60 -1 60 -1 61 -1 61 -1 224 -1 224 -1 60 -1 60 -1 60 -1 60 -1 60 -1 60 -1 -2
62 -1 62 -1 60 -1 60 -1 61 -1 61 -1 223 -1 223 -1 60 -1 60 -1 60 -1 60 -1 60 -1 60 -1 -2
62 -1 62 -1 60 -1 60 -1 61 -1 61 -1 224 -1 224 -1 60 -1 60 -1 60 -1 60 -1 60 -1 60 -1 -2
62 -1 62 -1 62 -1 62 -1 62 -1 62 -1 -2
62 -1 62 -1 62 -1 62 -1 62 -1 62 -1 -2
62 -1 62 -1 60 -1 60 -1 61 -1 61 -1 224 -1 224 -1 60 -1 60 -1 60 -1 60 -1 60 -1 60 -1 -2
62 -1 62 -1 62 -1 62 -1 62 -1 62 -1 -2
62 -1 62 -1 60 -1 60 -1 61 -1 61 -1 224 -1 224 -1 60 -1 60 -1 60 -1 60 -1 60 -1 60 -1 -2
62 -1 62 -1 62 -1 62 -1 62 -1 62 -1 -2
62 -1 62 -1 62 -1 62 -1 62 -1 62 -1 -2
62 -1 62 -1 62 -1 62 -1 62 -1 62 -1 -2
62 -1 62 -1 60 -1 60 -1 61 -1 61 -1 224 -1 224 -1 60 -1 60 -1 60 -1 60 -1 60 -1 60 -1 -2
62 -1 62 -1 62 -1 62 -1 62 -1 62 -1 -2
62 -1 62 -1 62 -1 62 -1 62 -1 62 -1 -2
62 -1 62 -1 60 -1 60 -1 61 -1 61 -1 224 -1 224 -1 60 -1 60 -1 60 -1 60 -1 60 -1 60 -1 -2
62 -1 62 -1 62 -1 62 -1 62 -1 62 -1 -2
62 -1 62 -1 62 -1 62 -1 62 -1 62 -1 -2
62 -1 62 -1 62 -1 62 -1 62 -1 62 -1 -2
62 -1 62 -1 60 -1 60 -1 61 -1 61 -1 224 -1 224 -1 60 -1 60 -1 60 -1 60 -1 60 -1 60 -1 -2
62 -1 62 -1 62 -1 62 -1 62 -1 62 -1 -2
62 -1 62 -1 62 -1 62 -1 62 -1 62 -1 -2
62 -1 62 -1 62 -1 62 -1 62 -1 62 -1 -2
62 -1 62 -1 62 -1 62 -1 62 -1 62 -1 -2
62 -1 62 -1 62 -1 62 -1 62 -1 62 -1 -2
62 -1 62 -1 62 -1 62 -1 62 -1 62 -1 -2
62 -1 62 -1 62 -1 62 -1 62 -1 62 -1 -2
62 -1 62 -1 60 -1 60 -1 61 -1 61 -1 224 -1 224 -1 60 -1 60 -1 60 -1 60 -1 60 -1 60 -1 -2
62 -1 62 -1 62 -1 62 -1 62 -1 62 -1 -2
62 -1 62 -1 60 -1 60 -1 61 -1 61 -1 224 -1 224 -1 60 -1 60 -1 60 -1 60 -1 60 -1 60 -1 -2
62 -1 62 -1 62 -1 62 -1 62 -1 62 -1 -2
62 -1 62 -1 62 -1 62 -1 62 -1 62 -1 -2
62 -1 62 -1 62 -1 62 -1 62 -1 62 -1 -2
62 -1 62 -1 62 -1 62 -1 62 -1 62 -1 -2
62 -1 62 -1 62 -1 62 -1 62 -1 62 -1 -2
62 -1 62 -1 62 -1 62 -1 62 -1 62 -1 -2
62 -1 62 -1 60 -1 60 -1 61 -1 61 -1 224 -1 224 -1 60 -1 60 -1 60 -1 60 -1 60 -1 60 -1 -2
62 -1 62 -1 62 -1 62 -1 62 -1 62 -1 -2
62 -1 62 -1 60 -1 60 -1 61 -1 61 -1 224 -1 224 -1 60 -1 60 -1 60 -1 60 -1 60 -1 60 -1 -2
62 -1 62 -1 62 -1 62 -1 62 -1 -2
62 -1 62 -1 62 -1 62 -1 62 -1 62 -1 -2
62 -1 62 -1 62 -1 62 -1 62 -1 62 -1 -2
62 -1 62 -1 62 -1 62 -1 62 -1 62 -1 -2
62 -1 62 -1 62 -1 62 -1 62 -1 62 -1 -2
62 -1 62 -1 62 -1 62 -1 62 -1 62 -1 -2
62 -1 62 -1 62 -1 62 -1 62 -1 62 -1 -2
62 -1 62 -1 62 -1 62 -1 62 -1 62 -1 -2
62 -1 62 -1 60 -1 60 -1 61 -1 61 -1 224 -1 224 -1 60 -1 60 -1 60 -1 60 -1 60 -1 60 -1 -2
62 -1 62 -1 62 -1 62 -1 62 -1 62 -1 -2
62 -1 62 -1 62 -1 62 -1 62 -1 62 -1 -2
62 -1 62 -1 62 -1 62 -1 62 -1 62 -1 -2
62 -1 62 -1 62 -1 62 -1 62 -1 62 -1 -2
62 -1 62 -1 62 -1 62 -1 62 -1 62 -1 -2
62 -1 62 -1 60 -1 60 -1 60 -1 60 -1 -2
62 -1 62 -1 62 -1 62 -1 62 -1 62 -1 -2
62 -1 62 -1 60 -1 60 -1 61 -1 61 -1 224 -1 224 -1 60 -1 60 -1 60 -1 60 -1 60 -1 60 -1 -2
62 -1 62 -1 62 -1 62 -1 62 -1 62 -1 -2
62 -1 62 -1 62 -1 62 -1 62 -1 62 -1 -2
62 -1 62 -1 62 -1 62 -1 62 -1 62 -1 -2
62 -1 62 -1 62 -1 62 -1 62 -1 62 -1 -2
62 -1 62 -1 62 -1 62 -1 62 -1 62 -1 -2
62 -1 62 -1 62 -1 62 -1 62 -1 62 -1 -2
62 -1 62 -1 62 -1 62 -1 62 -1 62 -1 -2
62 -1 62 -1 62 -1 62 -1 62 -1 62 -1 -2
62 -1 62 -1 60 -1 60 -1 61 -1 61 -1 224 -1 224 -1 60 -1 60 -1 60 -1 60 -1 60 -1 60 -1 -2
62 -1 62 -1 62 -1 62 -1 62 -1 -2
62 -1 62 -1 62 -1 62 -1 62 -1 62 -1 -2
62 -1 62 -1 62 -1 62 -1 62 -1 62 -1 -2
62 -1 62 -1 62 -1 62 -1 62 -1 62 -1 -2
62 -1 62 -1 62 -1 62 -1 62 -1 62 -1 -2
62 -1 62 -1 62 -1 62 -1 62 -1 62 -1 -2
62 -1 62 -1 62 -1 62 -1 62 -1 62 -1 -2
62 -1 62 -1 60 -1 60 -1 61 -1 61 -1 224 -1 224 -1 60 -1 60 -1 60 -1 60 -1 60 -1 60 -1 -2
62 -1 62 -1 62 -1 62 -1 62 -1 62 -1 -2
62 -1 62 -1 62 -1 62 -1 62 -1 62 -1 -2
62 -1 62 -1 62 -1 62 -1 62 -1 62 -1 -2
62 -1 60 -1 60 -1 61 -1 61 -1 224 -1 224 -1 60 -1 60 -1 60 -1 60 -1 60 -1 60 -1 -2
62 -1 62 -1 60 -1 60 -1 61 -1 61 -1 224 -1 224 -1 60 -1 60 -1 60 -1 60 -1 60 -1 60 -1 -2
62 -1 62 -1 62 -1 62 -1 62 -1 62 -1 -2
62 -1 62 -1 62 -1 62 -1 62 -1 62 -1 -2
62 -1 62 -1 62 -1 62 -1 62 -1 62 -1 -2
62 -1 62 -1 62 -1 62 -1 62 -1 62 -1 -2
62 -1 62 -1 62 -1 62 -1 62 -1 -2
62 -1 62 -1 62 -1 62 -1 62 -1 62 -1 -2
62 -1 62 -1 62 -1 62 -1 62 -1 62 -1 -2
62 -1 62 -1 62 -1 62 -1 62 -1 62 -1 -2
62 -1 62 -1 60 -1 60 -1 61 -1 61 -1 224 -1 224 -1 60 -1 60 -1 60 -1 60 -1 60 -1 60 -1 -2
62 -1 62 -1 62 -1 62 -1 62 -1 62 -1 -2
62 -1 62 -1 60 -1 60 -1 61 -1 61 -1 224 -1 224 -1 60 -1 60 -1 60 -1 60 -1 60 -1 60 -1 -2
62 -1 62 -1 60 -1 60 -1 61 -1 61 -1 223 -1 223 -1 60 -1 60 -1 60 -1 60 -1 60 -1 60 -1 -2
62 -1 62 -1 62 -1 62 -1 62 -1 62 -1 -2
62 -1 62 -1 62 -1 62 -1 62 -1 62 -1 -2
62 -1 62 -1 60 -1 60 -1 61 -1 61 -1 224 -1 224 -1 60 -1 60 -1 60 -1 60 -1 60 -1 60 -1 -2
62 -1 62 -1 62 -1 62 -1 62 -1 62 -1 -2
62 -1 62 -1 60 -1 60 -1 61 -1 61 -1 224 -1 224 -1 60 -1 60 -1 60 -1 60 -1 60 -1 60 -1 -2
62 -1 62 -1 62 -1 62 -1 62 -1 62 -1 -2
62 -1 62 -1 62 -1 62 -1 62 -1 62 -1 -2
62 -1 62 -1 62 -1 62 -1 62 -1 62 -1 -2
62 -1 62 -1 62 -1 62 -1 62 -1 62 -1 -2
62 -1 62 -1 62 -1 62 -1 62 -1 62 -1 -2
62 -1 62 -1 62 -1 62 -1 62 -1 62 -1 -2
62 -1 62 -1 62 -1 62 -1 62 -1 62 -1 -2
62 -1 62 -1 60 -1 60 -1 61 -1 61 -1 224 -1 224 -1 60 -1 60 -1 -2
62 -1 62 -1 62 -1 62 -1 62 -1 62 -1 -2
62 -1 62 -1 62 -1 62 -1 62 -1 62 -1 -2
62 -1 62 -1 62 -1 62 -1 62 -1 62 -1 -2
62 -1 62 -1 62 -1 62 -1 62 -1 62 -1 -2
62 -1 62 -1 62 -1 62 -1 62 -1 62 -1 -2
62 -1 62 -1 60 -1 60 -1 61 -1 61 -1 224 -1 224 -1 60 -1 60 -1 60 -1 60 -1 60 -1 60 -1 -2
62 -1 62 -1 62 -1 62 -1 62 -1 62 -1 -2
62 -1 62 -1 62 -1 62 -1 62 -1 62 -1 -2
62 -1 62 -1 62 -1 62 -1 62 -1 62 -1 -2
62 -1 62 -1 62 -1 62 -1 62 -1 62 -1 -2
62 -1 62 -1 62 -1 62 -1 62 -1 62 -1 -2
62 -1 62 -1 62 -1 62 -1 62 -1 62 -1 -2
62 -1 62 -1 62 -1 62 -1 62 -1 62 -1 -2
62 -1 62 -1 60 -1 60 -1 61 -1 61 -1 224 -1 224 -1 60 -1 60 -1 60 -1 60 -1 60 -1 60 -1 -2
62 -1 62 -1 62 -1 62 -1 62 -1 62 -1 -2
62 -1 62 -1 62 -1 62 -1 62 -1 62 -1 -2
62 -1 62 -1 62 -1 62 -1 62 -1 62 -1 -2
62 -1 62 -1 62 -1 62 -1 62 -1 62 -1 -2
62 -1 62 -1 62 -1 62 -1 62 -1 62 -1 -2
62 -1 62 -1 62 -1 62 -1 62 -1 62 -1 -2
62 -1 62 -1 62 -1 62 -1 62 -1 62 -1 -2
62 -1 62 -1 62 -1 62 -1 62 -1 62 -1 -2
62 -1 62 -1 62 -1 62 -1 62 -1 62 -1 -2
62 -1 62 -1 60 -1 60 -1 61 -1 61 -1 224 -1 224 -1 60 -1 60 -1 60 -1 60 -1 60 -1 60 -1 -2
62 -1 62 -1 60 -1 60 -1 61 -1 61 -1 224 -1 224 -1 60 -1 60 -1 60 -1 60 -1 60 -1 60 -1 -2
62 -1 62 -1 60 -1 60 -1 61 -1 61 -1 224 -1 224 -1 60 -1 60 -1 60 -1 60 -1 60 -1 60 -1 -2
62 -1 62 -1 60 -1 60 -1 60 -1 60 -1 -2
62 -1 60 -1 60 -1 61 -1 61 -1 224 -1 224 -1 60 -1 60 -1 60 -1 60 -1 60 -1 60 -1 -2
62 -1 62 -1 60 -1 60 -1 61 -1 61 -1 224 -1 224 -1 60 -1 60 -1 60 -1 60 -1 60 -1 60 -1 -2
62 -1 62 -1 62 -1 62 -1 62 -1 62 -1 -2
62 -1 62 -1 62 -1 62 -1 62 -1 62 -1 -2
62 -1 62 -1 60 -1 60 -1 60 -1 60 -1 -2
62 -1 62 -1 60 -1 60 -1 61 -1 61 -1 224 -1 224 -1 60 -1 60 -1 60 -1 60 -1 60 -1 60 -1 -2
62 -1 62 -1 62 -1 62 -1 62 -1 62 -1 -2
62 -1 62 -1 62 -1 62 -1 62 -1 62 -1 -2
62 -1 62 -1 62 -1 62 -1 62 -1 62 -1 -2
62 -1 62 -1 60 -1 60 -1 61 -1 61 -1 224 -1 224 -1 60 -1 60 -1 60 -1 60 -1 60 -1 60 -1 -2
62 -1 62 -1 62 -1 62 -1 62 -1 62 -1 -2
62 -1 62 -1 60 -1 60 -1 61 -1 61 -1 224 -1 224 -1 60 -1 60 -1 60 -1 60 -1 60 -1 60 -1 -2
62 -1 62 -1 60 -1 60 -1 61 -1 61 -1 224 -1 224 -1 60 -1 60 -1 60 -1 60 -1 60 -1 60 -1 -2
62 -1 62 -1 62 -1 62 -1 62 -1 62 -1 -2
62 -1 62 -1 62 -1 62 -1 62 -1 62 -1 -2
62 -1 62 -1 62 -1 62 -1 62 -1 62 -1 -2
62 -1 62 -1 62 -1 62 -1 62 -1 62 -1 -2
62 -1 62 -1 62 -1 62 -1 62 -1 62 -1 -2
62 -1 62 -1 62 -1 62 -1 62 -1 62 -1 -2
62 -1 62 -1 62 -1 62 -1 62 -1 62 -1 -2
62 -1 62 -1 62 -1 62 -1 62 -1 62 -1 -2
62 -1 62 -1 60 -1 60 -1 61 -1 61 -1 224 -1 224 -1 60 -1 60 -1 60 -1 60 -1 60 -1 60 -1 -2
62 -1 62 -1 62 -1 62 -1 62 -1 62 -1 -2
62 -1 62 -1 62 -1 62 -1 62 -1 62 -1 -2
62 -1 62 -1 62 -1 62 -1 62 -1 62 -1 -2
62 -1 62 -1 62 -1 62 -1 62 -1 62 -1 -2
62 -1 62 -1 62 -1 62 -1 62 -1 62 -1 -2
62 -1 62 -1 60 -1 60 -1 61 -1 61 -1 224 -1 224 -1 60 -1 60 -1 60 -1 60 -1 60 -1 60 -1 -2
62 -1 62 -1 62 -1 62 -1 62 -1 62 -1 -2
62 -1 62 -1 62 -1 62 -1 62 -1 62 -1 -2
62 -1 62 -1 62 -1 62 -1 62 -1 62 -1 -2
62 -1 62 -1 62 -1 62 -1 62 -1 62 -1 -2
62 -1 62 -1 62 -1 62 -1 62 -1 62 -1 -2
62 -1 62 -1 65 -1 65 -1 379 -1 379 -1 60 -1 60 -1 65 -1 65 -1 69 -1 69 -1 69 -1 69 -1 60 -1 60 -1 88 -1 88 -1 381 -1 381 -1 60 -1 60 -1 102 -1 102 -1 106 -1 106 -1 60 -1 60 -1 106 -1 106 -1 60 -1 60 -1 102 -1 102 -1 60 -1 60 -1 -2
62 -1 62 -1 62 -1 62 -1 62 -1 62 -1 -2
62 -1 62 -1 62 -1 62 -1 62 -1 62 -1 -2
62 -1 62 -1 62 -1 62 -1 62 -1 62 -1 -2
62 -1 62 -1 62 -1 62 -1 62 -1 62 -1 -2
62 -1 62 -1 62 -1 62 -1 62 -1 62 -1 -2
62 -1 62 -1 62 -1 62 -1 62 -1 62 -1 -2
62 -1 62 -1 62 -1 62 -1 62 -1 62 -1 -2
62 -1 62 -1 62 -1 62 -1 62 -1 62 -1 -2
62 -1 62 -1 62 -1 62 -1 62 -1 62 -1 -2
62 -1 62 -1 62 -1 62 -1 62 -1 62 -1 -2
62 -1 62 -1 60 -1 60 -1 61 -1 61 -1 223 -1 223 -1 60 -1 60 -1 60 -1 60 -1 60 -1 60 -1 -2
62 -1 62 -1 62 -1 62 -1 62 -1 62 -1 -2
62 -1 62 -1 62 -1 62 -1 62 -1 62 -1 -2
62 -1 62 -1 62 -1 62 -1 62 -1 62 -1 -2
62 -1 62 -1 62 -1 62 -1 62 -1 62 -1 -2
62 -1 62 -1 62 -1 62 -1 62 -1 62 -1 -2
62 -1 62 -1 62 -1 62 -1 62 -1 62 -1 -2
62 -1 62 -1 62 -1 62 -1 62 -1 62 -1 -2
62 -1 62 -1 60 -1 60 -1 61 -1 61 -1 224 -1 224 -1 60 -1 60 -1 60 -1 60 -1 60 -1 60 -1 -2
62 -1 62 -1 62 -1 62 -1 62 -1 62 -1 -2
62 -1 62 -1 60 -1 60 -1 61 -1 61 -1 224 -1 224 -1 60 -1 60 -1 60 -1 60 -1 60 -1 60 -1 -2
62 -1 62 -1 62 -1 62 -1 62 -1 62 -1 -2
62 -1 62 -1 62 -1 62 -1 62 -1 62 -1 -2
62 -1 62 -1 60 -1 60 -1 61 -1 61 -1 224 -1 224 -1 60 -1 60 -1 60 -1 60 -1 60 -1 60 -1 -2
62 -1 62 -1 62 -1 62 -1 62 -1 62 -1 -2
62 -1 62 -1 62 -1 62 -1 62 -1 62 -1 -2
62 -1 62 -1 62 -1 62 -1 62 -1 62 -1 -2
62 -1 62 -1 62 -1 62 -1 62 -1 62 -1 -2
62 -1 62 -1 62 -1 62 -1 62 -1 62 -1 -2
62 -1 62 -1 62 -1 62 -1 62 -1 62 -1 -2
62 -1 62 -1 62 -1 62 -1 62 -1 62 -1 -2
62 -1 62 -1 60 -1 60 -1 61 -1 61 -1 224 -1 224 -1 60 -1 60 -1 60 -1 60 -1 60 -1 60 -1 -2
62 -1 62 -1 62 -1 62 -1 62 -1 62 -1 -2
62 -1 62 -1 62 -1 62 -1 62 -1 62 -1 -2
62 -1 62 -1 62 -1 62 -1 62 -1 62 -1 -2
62 -1 62 -1 62 -1 62 -1 62 -1 62 -1 -2
62 -1 62 -1 60 -1 60 -1 61 -1 61 -1 224 -1 224 -1 60 -1 60 -1 60 -1 60 -1 60 -1 60 -1 -2
62 -1 62 -1 60 -1 60 -1 61 -1 61 -1 224 -1 224 -1 60 -1 60 -1 60 -1 60 -1 60 -1 60 -1 -2
62 -1 62 -1 62 -1 62 -1 62 -1 62 -1 -2
62 -1 62 -1 62 -1 62 -1 62 -1 62 -1 -2
62 -1 62 -1 62 -1 62 -1 62 -1 62 -1 -2
62 -1 62 -1 62 -1 62 -1 62 -1 62 -1 -2
62 -1 62 -1 62 -1 62 -1 62 -1 62 -1 -2
62 -1 62 -1 62 -1 62 -1 62 -1 62 -1 -2
62 -1 62 -1 62 -1 62 -1 62 -1 62 -1 -2
62 -1 62 -1 62 -1 62 -1 62 -1 62 -1 -2
62 -1 62 -1 62 -1 62 -1 62 -1 62 -1 -2
62 -1 62 -1 62 -1 62 -1 62 -1 62 -1 -2
62 -1 62 -1 62 -1 62 -1 62 -1 62 -1 -2
62 -1 62 -1 60 -1 60 -1 61 -1 61 -1 224 -1 224 -1 60 -1 60 -1 60 -1 60 -1 60 -1 60 -1 -2
62 -1 62 -1 60 -1 60 -1 61 -1 61 -1 224 -1 224 -1 60 -1 60 -1 60 -1 60 -1 60 -1 60 -1 -2
62 -1 62 -1 62 -1 62 -1 62 -1 62 -1 -2
62 -1 62 -1 62 -1 62 -1 62 -1 62 -1 -2
62 -1 62 -1 62 -1 62 -1 62 -1 62 -1 -2
62 -1 62 -1 62 -1 62 -1 62 -1 62 -1 -2
62 -1 62 -1 62 -1 62 -1 62 -1 62 -1 -2
62 -1 62 -1 62 -1 62 -1 62 -1 62 -1 -2
62 -1 62 -1 62 -1 62 -1 62 -1 62 -1 -2
62 -1 62 -1 62 -1 62 -1 62 -1 62 -1 -2
62 -1 62 -1 62 -1 62 -1 62 -1 62 -1 -2
62 -1 62 -1 126 -1 126 -1 191 -1 191 -1 294 -1 294 -1 330 -1 330 -1 150 -1 150 -1 176 -1 176 -1 97 -1 97 -1 93 -1 93 -1 60 -1 60 -1 60 -1 60 -1 -2
62 -1 62 -1 62 -1 62 -1 62 -1 62 -1 -2
62 -1 62 -1 62 -1 62 -1 62 -1 62 -1 -2
62 -1 62 -1 62 -1 62 -1 62 -1 62 -1 -2
62 -1 62 -1 62 -1 62 -1 62 -1 62 -1 -2
62 -1 62 -1 62 -1 62 -1 62 -1 62 -1 -2
62 -1 62 -1 62 -1 62 -1 62 -1 62 -1 -2
62 -1 62 -1 62 -1 62 -1 62 -1 62 -1 -2
62 -1 62 -1 62 -1 62 -1 62 -1 62 -1 -2
62 -1 62 -1 62 -1 62 -1 62 -1 62 -1 -2
62 -1 62 -1 60 -1 60 -1 61 -1 61 -1 224 -1 224 -1 60 -1 60 -1 60 -1 60 -1 60 -1 60 -1 -2
62 -1 62 -1 62 -1 62 -1 62 -1 62 -1 -2
62 -1 62 -1 62 -1 62 -1 62 -1 62 -1 -2
62 -1 62 -1 62 -1 62 -1 62 -1 62 -1 -2
62 -1 62 -1 62 -1 62 -1 62 -1 62 -1 -2
62 -1 62 -1 62 -1 62 -1 62 -1 62 -1 -2
62 -1 62 -1 62 -1 62 -1 62 -1 62 -1 -2
62 -1 62 -1 62 -1 62 -1 62 -1 62 -1 -2
62 -1 62 -1 62 -1 62 -1 62 -1 62 -1 -2
62 -1 62 -1 60 -1 60 -1 60 -1 60 -1 -2
62 -1 62 -1 60 -1 60 -1 61 -1 61 -1 224 -1 224 -1 60 -1 60 -1 60 -1 60 -1 60 -1 60 -1 -2
62 -1 62 -1 60 -1 60 -1 61 -1 61 -1 224 -1 224 -1 60 -1 60 -1 60 -1 60 -1 60 -1 60 -1 -2
62 -1 62 -1 60 -1 60 -1 61 -1 61 -1 224 -1 224 -1 60 -1 60 -1 60 -1 60 -1 60 -1 60 -1 -2
62 -1 62 -1 62 -1 62 -1 62 -1 62 -1 -2
62 -1 62 -1 60 -1 60 -1 60 -1 60 -1 -2
62 -1 62 -1 60 -1 60 -1 61 -1 61 -1 224 -1 224 -1 60 -1 60 -1 60 -1 60 -1 60 -1 60 -1 -2
62 -1 62 -1 62 -1 62 -1 62 -1 62 -1 -2
62 -1 62 -1 60 -1 60 -1 60 -1 60 -1 -2
62 -1 62 -1 60 -1 60 -1 61 -1 61 -1 224 -1 224 -1 60 -1 60 -1 60 -1 60 -1 60 -1 60 -1 -2
62 -1 62 -1 62 -1 62 -1 62 -1 62 -1 -2
62 -1 62 -1 62 -1 62 -1 62 -1 62 -1 -2
62 -1 62 -1 62 -1 62 -1 62 -1 62 -1 -2
62 -1 62 -1 60 -1 60 -1 60 -1 60 -1 -2
62 -1 62 -1 62 -1 62 -1 62 -1 62 -1 -2
62 -1 62 -1 62 -1 62 -1 62 -1 62 -1 -2
62 -1 62 -1 60 -1 60 -1 61 -1 61 -1 224 -1 224 -1 60 -1 60 -1 60 -1 60 -1 60 -1 60 -1 -2
62 -1 62 -1 62 -1 62 -1 62 -1 62 -1 -2
62 -1 62 -1 60 -1 60 -1 61 -1 61 -1 224 -1 224 -1 60 -1 60 -1 60 -1 60 -1 60 -1 60 -1 -2
62 -1 62 -1 62 -1 62 -1 62 -1 62 -1 -2
62 -1 62 -1 62 -1 62 -1 62 -1 62 -1 -2
62 -1 62 -1 62 -1 62 -1 62 -1 62 -1 -2
62 -1 62 -1 62 -1 62 -1 62 -1 62 -1 -2
62 -1 62 -1 62 -1 62 -1 62 -1 62 -1 -2
62 -1 62 -1 62 -1 62 -1 62 -1 62 -1 -2
62 -1 62 -1 62 -1 62 -1 62 -1 62 -1 -2
62 -1 62 -1 62 -1 62 -1 62 -1 62 -1 -2
62 -1 62 -1 62 -1 62 -1 62 -1 62 -1 -2
62 -1 62 -1 62 -1 62 -1 62 -1 62 -1 -2
62 -1 60 -1 60 -1 61 -1 61 -1 224 -1 224 -1 60 -1 60 -1 60 -1 60 -1 60 -1 60 -1 -2
62 -1 62 -1 62 -1 62 -1 62 -1 62 -1 -2
62 -1 62 -1 62 -1 62 -1 62 -1 62 -1 -2
62 -1 62 -1 62 -1 62 -1 62 -1 62 -1 -2
62 -1 62 -1 60 -1 60 -1 61 -1 61 -1 224 -1 224 -1 60 -1 60 -1 60 -1 60 -1 60 -1 60 -1 -2
62 -1 62 -1 62 -1 62 -1 62 -1 62 -1 -2
62 -1 62 -1 62 -1 62 -1 62 -1 62 -1 -2
62 -1 62 -1 62 -1 62 -1 62 -1 62 -1 -2
62 -1 62 -1 62 -1 62 -1 62 -1 62 -1 -2
62 -1 62 -1 60 -1 60 -1 61 -1 61 -1 224 -1 224 -1 60 -1 60 -1 60 -1 60 -1 60 -1 60 -1 -2
62 -1 62 -1 60 -1 60 -1 61 -1 61 -1 224 -1 224 -1 60 -1 60 -1 60 -1 60 -1 60 -1 60 -1 -2
62 -1 62 -1 60 -1 60 -1 61 -1 61 -1 224 -1 224 -1 60 -1 60 -1 60 -1 60 -1 60 -1 60 -1 -2
62 -1 62 -1 60 -1 60 -1 61 -1 61 -1 224 -1 224 -1 60 -1 60 -1 60 -1 60 -1 60 -1 60 -1 -2
62 -1 62 -1 62 -1 62 -1 62 -1 62 -1 -2
62 -1 62 -1 62 -1 62 -1 62 -1 62 -1 -2
62 -1 62 -1 60 -1 60 -1 61 -1 61 -1 224 -1 224 -1 60 -1 60 -1 60 -1 60 -1 60 -1 60 -1 -2
62 -1 62 -1 62 -1 62 -1 62 -1 62 -1 -2
62 -1 62 -1 62 -1 62 -1 62 -1 62 -1 -2
62 -1 62 -1 60 -1 60 -1 61 -1 61 -1 224 -1 224 -1 60 -1 60 -1 60 -1 60 -1 60 -1 60 -1 -2
62 -1 62 -1 62 -1 62 -1 62 -1 62 -1 -2
