62 -1 54 -1 310 -1 54 -1 54 -1 54 -1 54 -1 54 -1 54 -1 54 -1 278 -1 102 -1 102 -1 -2
110 -1 110 -1 92 -1 92 -1 92 -1 -2
110 -1 110 -1 92 -1 92 -1 92 -1 -2
92 -1 92 -1 110 -1 110 -1 110 -1 -2
110 -1 110 -1 92 -1 92 -1 92 -1 -2
110 -1 110 -1 92 -1 92 -1 92 -1 -2
92 -1 92 -1 110 -1 110 -1 110 -1 -2
110 -1 110 -1 92 -1 92 -1 92 -1 -2
92 -1 92 -1 110 -1 110 -1 110 -1 -2
110 -1 110 -1 92 -1 92 -1 92 -1 -2
92 -1 92 -1 110 -1 110 -1 110 -1 -2
110 -1 110 -1 92 -1 92 -1 92 -1 -2
92 -1 92 -1 110 -1 110 -1 110 -1 -2
