62 -1 60 -1 148 -1 60 -1 60 -1 112 -1 60 -1 60 -1 60 -1 -2
62 -1 60 -1 132 -1 60 -1 133 -1 60 -1 133 -1 132 -1 133 -1 60 -1 133 -1 60 -1 133 -1 132 -1 133 -1 133 -1 132 -1 133 -1 128 -1 60 -1 60 -1 60 -1 60 -1 60 -1 60 -1 60 -1 -2
62 -1 60 -1 120 -1 60 -1 60 -1 60 -1 60 -1 60 -1 -2
62 -1 62 -1 60 -1 60 -1 119 -1 60 -1 60 -1 60 -1 -2
62 -1 60 -1 135 -1 60 -1 60 -1 60 -1 60 -1 60 -1 60 -1 60 -1 109 -1 60 -1 60 -1 60 -1 60 -1 60 -1 60 -1 60 -1 60 -1 60 -1 60 -1 60 -1 60 -1 -2
62 -1 60 -1 151 -1 99 -1 60 -1 60 -1 60 -1 60 -1 60 -1 60 -1 66 -1 66 -1 66 -1 66 -1 66 -1 60 -1 141 -1 60 -1 60 -1 60 -1 60 -1 60 -1 -2
62 -1 60 -1 112 -1 60 -1 60 -1 60 -1 60 -1 60 -1 60 -1 60 -1 60 -1 -2
62 -1 60 -1 121 -1 60 -1 60 -1 -2
60 -1 60 -1 60 -1 60 -1 60 -1 60 -1 60 -1 60 -1 60 -1 60 -1 60 -1 60 -1 60 -1 60 -1 60 -1 60 -1 60 -1 -2
60 -1 60 -1 60 -1 60 -1 60 -1 60 -1 60 -1 60 -1 60 -1 60 -1 60 -1 60 -1 60 -1 60 -1 60 -1 60 -1 60 -1 60 -1 60 -1 130 -1 60 -1 60 -1 60 -1 60 -1 60 -1 60 -1 60 -1 60 -1 60 -1 60 -1 136 -1 60 -1 60 -1 60 -1 60 -1 60 -1 60 -1 60 -1 60 -1 60 -1 60 -1 131 -1 60 -1 60 -1 138 -1 60 -1 60 -1 145 -1 60 -1 142 -1 60 -1 60 -1 60 -1 60 -1 60 -1 60 -1 60 -1 60 -1 60 -1 60 -1 60 -1 146 -1 60 -1 141 -1 60 -1 60 -1 60 -1 60 -1 60 -1 60 -1 60 -1 60 -1 60 -1 60 -1 60 -1 60 -1 60 -1 60 -1 60 -1 60 -1 151 -1 60 -1 60 -1 60 -1 60 -1 60 -1 60 -1 60 -1 60 -1 60 -1 60 -1 60 -1 60 -1 137 -1 60 -1 60 -1 146 -1 60 -1 60 -1 60 -1 60 -1 60 -1 60 -1 60 -1 60 -1 60 -1 60 -1 60 -1 60 -1 60 -1 60 -1 60 -1 -2
62 -1 60 -1 136 -1 60 -1 60 -1 60 -1 60 -1 60 -1 60 -1 60 -1 60 -1 60 -1 60 -1 60 -1 60 -1 60 -1 60 -1 60 -1 60 -1 60 -1 60 -1 60 -1 60 -1 60 -1 60 -1 60 -1 60 -1 60 -1 60 -1 60 -1 60 -1 60 -1 60 -1 60 -1 60 -1 60 -1 60 -1 60 -1 60 -1 60 -1 60 -1 60 -1 60 -1 60 -1 60 -1 60 -1 60 -1 60 -1 60 -1 60 -1 60 -1 60 -1 -2
60 -1 60 -1 60 -1 60 -1 60 -1 60 -1 60 -1 60 -1 60 -1 60 -1 60 -1 60 -1 60 -1 130 -1 60 -1 60 -1 60 -1 60 -1 60 -1 60 -1 60 -1 60 -1 60 -1 60 -1 60 -1 136 -1 60 -1 60 -1 60 -1 60 -1 60 -1 60 -1 60 -1 60 -1 60 -1 131 -1 60 -1 60 -1 138 -1 60 -1 142 -1 60 -1 60 -1 60 -1 60 -1 60 -1 60 -1 60 -1 60 -1 60 -1 60 -1 60 -1 60 -1 146 -1 141 -1 60 -1 60 -1 60 -1 60 -1 60 -1 60 -1 60 -1 60 -1 60 -1 60 -1 60 -1 60 -1 60 -1 60 -1 60 -1 151 -1 60 -1 60 -1 60 -1 60 -1 60 -1 60 -1 60 -1 60 -1 60 -1 60 -1 60 -1 137 -1 60 -1 146 -1 60 -1 60 -1 60 -1 60 -1 60 -1 60 -1 60 -1 60 -1 60 -1 60 -1 60 -1 60 -1 60 -1 60 -1 60 -1 60 -1 -2
60 -1 60 -1 60 -1 60 -1 60 -1 60 -1 60 -1 60 -1 60 -1 60 -1 60 -1 60 -1 60 -1 60 -1 60 -1 60 -1 60 -1 60 -1 60 -1 60 -1 60 -1 60 -1 60 -1 60 -1 60 -1 60 -1 60 -1 60 -1 60 -1 60 -1 60 -1 60 -1 60 -1 60 -1 60 -1 60 -1 60 -1 60 -1 60 -1 60 -1 60 -1 60 -1 60 -1 60 -1 60 -1 60 -1 60 -1 60 -1 60 -1 60 -1 60 -1 60 -1 -2
62 -1 60 -1 123 -1 60 -1 127 -1 60 -1 123 -1 60 -1 125 -1 60 -1 130 -1 60 -1 132 -1 60 -1 137 -1 60 -1 137 -1 60 -1 137 -1 60 -1 137 -1 60 -1 60 -1 -2
62 -1 60 -1 189 -1 60 -1 166 -1 60 -1 165 -1 166 -1 60 -1 -2
60 -1 164 -1 60 -1 210 -1 60 -1 184 -1 60 -1 -2
60 -1 60 -1 60 -1 60 -1 113 -1 60 -1 110 -1 60 -1 137 -1 60 -1 60 -1 60 -1 60 -1 60 -1 -2
62 -1 60 -1 163 -1 60 -1 60 -1 60 -1 60 -1 113 -1 60 -1 110 -1 60 -1 122 -1 60 -1 60 -1 60 -1 60 -1 60 -1 60 -1 60 -1 60 -1 60 -1 60 -1 60 -1 60 -1 60 -1 60 -1 60 -1 60 -1 137 -1 60 -1 60 -1 60 -1 60 -1 60 -1 -2
62 -1 60 -1 140 -1 60 -1 60 -1 60 -1 60 -1 60 -1 60 -1 60 -1 60 -1 60 -1 60 -1 60 -1 60 -1 60 -1 146 -1 60 -1 60 -1 60 -1 60 -1 60 -1 60 -1 60 -1 60 -1 60 -1 60 -1 60 -1 60 -1 60 -1 60 -1 -2
62 -1 60 -1 122 -1 60 -1 60 -1 60 -1 60 -1 60 -1 60 -1 60 -1 60 -1 60 -1 60 -1 60 -1 60 -1 60 -1 60 -1 60 -1 60 -1 60 -1 60 -1 60 -1 60 -1 -2
62 -1 60 -1 127 -1 60 -1 99 -1 60 -1 60 -1 60 -1 60 -1 60 -1 60 -1 60 -1 60 -1 60 -1 60 -1 141 -1 60 -1 60 -1 60 -1 60 -1 -2
62 -1 60 -1 171 -1 60 -1 60 -1 60 -1 144 -1 60 -1 60 -1 166 -1 60 -1 60 -1 60 -1 60 -1 60 -1 60 -1 60 -1 60 -1 170 -1 60 -1 60 -1 66 -1 66 -1 66 -1 66 -1 60 -1 60 -1 60 -1 60 -1 60 -1 60 -1 166 -1 60 -1 60 -1 60 -1 60 -1 60 -1 60 -1 60 -1 60 -1 60 -1 60 -1 60 -1 60 -1 167 -1 60 -1 60 -1 60 -1 60 -1 60 -1 60 -1 60 -1 60 -1 60 -1 60 -1 60 -1 -2
60 -1 107 -1 60 -1 107 -1 107 -1 60 -1 117 -1 60 -1 117 -1 117 -1 117 -1 107 -1 60 -1 -2
62 -1 60 -1 577 -1 60 -1 107 -1 60 -1 -2
62 -1 62 -1 60 -1 128 -1 60 -1 60 -1 60 -1 60 -1 60 -1 60 -1 60 -1 60 -1 60 -1 60 -1 60 -1 60 -1 60 -1 -2
62 -1 60 -1 127 -1 99 -1 60 -1 60 -1 60 -1 60 -1 60 -1 60 -1 60 -1 60 -1 60 -1 60 -1 60 -1 127 -1 99 -1 60 -1 60 -1 60 -1 60 -1 60 -1 60 -1 60 -1 60 -1 60 -1 60 -1 60 -1 141 -1 60 -1 60 -1 60 -1 60 -1 141 -1 60 -1 60 -1 60 -1 60 -1 60 -1 -2
62 -1 60 -1 109 -1 60 -1 60 -1 60 -1 60 -1 60 -1 60 -1 60 -1 60 -1 60 -1 60 -1 60 -1 -2
62 -1 60 -1 132 -1 60 -1 133 -1 133 -1 132 -1 133 -1 133 -1 132 -1 133 -1 128 -1 60 -1 60 -1 60 -1 60 -1 60 -1 60 -1 60 -1 -2
62 -1 60 -1 160 -1 60 -1 60 -1 -2
60 -1 60 -1 60 -1 60 -1 60 -1 60 -1 60 -1 60 -1 60 -1 60 -1 60 -1 60 -1 60 -1 60 -1 60 -1 60 -1 60 -1 60 -1 60 -1 60 -1 60 -1 60 -1 60 -1 60 -1 60 -1 60 -1 60 -1 60 -1 -2
60 -1 60 -1 60 -1 60 -1 112 -1 60 -1 60 -1 60 -1 60 -1 60 -1 60 -1 60 -1 60 -1 60 -1 60 -1 60 -1 60 -1 60 -1 60 -1 60 -1 60 -1 60 -1 60 -1 60 -1 60 -1 60 -1 60 -1 60 -1 60 -1 60 -1 60 -1 60 -1 60 -1 60 -1 60 -1 60 -1 60 -1 60 -1 60 -1 60 -1 60 -1 60 -1 60 -1 60 -1 60 -1 60 -1 60 -1 60 -1 60 -1 60 -1 60 -1 60 -1 60 -1 60 -1 60 -1 60 -1 60 -1 60 -1 60 -1 60 -1 60 -1 60 -1 60 -1 60 -1 60 -1 60 -1 60 -1 60 -1 60 -1 60 -1 60 -1 60 -1 60 -1 60 -1 60 -1 60 -1 60 -1 60 -1 60 -1 60 -1 60 -1 60 -1 60 -1 60 -1 60 -1 60 -1 60 -1 60 -1 60 -1 60 -1 60 -1 60 -1 60 -1 60 -1 60 -1 60 -1 60 -1 60 -1 60 -1 60 -1 60 -1 60 -1 60 -1 60 -1 60 -1 60 -1 60 -1 60 -1 60 -1 60 -1 60 -1 60 -1 60 -1 60 -1 -2
62 -1 60 -1 136 -1 60 -1 60 -1 60 -1 60 -1 60 -1 60 -1 60 -1 60 -1 60 -1 60 -1 116 -1 60 -1 60 -1 60 -1 60 -1 60 -1 60 -1 60 -1 60 -1 60 -1 66 -1 66 -1 66 -1 66 -1 66 -1 66 -1 66 -1 60 -1 60 -1 60 -1 60 -1 60 -1 60 -1 60 -1 60 -1 60 -1 60 -1 60 -1 60 -1 60 -1 60 -1 60 -1 60 -1 60 -1 60 -1 60 -1 60 -1 60 -1 60 -1 60 -1 60 -1 60 -1 60 -1 60 -1 60 -1 60 -1 60 -1 60 -1 60 -1 60 -1 60 -1 60 -1 60 -1 60 -1 60 -1 60 -1 60 -1 60 -1 60 -1 60 -1 60 -1 60 -1 60 -1 60 -1 60 -1 60 -1 60 -1 60 -1 60 -1 60 -1 60 -1 60 -1 60 -1 60 -1 60 -1 60 -1 60 -1 60 -1 60 -1 60 -1 60 -1 60 -1 60 -1 60 -1 60 -1 60 -1 60 -1 60 -1 60 -1 60 -1 60 -1 60 -1 60 -1 60 -1 117 -1 60 -1 60 -1 60 -1 60 -1 60 -1 60 -1 60 -1 60 -1 60 -1 60 -1 60 -1 60 -1 60 -1 60 -1 60 -1 60 -1 60 -1 60 -1 -2
62 -1 60 -1 158 -1 60 -1 60 -1 60 -1 60 -1 60 -1 -2
62 -1 60 -1 127 -1 99 -1 60 -1 60 -1 60 -1 60 -1 60 -1 60 -1 60 -1 60 -1 60 -1 60 -1 60 -1 127 -1 60 -1 99 -1 60 -1 60 -1 60 -1 60 -1 60 -1 60 -1 60 -1 60 -1 60 -1 60 -1 60 -1 -2
62 -1 60 -1 168 -1 60 -1 60 -1 60 -1 -2
62 -1 60 -1 121 -1 60 -1 60 -1 60 -1 66 -1 66 -1 74 -1 74 -1 66 -1 66 -1 66 -1 60 -1 60 -1 60 -1 60 -1 60 -1 60 -1 60 -1 60 -1 60 -1 60 -1 60 -1 60 -1 60 -1 60 -1 60 -1 60 -1 60 -1 60 -1 60 -1 60 -1 60 -1 60 -1 60 -1 60 -1 60 -1 60 -1 60 -1 60 -1 60 -1 60 -1 60 -1 60 -1 60 -1 60 -1 60 -1 60 -1 60 -1 60 -1 60 -1 60 -1 60 -1 60 -1 60 -1 60 -1 60 -1 60 -1 60 -1 60 -1 60 -1 60 -1 60 -1 60 -1 60 -1 60 -1 -2
62 -1 60 -1 107 -1 60 -1 60 -1 60 -1 60 -1 60 -1 60 -1 -2
62 -1 60 -1 155 -1 60 -1 60 -1 60 -1 60 -1 60 -1 60 -1 60 -1 60 -1 60 -1 60 -1 60 -1 60 -1 60 -1 60 -1 60 -1 60 -1 60 -1 60 -1 -2
62 -1 60 -1 140 -1 60 -1 60 -1 140 -1 60 -1 60 -1 -2
62 -1 60 -1 127 -1 99 -1 60 -1 60 -1 60 -1 60 -1 60 -1 60 -1 60 -1 60 -1 60 -1 60 -1 60 -1 141 -1 60 -1 60 -1 60 -1 60 -1 -2
62 -1 60 -1 140 -1 60 -1 60 -1 139 -1 60 -1 60 -1 60 -1 60 -1 60 -1 60 -1 60 -1 60 -1 60 -1 60 -1 60 -1 60 -1 60 -1 -2
62 -1 60 -1 141 -1 60 -1 60 -1 60 -1 60 -1 60 -1 -2
62 -1 60 -1 112 -1 60 -1 60 -1 60 -1 60 -1 60 -1 60 -1 60 -1 60 -1 60 -1 60 -1 60 -1 -2
62 -1 60 -1 120 -1 60 -1 60 -1 60 -1 60 -1 60 -1 -2
62 -1 60 -1 60 -1 60 -1 119 -1 60 -1 60 -1 60 -1 -2
62 -1 60 -1 124 -1 60 -1 60 -1 60 -1 -2
62 -1 60 -1 124 -1 60 -1 60 -1 60 -1 -2
62 -1 60 -1 141 -1 60 -1 60 -1 60 -1 60 -1 60 -1 -2
60 -1 60 -1 60 -1 60 -1 60 -1 60 -1 60 -1 60 -1 60 -1 60 -1 60 -1 60 -1 60 -1 60 -1 60 -1 60 -1 161 -1 161 -1 60 -1 60 -1 60 -1 60 -1 60 -1 60 -1 60 -1 -2
60 -1 60 -1 60 -1 60 -1 160 -1 60 -1 60 -1 60 -1 60 -1 60 -1 60 -1 60 -1 60 -1 60 -1 190 -1 60 -1 60 -1 60 -1 60 -1 60 -1 60 -1 60 -1 60 -1 60 -1 60 -1 60 -1 60 -1 -2
60 -1 170 -1 60 -1 169 -1 60 -1 -2
60 -1 60 -1 60 -1 60 -1 60 -1 60 -1 60 -1 60 -1 -2
60 -1 60 -1 60 -1 60 -1 170 -1 60 -1 60 -1 -2
60 -1 60 -1 170 -1 60 -1 60 -1 169 -1 60 -1 169 -1 60 -1 -2
60 -1 60 -1 60 -1 60 -1 176 -1 60 -1 60 -1 60 -1 60 -1 60 -1 60 -1 60 -1 60 -1 60 -1 190 -1 60 -1 60 -1 60 -1 60 -1 60 -1 60 -1 60 -1 60 -1 60 -1 60 -1 60 -1 60 -1 60 -1 152 -1 60 -1 60 -1 60 -1 60 -1 -2
60 -1 60 -1 60 -1 60 -1 60 -1 60 -1 60 -1 60 -1 60 -1 60 -1 60 -1 60 -1 169 -1 -2
62 -1 60 -1 161 -1 66 -1 60 -1 -2
60 -1 66 -1 66 -1 60 -1 60 -1 60 -1 60 -1 60 -1 60 -1 -2
60 -1 60 -1 60 -1 60 -1 60 -1 60 -1 60 -1 60 -1 60 -1 60 -1 60 -1 60 -1 -2
60 -1 60 -1 60 -1 169 -1 60 -1 60 -1 60 -1 173 -1 60 -1 60 -1 60 -1 60 -1 60 -1 60 -1 60 -1 60 -1 164 -1 60 -1 160 -1 60 -1 60 -1 60 -1 60 -1 60 -1 60 -1 60 -1 60 -1 171 -1 60 -1 60 -1 60 -1 60 -1 152 -1 60 -1 60 -1 60 -1 60 -1 60 -1 60 -1 60 -1 60 -1 60 -1 60 -1 60 -1 60 -1 -2
60 -1 60 -1 60 -1 60 -1 60 -1 60 -1 60 -1 60 -1 60 -1 60 -1 60 -1 60 -1 -2
62 -1 60 -1 124 -1 60 -1 60 -1 60 -1 -2
62 -1 60 -1 124 -1 60 -1 60 -1 60 -1 -2
62 -1 60 -1 143 -1 60 -1 60 -1 60 -1 -2
62 -1 60 -1 133 -1 134 -1 60 -1 60 -1 60 -1 60 -1 60 -1 60 -1 60 -1 -2
62 -1 60 -1 143 -1 60 -1 60 -1 164 -1 60 -1 124 -1 60 -1 60 -1 164 -1 60 -1 124 -1 60 -1 60 -1 60 -1 -2
62 -1 60 -1 134 -1 60 -1 60 -1 60 -1 60 -1 60 -1 60 -1 60 -1 60 -1 60 -1 60 -1 60 -1 134 -1 60 -1 60 -1 60 -1 60 -1 60 -1 60 -1 60 -1 60 -1 60 -1 60 -1 60 -1 60 -1 -2
62 -1 60 -1 133 -1 60 -1 60 -1 60 -1 60 -1 60 -1 60 -1 60 -1 60 -1 60 -1 60 -1 60 -1 60 -1 -2
62 -1 60 -1 112 -1 60 -1 60 -1 60 -1 60 -1 60 -1 60 -1 60 -1 60 -1 60 -1 60 -1 60 -1 -2
62 -1 60 -1 121 -1 60 -1 60 -1 60 -1 60 -1 60 -1 -2
62 -1 60 -1 124 -1 236 -1 60 -1 161 -1 -2
60 -1 60 -1 60 -1 60 -1 60 -1 60 -1 60 -1 60 -1 60 -1 60 -1 60 -1 60 -1 60 -1 60 -1 60 -1 60 -1 60 -1 60 -1 60 -1 60 -1 60 -1 60 -1 60 -1 60 -1 60 -1 60 -1 60 -1 60 -1 60 -1 60 -1 60 -1 60 -1 60 -1 60 -1 60 -1 60 -1 60 -1 60 -1 60 -1 60 -1 60 -1 60 -1 -2
62 -1 60 -1 124 -1 60 -1 60 -1 60 -1 60 -1 60 -1 60 -1 60 -1 60 -1 60 -1 60 -1 60 -1 60 -1 60 -1 60 -1 60 -1 60 -1 60 -1 60 -1 60 -1 60 -1 60 -1 60 -1 60 -1 60 -1 60 -1 60 -1 60 -1 60 -1 60 -1 60 -1 60 -1 60 -1 60 -1 60 -1 60 -1 60 -1 60 -1 60 -1 60 -1 60 -1 60 -1 60 -1 60 -1 -2
62 -1 60 -1 132 -1 122 -1 60 -1 60 -1 60 -1 60 -1 60 -1 60 -1 60 -1 60 -1 60 -1 60 -1 60 -1 60 -1 60 -1 -2
62 -1 60 -1 121 -1 60 -1 60 -1 60 -1 60 -1 60 -1 60 -1 60 -1 -2
62 -1 60 -1 134 -1 60 -1 60 -1 60 -1 60 -1 60 -1 60 -1 60 -1 60 -1 60 -1 60 -1 60 -1 60 -1 60 -1 60 -1 -2
62 -1 60 -1 132 -1 133 -1 133 -1 132 -1 133 -1 133 -1 132 -1 133 -1 134 -1 60 -1 60 -1 60 -1 60 -1 60 -1 60 -1 60 -1 -2
62 -1 60 -1 170 -1 147 -1 60 -1 -2
62 -1 60 -1 151 -1 60 -1 99 -1 60 -1 60 -1 60 -1 60 -1 60 -1 60 -1 60 -1 60 -1 60 -1 60 -1 60 -1 -2
62 -1 60 -1 147 -1 60 -1 60 -1 60 -1 60 -1 60 -1 60 -1 60 -1 60 -1 60 -1 60 -1 60 -1 60 -1 60 -1 60 -1 60 -1 60 -1 60 -1 -2
62 -1 60 -1 134 -1 60 -1 60 -1 60 -1 60 -1 60 -1 60 -1 60 -1 60 -1 60 -1 60 -1 60 -1 60 -1 60 -1 60 -1 60 -1 60 -1 60 -1 60 -1 60 -1 -2
62 -1 60 -1 195 -1 60 -1 60 -1 60 -1 60 -1 60 -1 60 -1 60 -1 60 -1 60 -1 60 -1 -2
62 -1 60 -1 134 -1 60 -1 60 -1 60 -1 60 -1 60 -1 60 -1 60 -1 60 -1 60 -1 60 -1 60 -1 60 -1 60 -1 60 -1 -2
62 -1 60 -1 122 -1 60 -1 60 -1 60 -1 60 -1 60 -1 60 -1 60 -1 -2
62 -1 60 -1 116 -1 60 -1 60 -1 60 -1 60 -1 60 -1 -2
62 -1 60 -1 141 -1 60 -1 60 -1 60 -1 60 -1 60 -1 -2
62 -1 60 -1 128 -1 60 -1 60 -1 60 -1 60 -1 60 -1 60 -1 60 -1 -2
62 -1 60 -1 155 -1 60 -1 60 -1 60 -1 -2
62 -1 60 -1 133 -1 60 -1 60 -1 60 -1 60 -1 60 -1 60 -1 60 -1 60 -1 60 -1 60 -1 60 -1 60 -1 -2
62 -1 60 -1 133 -1 60 -1 60 -1 -2
62 -1 60 -1 134 -1 60 -1 60 -1 60 -1 60 -1 60 -1 60 -1 60 -1 60 -1 60 -1 60 -1 60 -1 60 -1 60 -1 60 -1 60 -1 60 -1 60 -1 60 -1 -2
62 -1 60 -1 120 -1 60 -1 60 -1 60 -1 60 -1 60 -1 -2
62 -1 60 -1 143 -1 60 -1 60 -1 60 -1 -2
62 -1 60 -1 60 -1 119 -1 60 -1 60 -1 60 -1 -2
62 -1 60 -1 145 -1 60 -1 152 -1 60 -1 -2
62 -1 60 -1 123 -1 60 -1 60 -1 60 -1 60 -1 60 -1 60 -1 60 -1 60 -1 60 -1 60 -1 60 -1 60 -1 60 -1 60 -1 60 -1 60 -1 60 -1 -2
62 -1 60 -1 151 -1 60 -1 99 -1 60 -1 60 -1 60 -1 60 -1 60 -1 60 -1 60 -1 60 -1 60 -1 60 -1 60 -1 60 -1 -2
62 -1 60 -1 112 -1 60 -1 60 -1 60 -1 60 -1 60 -1 60 -1 60 -1 60 -1 60 -1 60 -1 60 -1 -2
62 -1 60 -1 140 -1 60 -1 60 -1 60 -1 60 -1 60 -1 60 -1 60 -1 60 -1 60 -1 60 -1 60 -1 60 -1 60 -1 60 -1 60 -1 140 -1 60 -1 66 -1 66 -1 66 -1 66 -1 60 -1 60 -1 60 -1 60 -1 60 -1 60 -1 60 -1 60 -1 60 -1 60 -1 60 -1 60 -1 60 -1 60 -1 -2
62 -1 60 -1 121 -1 60 -1 60 -1 -2
62 -1 60 -1 142 -1 60 -1 60 -1 60 -1 -2
62 -1 60 -1 124 -1 60 -1 60 -1 -2
62 -1 60 -1 141 -1 60 -1 60 -1 60 -1 60 -1 60 -1 60 -1 -2
62 -1 60 -1 112 -1 60 -1 60 -1 60 -1 -2
62 -1 60 -1 124 -1 60 -1 60 -1 60 -1 -2
62 -1 60 -1 132 -1 60 -1 60 -1 -2
62 -1 60 -1 158 -1 60 -1 60 -1 60 -1 60 -1 -2
62 -1 60 -1 122 -1 60 -1 60 -1 60 -1 60 -1 60 -1 60 -1 60 -1 60 -1 60 -1 60 -1 60 -1 60 -1 60 -1 -2
62 -1 60 -1 124 -1 60 -1 60 -1 -2
62 -1 60 -1 134 -1 60 -1 60 -1 60 -1 60 -1 60 -1 60 -1 60 -1 60 -1 60 -1 60 -1 60 -1 60 -1 60 -1 60 -1 60 -1 60 -1 60 -1 60 -1 -2
62 -1 60 -1 112 -1 60 -1 60 -1 60 -1 60 -1 60 -1 60 -1 60 -1 60 -1 60 -1 -2
62 -1 60 -1 60 -1 132 -1 60 -1 60 -1 -2
62 -1 60 -1 124 -1 60 -1 60 -1 60 -1 60 -1 60 -1 60 -1 60 -1 60 -1 66 -1 66 -1 66 -1 66 -1 66 -1 66 -1 60 -1 -2
62 -1 60 -1 166 -1 60 -1 60 -1 60 -1 60 -1 60 -1 60 -1 60 -1 60 -1 60 -1 60 -1 60 -1 60 -1 60 -1 -2
62 -1 60 -1 124 -1 60 -1 60 -1 60 -1 66 -1 66 -1 66 -1 66 -1 66 -1 60 -1 60 -1 60 -1 60 -1 60 -1 60 -1 60 -1 60 -1 60 -1 -2
62 -1 60 -1 60 -1 70 -1 60 -1 71 -1 60 -1 60 -1 60 -1 68 -1 60 -1 60 -1 -2
62 -1 60 -1 124 -1 60 -1 60 -1 60 -1 60 -1 60 -1 60 -1 117 -1 60 -1 -2
62 -1 60 -1 134 -1 60 -1 60 -1 60 -1 60 -1 60 -1 60 -1 60 -1 60 -1 60 -1 60 -1 60 -1 60 -1 60 -1 60 -1 60 -1 60 -1 60 -1 60 -1 60 -1 -2
62 -1 60 -1 60 -1 121 -1 60 -1 60 -1 -2
62 -1 60 -1 60 -1 130 -1 60 -1 60 -1 60 -1 60 -1 60 -1 60 -1 60 -1 60 -1 60 -1 60 -1 60 -1 60 -1 60 -1 60 -1 60 -1 60 -1 60 -1 60 -1 60 -1 60 -1 60 -1 60 -1 60 -1 60 -1 60 -1 60 -1 -2
60 -1 60 -1 60 -1 60 -1 60 -1 60 -1 60 -1 60 -1 60 -1 60 -1 60 -1 60 -1 60 -1 60 -1 60 -1 60 -1 60 -1 60 -1 60 -1 -2
62 -1 60 -1 135 -1 60 -1 60 -1 60 -1 60 -1 60 -1 60 -1 -2
62 -1 62 -1 60 -1 122 -1 60 -1 60 -1 -2
62 -1 60 -1 146 -1 146 -1 146 -1 146 -1 -2
62 -1 60 -1 154 -1 60 -1 60 -1 -2
62 -1 60 -1 183 -1 60 -1 60 -1 60 -1 60 -1 60 -1 60 -1 -2
62 -1 60 -1 138 -1 60 -1 60 -1 60 -1 60 -1 60 -1 60 -1 60 -1 60 -1 60 -1 60 -1 -2
62 -1 60 -1 144 -1 60 -1 60 -1 60 -1 60 -1 60 -1 60 -1 -2
62 -1 60 -1 136 -1 136 -1 66 -1 66 -1 66 -1 60 -1 60 -1 60 -1 60 -1 60 -1 60 -1 60 -1 60 -1 60 -1 60 -1 60 -1 60 -1 60 -1 60 -1 -2
62 -1 60 -1 195 -1 60 -1 60 -1 -2
62 -1 60 -1 124 -1 60 -1 60 -1 -2
62 -1 60 -1 184 -1 60 -1 60 -1 -2
62 -1 60 -1 169 -1 60 -1 60 -1 60 -1 60 -1 60 -1 60 -1 60 -1 60 -1 60 -1 60 -1 60 -1 60 -1 60 -1 60 -1 60 -1 60 -1 60 -1 60 -1 60 -1 60 -1 60 -1 60 -1 60 -1 60 -1 60 -1 60 -1 60 -1 60 -1 60 -1 60 -1 60 -1 60 -1 60 -1 60 -1 60 -1 -2
62 -1 60 -1 60 -1 165 -1 60 -1 60 -1 -2
62 -1 60 -1 60 -1 60 -1 142 -1 60 -1 60 -1 -2
62 -1 60 -1 124 -1 60 -1 125 -1 60 -1 -2
62 -1 60 -1 60 -1 121 -1 60 -1 60 -1 60 -1 60 -1 66 -1 66 -1 74 -1 74 -1 66 -1 66 -1 66 -1 60 -1 60 -1 60 -1 60 -1 60 -1 60 -1 60 -1 60 -1 60 -1 60 -1 -2
62 -1 60 -1 129 -1 60 -1 60 -1 60 -1 60 -1 60 -1 60 -1 60 -1 -2
60 -1 60 -1 60 -1 60 -1 60 -1 60 -1 60 -1 60 -1 60 -1 60 -1 60 -1 60 -1 60 -1 60 -1 60 -1 -2
62 -1 60 -1 117 -1 60 -1 60 -1 60 -1 60 -1 60 -1 60 -1 60 -1 60 -1 60 -1 60 -1 60 -1 60 -1 60 -1 60 -1 60 -1 60 -1 60 -1 60 -1 60 -1 60 -1 60 -1 60 -1 60 -1 60 -1 60 -1 60 -1 60 -1 60 -1 60 -1 60 -1 60 -1 -2
62 -1 60 -1 118 -1 118 -1 60 -1 60 -1 125 -1 60 -1 60 -1 -2
62 -1 60 -1 172 -1 60 -1 60 -1 60 -1 -2
62 -1 60 -1 60 -1 146 -1 60 -1 -2
62 -1 62 -1 60 -1 133 -1 60 -1 -2
62 -1 60 -1 142 -1 60 -1 60 -1 60 -1 60 -1 60 -1 60 -1 -2
62 -1 60 -1 155 -1 60 -1 60 -1 158 -1 60 -1 -2
62 -1 60 -1 117 -1 60 -1 121 -1 60 -1 60 -1 -2
62 -1 60 -1 174 -1 60 -1 60 -1 -2
62 -1 60 -1 146 -1 60 -1 60 -1 60 -1 60 -1 -2
62 -1 60 -1 60 -1 163 -1 60 -1 139 -1 60 -1 -2
62 -1 60 -1 121 -1 60 -1 117 -1 60 -1 122 -1 60 -1 121 -1 60 -1 -2
62 -1 60 -1 112 -1 60 -1 60 -1 165 -1 60 -1 60 -1 60 -1 60 -1 60 -1 60 -1 60 -1 60 -1 60 -1 60 -1 60 -1 60 -1 60 -1 60 -1 60 -1 60 -1 60 -1 -2
62 -1 60 -1 60 -1 167 -1 60 -1 60 -1 -2
62 -1 60 -1 60 -1 60 -1 139 -1 60 -1 60 -1 -2
62 -1 60 -1 177 -1 60 -1 60 -1 60 -1 60 -1 -2
62 -1 60 -1 149 -1 60 -1 60 -1 -2
62 -1 60 -1 152 -1 60 -1 60 -1 60 -1 60 -1 60 -1 60 -1 60 -1 60 -1 60 -1 60 -1 60 -1 60 -1 60 -1 60 -1 60 -1 60 -1 60 -1 60 -1 60 -1 -2
62 -1 60 -1 60 -1 162 -1 60 -1 60 -1 -2
62 -1 60 -1 133 -1 60 -1 60 -1 60 -1 60 -1 60 -1 60 -1 60 -1 60 -1 -2
62 -1 60 -1 142 -1 60 -1 60 -1 60 -1 60 -1 60 -1 60 -1 -2
62 -1 60 -1 149 -1 60 -1 60 -1 60 -1 -2
62 -1 60 -1 193 -1 60 -1 141 -1 60 -1 -2
62 -1 60 -1 167 -1 60 -1 60 -1 -2
62 -1 60 -1 60 -1 60 -1 128 -1 60 -1 60 -1 60 -1 60 -1 60 -1 60 -1 60 -1 -2
62 -1 60 -1 121 -1 60 -1 60 -1 -2
62 -1 60 -1 60 -1 154 -1 60 -1 60 -1 60 -1 60 -1 60 -1 60 -1 60 -1 60 -1 60 -1 60 -1 60 -1 60 -1 60 -1 -2
60 -1 60 -1 60 -1 60 -1 60 -1 60 -1 60 -1 -2
62 -1 60 -1 121 -1 60 -1 60 -1 -2
62 -1 60 -1 154 -1 60 -1 60 -1 -2
62 -1 60 -1 143 -1 60 -1 60 -1 -2
62 -1 60 -1 129 -1 60 -1 60 -1 -2
60 -1 60 -1 60 -1 60 -1 60 -1 60 -1 60 -1 -2
62 -1 60 -1 60 -1 60 -1 120 -1 60 -1 60 -1 60 -1 60 -1 60 -1 60 -1 60 -1 60 -1 60 -1 60 -1 60 -1 60 -1 60 -1 60 -1 60 -1 60 -1 60 -1 60 -1 60 -1 60 -1 60 -1 60 -1 60 -1 60 -1 60 -1 60 -1 60 -1 60 -1 60 -1 60 -1 60 -1 60 -1 60 -1 60 -1 60 -1 60 -1 60 -1 60 -1 60 -1 60 -1 60 -1 60 -1 60 -1 60 -1 60 -1 60 -1 60 -1 60 -1 60 -1 60 -1 60 -1 -2
62 -1 60 -1 132 -1 60 -1 60 -1 -2
62 -1 60 -1 168 -1 60 -1 60 -1 60 -1 -2
62 -1 60 -1 112 -1 60 -1 60 -1 60 -1 60 -1 60 -1 60 -1 60 -1 60 -1 60 -1 60 -1 60 -1 60 -1 -2
62 -1 60 -1 148 -1 60 -1 60 -1 -2
62 -1 60 -1 133 -1 60 -1 132 -1 60 -1 60 -1 -2
62 -1 60 -1 60 -1 162 -1 60 -1 60 -1 -2
62 -1 60 -1 112 -1 60 -1 60 -1 60 -1 60 -1 60 -1 60 -1 60 -1 60 -1 60 -1 -2
62 -1 60 -1 133 -1 60 -1 60 -1 60 -1 60 -1 60 -1 60 -1 60 -1 60 -1 60 -1 -2
62 -1 60 -1 120 -1 60 -1 60 -1 60 -1 60 -1 60 -1 60 -1 -2
62 -1 60 -1 139 -1 60 -1 60 -1 60 -1 60 -1 -2
62 -1 60 -1 133 -1 60 -1 60 -1 -2
62 -1 60 -1 122 -1 60 -1 60 -1 -2
62 -1 60 -1 60 -1 191 -1 60 -1 60 -1 -2
62 -1 60 -1 133 -1 60 -1 60 -1 -2
62 -1 60 -1 132 -1 60 -1 60 -1 -2
