62 -1 60 -1 296 -1 429 -1 60 -1 60 -1 -2
62 -1 60 -1 472 -1 60 -1 60 -1 -2
62 -1 60 -1 472 -1 60 -1 60 -1 -2
62 -1 60 -1 296 -1 429 -1 60 -1 60 -1 -2
62 -1 60 -1 472 -1 60 -1 60 -1 -2
62 -1 60 -1 472 -1 60 -1 60 -1 -2
62 -1 60 -1 439 -1 60 -1 60 -1 -2
62 -1 60 -1 296 -1 429 -1 60 -1 60 -1 -2
62 -1 60 -1 296 -1 429 -1 60 -1 60 -1 -2
62 -1 60 -1 296 -1 429 -1 60 -1 60 -1 -2
62 -1 60 -1 472 -1 60 -1 60 -1 -2
62 -1 60 -1 439 -1 60 -1 60 -1 -2
62 -1 60 -1 472 -1 60 -1 60 -1 -2
62 -1 60 -1 472 -1 60 -1 60 -1 -2
62 -1 60 -1 439 -1 60 -1 60 -1 -2
62 -1 60 -1 472 -1 60 -1 60 -1 -2
62 -1 60 -1 472 -1 60 -1 60 -1 -2
62 -1 60 -1 296 -1 429 -1 60 -1 60 -1 -2
62 -1 60 -1 472 -1 60 -1 60 -1 -2
62 -1 60 -1 472 -1 60 -1 60 -1 -2
62 -1 60 -1 296 -1 429 -1 60 -1 60 -1 -2
62 -1 60 -1 296 -1 429 -1 60 -1 60 -1 -2
62 -1 60 -1 296 -1 429 -1 60 -1 60 -1 -2
62 -1 60 -1 296 -1 429 -1 60 -1 60 -1 -2
62 -1 60 -1 472 -1 60 -1 60 -1 -2
62 -1 60 -1 472 -1 60 -1 60 -1 -2
62 -1 60 -1 472 -1 60 -1 60 -1 -2
62 -1 60 -1 472 -1 60 -1 60 -1 -2
62 -1 60 -1 296 -1 429 -1 60 -1 60 -1 -2
62 -1 60 -1 472 -1 60 -1 60 -1 -2
62 -1 60 -1 296 -1 429 -1 60 -1 60 -1 -2
62 -1 60 -1 296 -1 429 -1 60 -1 60 -1 -2
62 -1 60 -1 439 -1 60 -1 60 -1 -2
62 -1 60 -1 472 -1 60 -1 60 -1 -2
62 -1 60 -1 472 -1 60 -1 60 -1 -2
62 -1 60 -1 296 -1 429 -1 60 -1 60 -1 -2
62 -1 60 -1 472 -1 60 -1 60 -1 -2
62 -1 60 -1 472 -1 60 -1 60 -1 -2
62 -1 60 -1 472 -1 60 -1 60 -1 -2
62 -1 60 -1 472 -1 60 -1 60 -1 -2
62 -1 60 -1 472 -1 60 -1 60 -1 -2
62 -1 296 -1 429 -1 60 -1 60 -1 -2
62 -1 60 -1 296 -1 429 -1 60 -1 60 -1 -2
62 -1 60 -1 472 -1 60 -1 60 -1 -2
62 -1 60 -1 472 -1 60 -1 60 -1 -2
62 -1 60 -1 296 -1 984 -1 60 -1 60 -1 -2
62 -1 60 -1 296 -1 429 -1 60 -1 60 -1 -2
62 -1 60 -1 296 -1 429 -1 60 -1 60 -1 -2
62 -1 60 -1 296 -1 429 -1 60 -1 60 -1 -2
62 -1 60 -1 472 -1 60 -1 60 -1 -2
62 -1 60 -1 296 -1 429 -1 60 -1 60 -1 -2
62 -1 60 -1 296 -1 429 -1 60 -1 60 -1 -2
62 -1 60 -1 296 -1 429 -1 60 -1 60 -1 -2
62 -1 60 -1 472 -1 60 -1 60 -1 -2
62 -1 60 -1 472 -1 60 -1 60 -1 -2
62 -1 60 -1 472 -1 60 -1 60 -1 -2
62 -1 60 -1 472 -1 60 -1 60 -1 -2
62 -1 60 -1 472 -1 60 -1 60 -1 -2
62 -1 60 -1 472 -1 60 -1 60 -1 -2
62 -1 60 -1 472 -1 60 -1 60 -1 -2
62 -1 60 -1 472 -1 60 -1 60 -1 -2
62 -1 60 -1 472 -1 60 -1 60 -1 -2
62 -1 60 -1 472 -1 60 -1 60 -1 -2
62 -1 60 -1 472 -1 60 -1 60 -1 -2
62 -1 60 -1 472 -1 60 -1 60 -1 -2
62 -1 60 -1 296 -1 429 -1 60 -1 60 -1 -2
62 -1 296 -1 429 -1 60 -1 60 -1 -2
62 -1 60 -1 472 -1 60 -1 60 -1 -2
62 -1 60 -1 296 -1 429 -1 60 -1 60 -1 -2
62 -1 60 -1 472 -1 60 -1 60 -1 -2
62 -1 60 -1 296 -1 429 -1 60 -1 60 -1 -2
62 -1 60 -1 296 -1 429 -1 60 -1 60 -1 -2
62 -1 60 -1 472 -1 60 -1 60 -1 -2
62 -1 60 -1 472 -1 60 -1 60 -1 -2
62 -1 60 -1 472 -1 60 -1 60 -1 -2
62 -1 60 -1 472 -1 60 -1 60 -1 -2
62 -1 60 -1 529 -1 60 -1 60 -1 -2
62 -1 60 -1 472 -1 60 -1 60 -1 -2
62 -1 60 -1 347 -1 60 -1 60 -1 -2
62 -1 60 -1 472 -1 60 -1 60 -1 -2
62 -1 60 -1 472 -1 60 -1 60 -1 -2
62 -1 60 -1 472 -1 60 -1 60 -1 -2
62 -1 60 -1 472 -1 60 -1 60 -1 -2
62 -1 60 -1 472 -1 60 -1 60 -1 -2
62 -1 60 -1 347 -1 60 -1 60 -1 -2
62 -1 60 -1 296 -1 429 -1 60 -1 60 -1 -2
62 -1 60 -1 472 -1 60 -1 60 -1 -2
62 -1 60 -1 439 -1 60 -1 60 -1 -2
62 -1 60 -1 472 -1 60 -1 60 -1 -2
62 -1 60 -1 472 -1 60 -1 60 -1 -2
62 -1 60 -1 296 -1 429 -1 60 -1 60 -1 -2
62 -1 60 -1 296 -1 429 -1 60 -1 60 -1 -2
62 -1 60 -1 472 -1 60 -1 60 -1 -2
62 -1 60 -1 296 -1 984 -1 60 -1 60 -1 -2
62 -1 60 -1 472 -1 60 -1 60 -1 -2
62 -1 60 -1 472 -1 60 -1 60 -1 -2
62 -1 60 -1 296 -1 429 -1 60 -1 60 -1 -2
62 -1 60 -1 439 -1 60 -1 60 -1 -2
62 -1 60 -1 472 -1 60 -1 60 -1 -2
62 -1 60 -1 296 -1 429 -1 60 -1 60 -1 -2
62 -1 60 -1 296 -1 429 -1 60 -1 60 -1 -2
62 -1 60 -1 439 -1 60 -1 60 -1 -2
62 -1 60 -1 296 -1 429 -1 60 -1 60 -1 -2
62 -1 60 -1 472 -1 60 -1 60 -1 -2
62 -1 60 -1 472 -1 60 -1 60 -1 -2
62 -1 60 -1 296 -1 984 -1 60 -1 60 -1 -2
62 -1 60 -1 296 -1 429 -1 60 -1 60 -1 -2
62 -1 60 -1 472 -1 60 -1 60 -1 -2
62 -1 60 -1 472 -1 60 -1 60 -1 -2
62 -1 60 -1 296 -1 429 -1 60 -1 60 -1 -2
62 -1 60 -1 472 -1 60 -1 60 -1 -2
62 -1 60 -1 296 -1 984 -1 60 -1 60 -1 -2
62 -1 60 -1 296 -1 429 -1 60 -1 60 -1 -2
62 -1 60 -1 472 -1 60 -1 60 -1 -2
62 -1 60 -1 472 -1 60 -1 60 -1 -2
62 -1 60 -1 296 -1 429 -1 60 -1 60 -1 -2
62 -1 60 -1 296 -1 429 -1 60 -1 60 -1 -2
62 -1 60 -1 472 -1 60 -1 60 -1 -2
62 -1 60 -1 296 -1 429 -1 60 -1 60 -1 -2
62 -1 60 -1 296 -1 429 -1 60 -1 60 -1 -2
62 -1 60 -1 472 -1 60 -1 60 -1 -2
62 -1 60 -1 472 -1 60 -1 60 -1 -2
62 -1 60 -1 347 -1 60 -1 60 -1 -2
62 -1 60 -1 472 -1 60 -1 60 -1 -2
62 -1 60 -1 472 -1 60 -1 60 -1 -2
62 -1 60 -1 472 -1 60 -1 60 -1 -2
62 -1 60 -1 296 -1 429 -1 60 -1 60 -1 -2
62 -1 60 -1 296 -1 984 -1 60 -1 60 -1 -2
62 -1 60 -1 472 -1 60 -1 60 -1 -2
62 -1 60 -1 472 -1 60 -1 60 -1 -2
62 -1 60 -1 472 -1 60 -1 60 -1 -2
62 -1 60 -1 472 -1 60 -1 60 -1 -2
62 -1 60 -1 296 -1 429 -1 60 -1 60 -1 -2
62 -1 60 -1 472 -1 60 -1 60 -1 -2
62 -1 60 -1 472 -1 60 -1 60 -1 -2
62 -1 60 -1 296 -1 429 -1 60 -1 60 -1 -2
62 -1 60 -1 472 -1 60 -1 60 -1 -2
62 -1 60 -1 472 -1 60 -1 60 -1 -2
62 -1 60 -1 472 -1 60 -1 60 -1 -2
62 -1 60 -1 296 -1 429 -1 60 -1 60 -1 -2
62 -1 60 -1 472 -1 60 -1 60 -1 -2
62 -1 60 -1 472 -1 60 -1 60 -1 -2
62 -1 60 -1 296 -1 429 -1 60 -1 60 -1 -2
62 -1 60 -1 472 -1 60 -1 60 -1 -2
62 -1 60 -1 472 -1 60 -1 60 -1 -2
62 -1 296 -1 429 -1 60 -1 60 -1 -2
62 -1 60 -1 472 -1 60 -1 60 -1 -2
62 -1 60 -1 472 -1 60 -1 60 -1 -2
62 -1 60 -1 472 -1 60 -1 60 -1 -2
62 -1 60 -1 472 -1 60 -1 60 -1 -2
62 -1 60 -1 347 -1 60 -1 60 -1 -2
62 -1 60 -1 472 -1 60 -1 60 -1 -2
62 -1 60 -1 296 -1 429 -1 60 -1 60 -1 -2
62 -1 60 -1 472 -1 60 -1 60 -1 -2
