92 -1 92 -1 92 -1 92 -1 92 -1 92 -1 92 -1 92 -1 -2
92 -1 92 -1 92 -1 92 -1 92 -1 92 -1 92 -1 92 -1 -2
92 -1 92 -1 92 -1 92 -1 92 -1 92 -1 92 -1 92 -1 -2
92 -1 92 -1 92 -1 92 -1 92 -1 92 -1 92 -1 92 -1 -2
92 -1 92 -1 92 -1 92 -1 92 -1 92 -1 92 -1 92 -1 -2
92 -1 92 -1 92 -1 92 -1 92 -1 92 -1 92 -1 92 -1 -2
92 -1 92 -1 92 -1 92 -1 92 -1 92 -1 92 -1 92 -1 -2
92 -1 92 -1 92 -1 92 -1 92 -1 92 -1 92 -1 92 -1 -2
92 -1 92 -1 92 -1 92 -1 92 -1 92 -1 92 -1 92 -1 -2
92 -1 92 -1 92 -1 92 -1 92 -1 92 -1 92 -1 92 -1 -2
92 -1 92 -1 92 -1 92 -1 92 -1 92 -1 92 -1 92 -1 -2
92 -1 92 -1 92 -1 92 -1 92 -1 92 -1 92 -1 92 -1 -2
92 -1 92 -1 92 -1 92 -1 92 -1 92 -1 92 -1 92 -1 92 -1 -2
92 -1 92 -1 92 -1 92 -1 92 -1 92 -1 92 -1 92 -1 -2
92 -1 92 -1 92 -1 92 -1 92 -1 92 -1 92 -1 92 -1 -2
92 -1 92 -1 92 -1 92 -1 92 -1 92 -1 92 -1 92 -1 -2
92 -1 92 -1 92 -1 92 -1 92 -1 92 -1 92 -1 92 -1 -2
92 -1 92 -1 92 -1 92 -1 92 -1 92 -1 92 -1 92 -1 -2
92 -1 92 -1 92 -1 92 -1 92 -1 92 -1 92 -1 92 -1 -2
92 -1 92 -1 92 -1 92 -1 92 -1 92 -1 92 -1 92 -1 -2
92 -1 92 -1 92 -1 92 -1 92 -1 92 -1 92 -1 92 -1 -2
92 -1 92 -1 92 -1 92 -1 92 -1 92 -1 92 -1 92 -1 -2
92 -1 92 -1 92 -1 92 -1 92 -1 92 -1 92 -1 92 -1 -2
92 -1 92 -1 92 -1 92 -1 92 -1 92 -1 92 -1 92 -1 -2
92 -1 92 -1 92 -1 92 -1 92 -1 92 -1 92 -1 92 -1 -2
92 -1 92 -1 92 -1 92 -1 92 -1 92 -1 92 -1 92 -1 -2
92 -1 92 -1 92 -1 92 -1 92 -1 92 -1 92 -1 92 -1 -2
92 -1 92 -1 92 -1 92 -1 92 -1 92 -1 92 -1 92 -1 -2
92 -1 92 -1 92 -1 92 -1 92 -1 92 -1 92 -1 92 -1 -2
92 -1 92 -1 92 -1 92 -1 92 -1 92 -1 92 -1 92 -1 -2
92 -1 92 -1 92 -1 92 -1 92 -1 92 -1 92 -1 92 -1 -2
92 -1 92 -1 92 -1 92 -1 92 -1 92 -1 92 -1 92 -1 -2
92 -1 92 -1 92 -1 92 -1 92 -1 92 -1 92 -1 92 -1 -2
92 -1 92 -1 92 -1 92 -1 92 -1 92 -1 92 -1 92 -1 -2
92 -1 92 -1 92 -1 92 -1 92 -1 92 -1 92 -1 92 -1 -2
92 -1 92 -1 92 -1 92 -1 92 -1 92 -1 92 -1 92 -1 -2
92 -1 92 -1 92 -1 92 -1 92 -1 92 -1 92 -1 92 -1 -2
92 -1 92 -1 92 -1 92 -1 92 -1 92 -1 92 -1 92 -1 -2
92 -1 92 -1 92 -1 92 -1 92 -1 92 -1 92 -1 92 -1 -2
92 -1 92 -1 92 -1 92 -1 92 -1 92 -1 92 -1 92 -1 -2
92 -1 92 -1 92 -1 92 -1 92 -1 92 -1 92 -1 92 -1 -2
92 -1 92 -1 92 -1 92 -1 92 -1 92 -1 92 -1 92 -1 -2
92 -1 92 -1 92 -1 92 -1 92 -1 92 -1 92 -1 92 -1 -2
92 -1 92 -1 92 -1 92 -1 92 -1 92 -1 92 -1 92 -1 -2
92 -1 92 -1 92 -1 92 -1 92 -1 92 -1 92 -1 92 -1 -2
92 -1 92 -1 92 -1 92 -1 92 -1 92 -1 92 -1 92 -1 -2
92 -1 92 -1 92 -1 92 -1 92 -1 92 -1 92 -1 92 -1 -2
92 -1 92 -1 92 -1 92 -1 92 -1 92 -1 92 -1 92 -1 -2
92 -1 92 -1 92 -1 92 -1 92 -1 92 -1 92 -1 92 -1 -2
92 -1 92 -1 92 -1 92 -1 92 -1 92 -1 92 -1 92 -1 -2
92 -1 92 -1 92 -1 92 -1 92 -1 92 -1 92 -1 92 -1 -2
92 -1 92 -1 92 -1 92 -1 92 -1 92 -1 92 -1 92 -1 -2
92 -1 92 -1 92 -1 92 -1 92 -1 92 -1 92 -1 92 -1 -2
92 -1 92 -1 92 -1 92 -1 92 -1 92 -1 92 -1 92 -1 -2
92 -1 92 -1 92 -1 92 -1 92 -1 92 -1 92 -1 92 -1 -2
92 -1 92 -1 92 -1 92 -1 92 -1 92 -1 92 -1 92 -1 -2
92 -1 92 -1 92 -1 92 -1 92 -1 92 -1 92 -1 92 -1 -2
92 -1 92 -1 92 -1 92 -1 92 -1 92 -1 92 -1 92 -1 -2
92 -1 92 -1 92 -1 92 -1 92 -1 92 -1 92 -1 92 -1 -2
92 -1 92 -1 92 -1 92 -1 92 -1 92 -1 92 -1 92 -1 -2
92 -1 92 -1 92 -1 92 -1 92 -1 92 -1 92 -1 92 -1 -2
92 -1 92 -1 92 -1 92 -1 92 -1 92 -1 92 -1 92 -1 -2
92 -1 92 -1 92 -1 92 -1 92 -1 92 -1 92 -1 92 -1 -2
92 -1 92 -1 92 -1 92 -1 92 -1 92 -1 92 -1 92 -1 92 -1 -2
92 -1 92 -1 92 -1 92 -1 92 -1 92 -1 92 -1 92 -1 -2
