60 -1 90 -1 60 -1 60 -1 60 -1 60 -1 60 -1 63 -1 60 -1 60 -1 60 -1 60 -1 -2
60 -1 90 -1 60 -1 60 -1 60 -1 60 -1 60 -1 63 -1 60 -1 60 -1 60 -1 60 -1 -2
60 -1 90 -1 60 -1 60 -1 60 -1 60 -1 60 -1 63 -1 60 -1 60 -1 60 -1 60 -1 -2
60 -1 90 -1 60 -1 60 -1 60 -1 60 -1 60 -1 63 -1 60 -1 60 -1 60 -1 60 -1 -2
60 -1 90 -1 60 -1 60 -1 60 -1 60 -1 60 -1 63 -1 60 -1 60 -1 60 -1 60 -1 -2
60 -1 90 -1 60 -1 60 -1 60 -1 60 -1 60 -1 63 -1 60 -1 60 -1 60 -1 60 -1 -2
60 -1 90 -1 60 -1 60 -1 60 -1 60 -1 60 -1 63 -1 60 -1 60 -1 60 -1 60 -1 -2
60 -1 90 -1 60 -1 60 -1 60 -1 60 -1 60 -1 63 -1 60 -1 60 -1 60 -1 60 -1 -2
60 -1 90 -1 60 -1 60 -1 60 -1 60 -1 60 -1 63 -1 60 -1 60 -1 60 -1 60 -1 -2
60 -1 90 -1 60 -1 60 -1 60 -1 60 -1 60 -1 63 -1 60 -1 60 -1 60 -1 60 -1 -2
60 -1 89 -1 60 -1 60 -1 60 -1 60 -1 60 -1 63 -1 60 -1 60 -1 60 -1 60 -1 -2
60 -1 90 -1 60 -1 60 -1 60 -1 60 -1 60 -1 63 -1 60 -1 60 -1 60 -1 60 -1 -2
60 -1 90 -1 60 -1 60 -1 60 -1 60 -1 60 -1 63 -1 60 -1 60 -1 60 -1 60 -1 -2
60 -1 90 -1 60 -1 60 -1 60 -1 60 -1 60 -1 63 -1 60 -1 60 -1 60 -1 60 -1 -2
60 -1 90 -1 60 -1 60 -1 60 -1 60 -1 60 -1 63 -1 60 -1 60 -1 60 -1 60 -1 -2
60 -1 90 -1 60 -1 60 -1 60 -1 60 -1 60 -1 63 -1 60 -1 60 -1 60 -1 60 -1 -2
60 -1 90 -1 60 -1 60 -1 60 -1 60 -1 60 -1 63 -1 60 -1 60 -1 60 -1 60 -1 -2
60 -1 90 -1 60 -1 60 -1 60 -1 60 -1 60 -1 63 -1 60 -1 60 -1 60 -1 60 -1 -2
60 -1 90 -1 60 -1 60 -1 60 -1 60 -1 60 -1 63 -1 60 -1 60 -1 60 -1 60 -1 -2
60 -1 90 -1 60 -1 60 -1 60 -1 60 -1 60 -1 63 -1 60 -1 60 -1 60 -1 60 -1 -2
60 -1 90 -1 60 -1 60 -1 60 -1 60 -1 60 -1 63 -1 60 -1 60 -1 60 -1 60 -1 -2
60 -1 90 -1 60 -1 60 -1 60 -1 60 -1 60 -1 60 -1 63 -1 60 -1 60 -1 60 -1 60 -1 -2
60 -1 90 -1 60 -1 60 -1 60 -1 60 -1 60 -1 63 -1 60 -1 60 -1 60 -1 60 -1 -2
60 -1 90 -1 60 -1 60 -1 60 -1 60 -1 60 -1 63 -1 60 -1 60 -1 60 -1 60 -1 -2
60 -1 60 -1 90 -1 60 -1 60 -1 60 -1 60 -1 60 -1 63 -1 60 -1 60 -1 60 -1 60 -1 -2
60 -1 90 -1 60 -1 60 -1 60 -1 60 -1 60 -1 63 -1 60 -1 60 -1 60 -1 60 -1 -2
60 -1 90 -1 60 -1 60 -1 60 -1 60 -1 60 -1 63 -1 60 -1 60 -1 60 -1 60 -1 -2
60 -1 90 -1 60 -1 60 -1 60 -1 60 -1 60 -1 60 -1 63 -1 60 -1 60 -1 60 -1 60 -1 -2
60 -1 90 -1 60 -1 60 -1 60 -1 60 -1 60 -1 63 -1 60 -1 60 -1 60 -1 60 -1 -2
60 -1 90 -1 60 -1 60 -1 60 -1 60 -1 60 -1 63 -1 60 -1 60 -1 60 -1 60 -1 -2
60 -1 90 -1 60 -1 60 -1 60 -1 60 -1 60 -1 63 -1 60 -1 60 -1 60 -1 60 -1 -2
60 -1 90 -1 60 -1 60 -1 60 -1 60 -1 60 -1 63 -1 60 -1 60 -1 60 -1 60 -1 -2
60 -1 90 -1 60 -1 60 -1 60 -1 60 -1 60 -1 63 -1 60 -1 60 -1 60 -1 60 -1 -2
60 -1 60 -1 90 -1 60 -1 60 -1 60 -1 60 -1 60 -1 63 -1 60 -1 60 -1 60 -1 60 -1 -2
60 -1 90 -1 60 -1 60 -1 60 -1 60 -1 60 -1 63 -1 60 -1 60 -1 60 -1 60 -1 -2
60 -1 90 -1 60 -1 60 -1 60 -1 60 -1 60 -1 63 -1 60 -1 60 -1 60 -1 60 -1 -2
60 -1 90 -1 60 -1 60 -1 60 -1 60 -1 60 -1 63 -1 63 -1 60 -1 60 -1 60 -1 60 -1 -2
60 -1 90 -1 60 -1 60 -1 60 -1 60 -1 60 -1 63 -1 60 -1 60 -1 60 -1 60 -1 60 -1 -2
60 -1 90 -1 60 -1 60 -1 60 -1 60 -1 60 -1 63 -1 60 -1 60 -1 60 -1 60 -1 -2
60 -1 90 -1 60 -1 60 -1 60 -1 60 -1 60 -1 63 -1 60 -1 60 -1 60 -1 60 -1 -2
60 -1 89 -1 60 -1 60 -1 60 -1 60 -1 60 -1 63 -1 60 -1 60 -1 60 -1 60 -1 -2
60 -1 90 -1 60 -1 60 -1 60 -1 60 -1 60 -1 63 -1 63 -1 60 -1 60 -1 60 -1 60 -1 -2
60 -1 90 -1 60 -1 60 -1 60 -1 60 -1 60 -1 63 -1 60 -1 60 -1 60 -1 60 -1 -2
60 -1 90 -1 60 -1 60 -1 60 -1 60 -1 60 -1 63 -1 60 -1 60 -1 60 -1 60 -1 -2
60 -1 90 -1 60 -1 60 -1 60 -1 60 -1 60 -1 63 -1 60 -1 60 -1 60 -1 60 -1 -2
60 -1 90 -1 60 -1 60 -1 60 -1 60 -1 60 -1 63 -1 60 -1 60 -1 60 -1 60 -1 -2
60 -1 90 -1 60 -1 60 -1 60 -1 60 -1 60 -1 63 -1 60 -1 60 -1 60 -1 60 -1 -2
60 -1 90 -1 60 -1 60 -1 60 -1 60 -1 60 -1 63 -1 60 -1 60 -1 60 -1 60 -1 -2
60 -1 90 -1 60 -1 60 -1 60 -1 60 -1 60 -1 63 -1 60 -1 60 -1 60 -1 60 -1 -2
60 -1 90 -1 60 -1 60 -1 60 -1 60 -1 60 -1 63 -1 60 -1 60 -1 60 -1 60 -1 -2
60 -1 90 -1 60 -1 60 -1 60 -1 60 -1 60 -1 63 -1 60 -1 60 -1 60 -1 60 -1 -2
60 -1 90 -1 60 -1 60 -1 60 -1 60 -1 60 -1 63 -1 60 -1 60 -1 60 -1 60 -1 -2
60 -1 90 -1 60 -1 60 -1 60 -1 60 -1 60 -1 63 -1 60 -1 60 -1 60 -1 60 -1 -2
60 -1 90 -1 60 -1 60 -1 60 -1 60 -1 60 -1 63 -1 60 -1 60 -1 60 -1 60 -1 -2
60 -1 90 -1 60 -1 60 -1 60 -1 60 -1 60 -1 63 -1 60 -1 60 -1 60 -1 60 -1 -2
60 -1 90 -1 60 -1 60 -1 60 -1 60 -1 60 -1 63 -1 60 -1 60 -1 60 -1 60 -1 -2
60 -1 90 -1 60 -1 60 -1 60 -1 60 -1 60 -1 63 -1 60 -1 60 -1 60 -1 60 -1 -2
60 -1 60 -1 90 -1 60 -1 60 -1 60 -1 60 -1 60 -1 63 -1 60 -1 60 -1 60 -1 60 -1 -2
60 -1 90 -1 60 -1 60 -1 60 -1 60 -1 60 -1 63 -1 60 -1 60 -1 60 -1 60 -1 -2
60 -1 90 -1 60 -1 60 -1 60 -1 60 -1 60 -1 63 -1 60 -1 60 -1 60 -1 60 -1 -2
60 -1 90 -1 60 -1 60 -1 60 -1 60 -1 60 -1 63 -1 60 -1 60 -1 60 -1 60 -1 -2
60 -1 90 -1 60 -1 60 -1 60 -1 60 -1 60 -1 63 -1 60 -1 60 -1 60 -1 60 -1 -2
60 -1 60 -1 90 -1 60 -1 60 -1 60 -1 60 -1 60 -1 63 -1 60 -1 60 -1 60 -1 60 -1 -2
60 -1 89 -1 60 -1 60 -1 60 -1 60 -1 60 -1 63 -1 60 -1 60 -1 60 -1 60 -1 -2
60 -1 90 -1 60 -1 60 -1 60 -1 60 -1 60 -1 63 -1 60 -1 60 -1 60 -1 60 -1 -2
60 -1 90 -1 60 -1 60 -1 60 -1 60 -1 60 -1 60 -1 63 -1 60 -1 60 -1 60 -1 60 -1 -2
60 -1 90 -1 60 -1 60 -1 60 -1 60 -1 60 -1 63 -1 60 -1 60 -1 60 -1 60 -1 -2
60 -1 90 -1 60 -1 60 -1 60 -1 60 -1 60 -1 63 -1 60 -1 60 -1 60 -1 60 -1 -2
60 -1 90 -1 60 -1 60 -1 60 -1 60 -1 60 -1 63 -1 60 -1 60 -1 60 -1 60 -1 -2
60 -1 90 -1 60 -1 60 -1 60 -1 60 -1 60 -1 63 -1 60 -1 60 -1 60 -1 60 -1 -2
60 -1 90 -1 60 -1 60 -1 60 -1 60 -1 60 -1 63 -1 60 -1 60 -1 60 -1 60 -1 -2
60 -1 90 -1 60 -1 60 -1 60 -1 60 -1 60 -1 63 -1 60 -1 60 -1 60 -1 60 -1 -2
60 -1 90 -1 60 -1 60 -1 60 -1 60 -1 60 -1 60 -1 63 -1 60 -1 60 -1 60 -1 60 -1 -2
60 -1 90 -1 60 -1 60 -1 60 -1 60 -1 60 -1 63 -1 60 -1 60 -1 60 -1 60 -1 -2
60 -1 90 -1 60 -1 60 -1 60 -1 60 -1 60 -1 63 -1 60 -1 60 -1 60 -1 60 -1 -2
60 -1 90 -1 60 -1 60 -1 60 -1 60 -1 60 -1 63 -1 60 -1 60 -1 60 -1 60 -1 -2
60 -1 90 -1 60 -1 60 -1 60 -1 60 -1 60 -1 63 -1 60 -1 60 -1 60 -1 60 -1 -2
60 -1 90 -1 90 -1 60 -1 60 -1 60 -1 60 -1 60 -1 63 -1 60 -1 60 -1 60 -1 60 -1 -2
60 -1 90 -1 60 -1 60 -1 60 -1 60 -1 60 -1 63 -1 60 -1 60 -1 60 -1 60 -1 -2
60 -1 90 -1 60 -1 60 -1 60 -1 60 -1 60 -1 63 -1 60 -1 60 -1 60 -1 60 -1 -2
60 -1 89 -1 60 -1 60 -1 60 -1 60 -1 60 -1 63 -1 60 -1 60 -1 60 -1 60 -1 -2
60 -1 90 -1 60 -1 60 -1 60 -1 60 -1 60 -1 63 -1 60 -1 60 -1 60 -1 60 -1 -2
60 -1 89 -1 60 -1 60 -1 60 -1 60 -1 60 -1 63 -1 60 -1 60 -1 60 -1 60 -1 -2
60 -1 90 -1 60 -1 60 -1 60 -1 60 -1 60 -1 63 -1 60 -1 60 -1 60 -1 60 -1 -2
60 -1 90 -1 60 -1 60 -1 60 -1 60 -1 60 -1 63 -1 60 -1 60 -1 60 -1 60 -1 -2
60 -1 90 -1 60 -1 60 -1 60 -1 60 -1 60 -1 63 -1 60 -1 60 -1 60 -1 60 -1 -2
60 -1 90 -1 60 -1 60 -1 60 -1 60 -1 60 -1 63 -1 60 -1 60 -1 60 -1 60 -1 -2
60 -1 90 -1 60 -1 60 -1 60 -1 60 -1 60 -1 63 -1 60 -1 60 -1 60 -1 60 -1 -2
60 -1 90 -1 60 -1 60 -1 60 -1 60 -1 60 -1 63 -1 60 -1 60 -1 60 -1 60 -1 -2
60 -1 90 -1 60 -1 60 -1 60 -1 60 -1 60 -1 63 -1 60 -1 60 -1 60 -1 60 -1 -2
60 -1 90 -1 60 -1 60 -1 60 -1 60 -1 60 -1 63 -1 60 -1 60 -1 60 -1 60 -1 -2
60 -1 90 -1 60 -1 60 -1 60 -1 60 -1 60 -1 63 -1 60 -1 60 -1 60 -1 60 -1 -2
60 -1 90 -1 60 -1 60 -1 60 -1 60 -1 60 -1 63 -1 60 -1 60 -1 60 -1 60 -1 -2
60 -1 90 -1 60 -1 60 -1 60 -1 60 -1 60 -1 63 -1 60 -1 60 -1 60 -1 60 -1 -2
60 -1 90 -1 60 -1 60 -1 60 -1 60 -1 60 -1 63 -1 60 -1 60 -1 60 -1 60 -1 -2
60 -1 90 -1 60 -1 60 -1 60 -1 60 -1 60 -1 66 -1 60 -1 60 -1 73 -1 60 -1 60 -1 60 -1 60 -1 60 -1 60 -1 60 -1 60 -1 60 -1 60 -1 60 -1 60 -1 -2
60 -1 90 -1 60 -1 60 -1 60 -1 60 -1 60 -1 63 -1 60 -1 60 -1 60 -1 60 -1 -2
60 -1 90 -1 60 -1 60 -1 60 -1 60 -1 60 -1 63 -1 60 -1 60 -1 60 -1 60 -1 -2
60 -1 90 -1 60 -1 60 -1 60 -1 60 -1 60 -1 60 -1 63 -1 60 -1 60 -1 60 -1 60 -1 -2
60 -1 90 -1 60 -1 60 -1 60 -1 60 -1 60 -1 63 -1 60 -1 60 -1 60 -1 60 -1 -2
60 -1 89 -1 60 -1 60 -1 60 -1 60 -1 60 -1 63 -1 60 -1 60 -1 60 -1 60 -1 -2
60 -1 90 -1 60 -1 60 -1 60 -1 60 -1 60 -1 63 -1 60 -1 60 -1 60 -1 60 -1 -2
60 -1 90 -1 90 -1 60 -1 60 -1 60 -1 60 -1 60 -1 63 -1 60 -1 60 -1 60 -1 60 -1 -2
60 -1 90 -1 60 -1 60 -1 60 -1 60 -1 60 -1 63 -1 60 -1 60 -1 60 -1 60 -1 -2
60 -1 90 -1 60 -1 60 -1 60 -1 60 -1 60 -1 63 -1 63 -1 60 -1 60 -1 60 -1 60 -1 -2
60 -1 90 -1 60 -1 60 -1 60 -1 60 -1 60 -1 63 -1 60 -1 60 -1 60 -1 60 -1 -2
60 -1 90 -1 60 -1 60 -1 60 -1 60 -1 60 -1 63 -1 60 -1 60 -1 60 -1 60 -1 -2
60 -1 90 -1 90 -1 60 -1 60 -1 60 -1 60 -1 60 -1 63 -1 60 -1 60 -1 60 -1 60 -1 -2
60 -1 90 -1 60 -1 60 -1 60 -1 60 -1 60 -1 63 -1 60 -1 60 -1 60 -1 60 -1 -2
60 -1 90 -1 60 -1 60 -1 60 -1 60 -1 60 -1 63 -1 60 -1 60 -1 60 -1 60 -1 -2
60 -1 90 -1 60 -1 60 -1 60 -1 60 -1 60 -1 63 -1 60 -1 60 -1 60 -1 60 -1 -2
60 -1 90 -1 60 -1 60 -1 60 -1 60 -1 60 -1 63 -1 60 -1 60 -1 60 -1 60 -1 -2
60 -1 90 -1 60 -1 60 -1 60 -1 60 -1 60 -1 63 -1 60 -1 60 -1 60 -1 60 -1 -2
60 -1 90 -1 60 -1 60 -1 60 -1 60 -1 60 -1 63 -1 60 -1 60 -1 60 -1 60 -1 -2
60 -1 60 -1 90 -1 60 -1 60 -1 60 -1 60 -1 60 -1 63 -1 60 -1 60 -1 60 -1 60 -1 -2
60 -1 90 -1 60 -1 60 -1 60 -1 60 -1 60 -1 63 -1 60 -1 60 -1 60 -1 60 -1 60 -1 -2
60 -1 90 -1 60 -1 60 -1 60 -1 60 -1 60 -1 63 -1 60 -1 60 -1 60 -1 60 -1 -2
60 -1 90 -1 60 -1 60 -1 60 -1 60 -1 60 -1 63 -1 60 -1 60 -1 60 -1 60 -1 -2
60 -1 90 -1 60 -1 60 -1 60 -1 60 -1 60 -1 63 -1 60 -1 60 -1 60 -1 60 -1 -2
60 -1 90 -1 60 -1 60 -1 60 -1 60 -1 60 -1 60 -1 63 -1 60 -1 60 -1 60 -1 60 -1 -2
60 -1 90 -1 60 -1 60 -1 60 -1 60 -1 60 -1 63 -1 60 -1 60 -1 60 -1 60 -1 -2
60 -1 90 -1 60 -1 60 -1 60 -1 60 -1 60 -1 63 -1 60 -1 60 -1 60 -1 60 -1 -2
60 -1 90 -1 60 -1 60 -1 60 -1 60 -1 60 -1 63 -1 60 -1 60 -1 60 -1 60 -1 -2
60 -1 90 -1 60 -1 60 -1 60 -1 60 -1 60 -1 63 -1 60 -1 60 -1 60 -1 60 -1 -2
60 -1 90 -1 60 -1 60 -1 60 -1 60 -1 60 -1 66 -1 60 -1 60 -1 65 -1 60 -1 60 -1 60 -1 60 -1 60 -1 60 -1 60 -1 60 -1 -2
60 -1 90 -1 60 -1 60 -1 60 -1 60 -1 60 -1 63 -1 60 -1 60 -1 60 -1 60 -1 -2
60 -1 90 -1 60 -1 60 -1 60 -1 60 -1 60 -1 63 -1 60 -1 60 -1 60 -1 60 -1 -2
60 -1 90 -1 60 -1 60 -1 60 -1 60 -1 60 -1 63 -1 60 -1 60 -1 60 -1 60 -1 60 -1 -2
60 -1 90 -1 60 -1 60 -1 60 -1 60 -1 60 -1 60 -1 63 -1 60 -1 60 -1 60 -1 60 -1 -2
60 -1 60 -1 90 -1 60 -1 60 -1 60 -1 60 -1 60 -1 60 -1 63 -1 60 -1 60 -1 60 -1 60 -1 -2
60 -1 90 -1 60 -1 60 -1 60 -1 60 -1 60 -1 60 -1 63 -1 60 -1 60 -1 60 -1 60 -1 -2
60 -1 90 -1 60 -1 60 -1 60 -1 60 -1 60 -1 63 -1 60 -1 60 -1 60 -1 60 -1 -2
60 -1 90 -1 60 -1 60 -1 60 -1 60 -1 60 -1 63 -1 60 -1 60 -1 60 -1 60 -1 -2
60 -1 90 -1 60 -1 60 -1 60 -1 60 -1 60 -1 63 -1 60 -1 60 -1 60 -1 60 -1 -2
60 -1 90 -1 60 -1 60 -1 60 -1 60 -1 60 -1 63 -1 60 -1 60 -1 60 -1 60 -1 -2
60 -1 90 -1 60 -1 60 -1 60 -1 60 -1 60 -1 63 -1 60 -1 60 -1 60 -1 60 -1 -2
60 -1 90 -1 60 -1 60 -1 60 -1 60 -1 60 -1 63 -1 60 -1 60 -1 60 -1 60 -1 -2
60 -1 60 -1 90 -1 60 -1 60 -1 60 -1 60 -1 60 -1 63 -1 60 -1 60 -1 60 -1 60 -1 -2
60 -1 90 -1 60 -1 60 -1 60 -1 60 -1 60 -1 63 -1 60 -1 60 -1 60 -1 60 -1 -2
60 -1 90 -1 60 -1 60 -1 60 -1 60 -1 60 -1 63 -1 60 -1 60 -1 60 -1 60 -1 -2
60 -1 90 -1 60 -1 60 -1 60 -1 60 -1 60 -1 60 -1 63 -1 60 -1 60 -1 60 -1 60 -1 -2
60 -1 90 -1 60 -1 60 -1 60 -1 60 -1 60 -1 63 -1 60 -1 60 -1 60 -1 60 -1 -2
60 -1 90 -1 60 -1 60 -1 60 -1 60 -1 60 -1 63 -1 60 -1 60 -1 60 -1 60 -1 -2
60 -1 90 -1 60 -1 60 -1 60 -1 60 -1 60 -1 63 -1 60 -1 60 -1 60 -1 60 -1 -2
60 -1 90 -1 60 -1 60 -1 60 -1 60 -1 60 -1 63 -1 60 -1 60 -1 60 -1 60 -1 -2
60 -1 90 -1 60 -1 60 -1 60 -1 60 -1 60 -1 63 -1 60 -1 60 -1 60 -1 60 -1 -2
60 -1 90 -1 60 -1 60 -1 60 -1 60 -1 60 -1 63 -1 60 -1 60 -1 60 -1 60 -1 -2
60 -1 90 -1 60 -1 60 -1 60 -1 60 -1 60 -1 63 -1 60 -1 60 -1 60 -1 60 -1 -2
60 -1 90 -1 60 -1 60 -1 60 -1 60 -1 60 -1 63 -1 60 -1 60 -1 60 -1 60 -1 -2
60 -1 90 -1 60 -1 60 -1 60 -1 60 -1 60 -1 60 -1 63 -1 60 -1 60 -1 60 -1 60 -1 -2
60 -1 90 -1 60 -1 60 -1 60 -1 60 -1 60 -1 63 -1 63 -1 60 -1 60 -1 60 -1 60 -1 -2
60 -1 90 -1 60 -1 60 -1 60 -1 60 -1 60 -1 63 -1 60 -1 60 -1 60 -1 60 -1 -2
60 -1 90 -1 60 -1 60 -1 60 -1 60 -1 60 -1 63 -1 63 -1 60 -1 60 -1 60 -1 60 -1 -2
60 -1 90 -1 60 -1 60 -1 60 -1 60 -1 60 -1 63 -1 60 -1 60 -1 60 -1 60 -1 -2
60 -1 90 -1 60 -1 60 -1 60 -1 60 -1 60 -1 63 -1 60 -1 60 -1 60 -1 60 -1 -2
60 -1 90 -1 60 -1 60 -1 60 -1 60 -1 60 -1 63 -1 60 -1 60 -1 60 -1 60 -1 -2
60 -1 90 -1 60 -1 60 -1 60 -1 60 -1 60 -1 63 -1 60 -1 60 -1 60 -1 60 -1 -2
60 -1 90 -1 60 -1 60 -1 60 -1 60 -1 60 -1 63 -1 60 -1 60 -1 60 -1 60 -1 -2
60 -1 90 -1 60 -1 60 -1 60 -1 60 -1 60 -1 60 -1 63 -1 60 -1 60 -1 60 -1 60 -1 -2
60 -1 90 -1 60 -1 60 -1 60 -1 60 -1 60 -1 63 -1 60 -1 60 -1 60 -1 60 -1 -2
60 -1 90 -1 60 -1 60 -1 60 -1 60 -1 60 -1 63 -1 60 -1 60 -1 60 -1 60 -1 -2
60 -1 90 -1 60 -1 60 -1 60 -1 60 -1 60 -1 63 -1 60 -1 60 -1 60 -1 60 -1 -2
60 -1 90 -1 60 -1 60 -1 60 -1 60 -1 60 -1 63 -1 60 -1 60 -1 60 -1 60 -1 -2
60 -1 90 -1 60 -1 60 -1 60 -1 60 -1 60 -1 63 -1 60 -1 60 -1 60 -1 60 -1 -2
60 -1 60 -1 90 -1 60 -1 60 -1 60 -1 60 -1 60 -1 63 -1 63 -1 60 -1 60 -1 60 -1 60 -1 -2
60 -1 90 -1 60 -1 60 -1 60 -1 60 -1 60 -1 63 -1 60 -1 60 -1 60 -1 60 -1 -2
60 -1 90 -1 90 -1 60 -1 60 -1 60 -1 60 -1 60 -1 63 -1 60 -1 60 -1 60 -1 60 -1 -2
60 -1 90 -1 60 -1 60 -1 60 -1 60 -1 60 -1 60 -1 63 -1 60 -1 60 -1 60 -1 60 -1 -2
60 -1 90 -1 60 -1 60 -1 60 -1 60 -1 60 -1 63 -1 60 -1 60 -1 60 -1 60 -1 -2
60 -1 90 -1 60 -1 60 -1 60 -1 60 -1 60 -1 60 -1 63 -1 60 -1 60 -1 60 -1 60 -1 60 -1 -2
60 -1 90 -1 90 -1 60 -1 60 -1 60 -1 60 -1 60 -1 63 -1 60 -1 60 -1 60 -1 60 -1 -2
60 -1 90 -1 90 -1 60 -1 60 -1 60 -1 60 -1 60 -1 63 -1 63 -1 60 -1 60 -1 60 -1 60 -1 -2
60 -1 90 -1 60 -1 60 -1 60 -1 60 -1 60 -1 63 -1 60 -1 60 -1 60 -1 60 -1 -2
60 -1 90 -1 60 -1 60 -1 60 -1 60 -1 60 -1 63 -1 60 -1 60 -1 60 -1 60 -1 -2
60 -1 90 -1 60 -1 60 -1 60 -1 60 -1 60 -1 63 -1 60 -1 60 -1 60 -1 60 -1 -2
60 -1 90 -1 60 -1 60 -1 60 -1 60 -1 60 -1 63 -1 60 -1 60 -1 60 -1 60 -1 -2
60 -1 90 -1 60 -1 60 -1 60 -1 60 -1 60 -1 63 -1 60 -1 60 -1 60 -1 60 -1 -2
60 -1 90 -1 60 -1 60 -1 60 -1 60 -1 60 -1 63 -1 60 -1 60 -1 60 -1 60 -1 -2
60 -1 90 -1 60 -1 60 -1 60 -1 60 -1 60 -1 60 -1 63 -1 60 -1 60 -1 60 -1 60 -1 -2
60 -1 90 -1 60 -1 60 -1 60 -1 60 -1 60 -1 63 -1 60 -1 60 -1 60 -1 60 -1 -2
60 -1 90 -1 60 -1 60 -1 60 -1 60 -1 60 -1 63 -1 60 -1 60 -1 60 -1 60 -1 -2
60 -1 90 -1 60 -1 60 -1 60 -1 60 -1 60 -1 63 -1 60 -1 60 -1 60 -1 60 -1 -2
60 -1 90 -1 60 -1 60 -1 60 -1 60 -1 60 -1 60 -1 63 -1 60 -1 60 -1 60 -1 60 -1 -2
60 -1 60 -1 90 -1 60 -1 60 -1 60 -1 60 -1 60 -1 63 -1 60 -1 60 -1 60 -1 60 -1 -2
60 -1 90 -1 60 -1 60 -1 60 -1 60 -1 60 -1 63 -1 60 -1 60 -1 60 -1 60 -1 -2
60 -1 89 -1 60 -1 60 -1 60 -1 60 -1 60 -1 63 -1 60 -1 60 -1 60 -1 60 -1 -2
60 -1 90 -1 60 -1 60 -1 60 -1 60 -1 60 -1 63 -1 60 -1 60 -1 60 -1 60 -1 60 -1 -2
60 -1 90 -1 60 -1 60 -1 60 -1 60 -1 60 -1 63 -1 60 -1 60 -1 60 -1 60 -1 -2
60 -1 90 -1 60 -1 60 -1 60 -1 60 -1 60 -1 63 -1 60 -1 60 -1 60 -1 60 -1 -2
60 -1 90 -1 60 -1 60 -1 60 -1 60 -1 60 -1 63 -1 60 -1 60 -1 60 -1 60 -1 -2
60 -1 90 -1 60 -1 60 -1 60 -1 60 -1 60 -1 63 -1 60 -1 60 -1 60 -1 60 -1 -2
60 -1 90 -1 60 -1 60 -1 60 -1 60 -1 60 -1 63 -1 60 -1 60 -1 60 -1 60 -1 -2
60 -1 90 -1 60 -1 60 -1 60 -1 60 -1 60 -1 63 -1 60 -1 60 -1 60 -1 60 -1 -2
60 -1 90 -1 60 -1 60 -1 60 -1 60 -1 60 -1 63 -1 60 -1 60 -1 60 -1 60 -1 -2
60 -1 90 -1 60 -1 60 -1 60 -1 60 -1 60 -1 63 -1 60 -1 60 -1 60 -1 60 -1 -2
60 -1 90 -1 60 -1 60 -1 60 -1 60 -1 60 -1 63 -1 60 -1 60 -1 60 -1 60 -1 -2
60 -1 90 -1 60 -1 60 -1 60 -1 60 -1 60 -1 63 -1 60 -1 60 -1 60 -1 60 -1 -2
60 -1 89 -1 60 -1 60 -1 60 -1 60 -1 60 -1 60 -1 63 -1 60 -1 60 -1 60 -1 60 -1 -2
60 -1 90 -1 90 -1 60 -1 60 -1 60 -1 60 -1 60 -1 63 -1 63 -1 60 -1 60 -1 60 -1 60 -1 -2
60 -1 90 -1 60 -1 60 -1 60 -1 60 -1 60 -1 60 -1 63 -1 60 -1 60 -1 60 -1 60 -1 -2
60 -1 90 -1 60 -1 60 -1 60 -1 60 -1 60 -1 63 -1 60 -1 60 -1 60 -1 60 -1 -2
60 -1 90 -1 60 -1 60 -1 60 -1 60 -1 60 -1 60 -1 63 -1 60 -1 60 -1 60 -1 60 -1 -2
60 -1 90 -1 90 -1 60 -1 60 -1 60 -1 60 -1 60 -1 63 -1 60 -1 60 -1 60 -1 60 -1 -2
60 -1 89 -1 60 -1 60 -1 60 -1 60 -1 60 -1 63 -1 60 -1 60 -1 60 -1 60 -1 -2
60 -1 90 -1 60 -1 60 -1 60 -1 60 -1 60 -1 63 -1 60 -1 60 -1 60 -1 60 -1 -2
60 -1 90 -1 60 -1 60 -1 60 -1 60 -1 60 -1 63 -1 60 -1 60 -1 60 -1 60 -1 -2
60 -1 90 -1 60 -1 60 -1 60 -1 60 -1 60 -1 60 -1 63 -1 60 -1 60 -1 60 -1 60 -1 -2
60 -1 90 -1 60 -1 60 -1 60 -1 60 -1 60 -1 63 -1 60 -1 60 -1 60 -1 60 -1 -2
60 -1 90 -1 60 -1 60 -1 60 -1 60 -1 60 -1 63 -1 60 -1 60 -1 60 -1 60 -1 -2
60 -1 90 -1 60 -1 60 -1 60 -1 60 -1 60 -1 63 -1 60 -1 60 -1 60 -1 60 -1 -2
60 -1 90 -1 60 -1 60 -1 60 -1 60 -1 60 -1 63 -1 60 -1 60 -1 60 -1 60 -1 -2
60 -1 90 -1 60 -1 60 -1 60 -1 60 -1 60 -1 63 -1 60 -1 60 -1 60 -1 60 -1 -2
60 -1 90 -1 60 -1 60 -1 60 -1 60 -1 60 -1 63 -1 60 -1 60 -1 60 -1 60 -1 -2
60 -1 90 -1 60 -1 60 -1 60 -1 60 -1 60 -1 63 -1 60 -1 60 -1 60 -1 60 -1 -2
60 -1 90 -1 60 -1 60 -1 60 -1 60 -1 60 -1 63 -1 60 -1 60 -1 60 -1 60 -1 -2
60 -1 90 -1 60 -1 60 -1 60 -1 60 -1 60 -1 63 -1 60 -1 60 -1 60 -1 60 -1 -2
60 -1 90 -1 60 -1 60 -1 60 -1 60 -1 60 -1 63 -1 60 -1 60 -1 60 -1 60 -1 -2
60 -1 90 -1 60 -1 60 -1 60 -1 60 -1 60 -1 60 -1 63 -1 60 -1 60 -1 60 -1 60 -1 -2
60 -1 90 -1 60 -1 60 -1 60 -1 60 -1 60 -1 60 -1 63 -1 60 -1 60 -1 60 -1 60 -1 -2
60 -1 90 -1 60 -1 60 -1 60 -1 60 -1 60 -1 63 -1 60 -1 60 -1 60 -1 60 -1 -2
60 -1 90 -1 60 -1 60 -1 60 -1 60 -1 60 -1 63 -1 60 -1 60 -1 60 -1 60 -1 -2
60 -1 89 -1 60 -1 60 -1 60 -1 60 -1 60 -1 63 -1 60 -1 60 -1 60 -1 60 -1 -2
60 -1 90 -1 60 -1 60 -1 60 -1 60 -1 60 -1 63 -1 60 -1 60 -1 60 -1 60 -1 -2
60 -1 90 -1 60 -1 60 -1 60 -1 60 -1 60 -1 63 -1 60 -1 60 -1 60 -1 60 -1 -2
60 -1 90 -1 60 -1 60 -1 60 -1 60 -1 60 -1 63 -1 60 -1 60 -1 60 -1 60 -1 -2
60 -1 90 -1 90 -1 60 -1 60 -1 60 -1 60 -1 60 -1 63 -1 63 -1 60 -1 60 -1 60 -1 60 -1 -2
60 -1 90 -1 60 -1 60 -1 60 -1 60 -1 60 -1 63 -1 60 -1 60 -1 60 -1 60 -1 -2
60 -1 60 -1 60 -1 90 -1 60 -1 60 -1 60 -1 60 -1 60 -1 63 -1 63 -1 60 -1 60 -1 60 -1 60 -1 -2
60 -1 90 -1 60 -1 60 -1 60 -1 60 -1 60 -1 63 -1 60 -1 60 -1 60 -1 60 -1 -2
60 -1 90 -1 60 -1 60 -1 60 -1 60 -1 60 -1 60 -1 63 -1 60 -1 60 -1 60 -1 60 -1 -2
60 -1 90 -1 60 -1 60 -1 60 -1 60 -1 60 -1 63 -1 60 -1 60 -1 60 -1 60 -1 -2
60 -1 90 -1 60 -1 60 -1 60 -1 60 -1 60 -1 63 -1 60 -1 60 -1 60 -1 60 -1 -2
60 -1 90 -1 60 -1 60 -1 60 -1 60 -1 60 -1 63 -1 60 -1 60 -1 60 -1 60 -1 -2
60 -1 90 -1 60 -1 60 -1 60 -1 60 -1 60 -1 63 -1 60 -1 60 -1 60 -1 60 -1 -2
60 -1 90 -1 60 -1 60 -1 60 -1 60 -1 60 -1 63 -1 60 -1 60 -1 60 -1 60 -1 -2
60 -1 90 -1 60 -1 60 -1 60 -1 60 -1 60 -1 60 -1 63 -1 60 -1 60 -1 60 -1 60 -1 -2
60 -1 90 -1 60 -1 60 -1 60 -1 60 -1 60 -1 63 -1 60 -1 60 -1 60 -1 60 -1 -2
60 -1 90 -1 60 -1 60 -1 60 -1 60 -1 60 -1 63 -1 60 -1 60 -1 60 -1 60 -1 -2
60 -1 90 -1 60 -1 60 -1 60 -1 60 -1 60 -1 63 -1 60 -1 60 -1 60 -1 60 -1 -2
60 -1 90 -1 60 -1 60 -1 60 -1 60 -1 60 -1 60 -1 63 -1 60 -1 60 -1 60 -1 60 -1 -2
60 -1 90 -1 60 -1 60 -1 60 -1 60 -1 60 -1 60 -1 63 -1 60 -1 60 -1 60 -1 60 -1 -2
60 -1 90 -1 60 -1 60 -1 60 -1 60 -1 60 -1 63 -1 60 -1 60 -1 60 -1 60 -1 60 -1 -2
60 -1 90 -1 60 -1 60 -1 60 -1 60 -1 60 -1 63 -1 60 -1 60 -1 60 -1 60 -1 -2
60 -1 90 -1 60 -1 60 -1 60 -1 60 -1 60 -1 63 -1 60 -1 60 -1 60 -1 60 -1 -2
60 -1 90 -1 60 -1 60 -1 60 -1 60 -1 60 -1 63 -1 60 -1 60 -1 60 -1 60 -1 -2
60 -1 89 -1 60 -1 60 -1 60 -1 60 -1 60 -1 63 -1 63 -1 60 -1 60 -1 60 -1 60 -1 -2
60 -1 90 -1 60 -1 60 -1 60 -1 60 -1 60 -1 63 -1 60 -1 60 -1 60 -1 60 -1 -2
60 -1 90 -1 60 -1 60 -1 60 -1 60 -1 60 -1 63 -1 60 -1 60 -1 60 -1 60 -1 60 -1 -2
60 -1 60 -1 90 -1 60 -1 60 -1 60 -1 60 -1 60 -1 60 -1 63 -1 60 -1 60 -1 60 -1 60 -1 -2
60 -1 90 -1 60 -1 60 -1 60 -1 60 -1 60 -1 63 -1 60 -1 60 -1 60 -1 60 -1 -2
60 -1 90 -1 60 -1 60 -1 60 -1 60 -1 60 -1 63 -1 60 -1 60 -1 60 -1 60 -1 -2
60 -1 90 -1 60 -1 60 -1 60 -1 60 -1 60 -1 63 -1 60 -1 60 -1 60 -1 60 -1 -2
60 -1 60 -1 90 -1 60 -1 60 -1 60 -1 60 -1 60 -1 63 -1 60 -1 60 -1 60 -1 60 -1 -2
60 -1 90 -1 60 -1 60 -1 60 -1 60 -1 60 -1 63 -1 60 -1 60 -1 60 -1 60 -1 -2
60 -1 89 -1 89 -1 60 -1 60 -1 60 -1 60 -1 60 -1 63 -1 60 -1 60 -1 60 -1 60 -1 -2
60 -1 90 -1 60 -1 60 -1 60 -1 60 -1 60 -1 63 -1 60 -1 60 -1 60 -1 60 -1 -2
60 -1 90 -1 60 -1 60 -1 60 -1 60 -1 60 -1 63 -1 60 -1 60 -1 60 -1 60 -1 -2
60 -1 90 -1 60 -1 60 -1 60 -1 60 -1 60 -1 63 -1 60 -1 60 -1 60 -1 60 -1 -2
60 -1 89 -1 60 -1 60 -1 60 -1 60 -1 60 -1 60 -1 63 -1 60 -1 60 -1 60 -1 60 -1 -2
60 -1 90 -1 60 -1 60 -1 60 -1 60 -1 60 -1 63 -1 60 -1 60 -1 60 -1 60 -1 -2
60 -1 90 -1 60 -1 60 -1 60 -1 60 -1 60 -1 63 -1 60 -1 60 -1 60 -1 60 -1 -2
60 -1 90 -1 60 -1 60 -1 60 -1 60 -1 60 -1 63 -1 60 -1 60 -1 60 -1 60 -1 -2
60 -1 90 -1 60 -1 60 -1 60 -1 60 -1 60 -1 63 -1 60 -1 60 -1 60 -1 60 -1 -2
60 -1 60 -1 90 -1 60 -1 60 -1 60 -1 60 -1 60 -1 63 -1 60 -1 60 -1 60 -1 60 -1 -2
60 -1 60 -1 90 -1 60 -1 60 -1 60 -1 60 -1 60 -1 63 -1 60 -1 60 -1 60 -1 60 -1 -2
60 -1 90 -1 60 -1 60 -1 60 -1 60 -1 60 -1 63 -1 60 -1 60 -1 60 -1 60 -1 -2
60 -1 89 -1 60 -1 60 -1 60 -1 60 -1 60 -1 63 -1 60 -1 60 -1 60 -1 60 -1 -2
60 -1 90 -1 60 -1 60 -1 60 -1 60 -1 60 -1 63 -1 60 -1 60 -1 60 -1 60 -1 -2
60 -1 90 -1 60 -1 60 -1 60 -1 60 -1 60 -1 63 -1 60 -1 60 -1 60 -1 60 -1 -2
60 -1 90 -1 60 -1 60 -1 60 -1 60 -1 60 -1 63 -1 60 -1 60 -1 60 -1 60 -1 -2
60 -1 90 -1 90 -1 60 -1 60 -1 60 -1 60 -1 60 -1 63 -1 60 -1 60 -1 60 -1 60 -1 -2
60 -1 89 -1 60 -1 60 -1 60 -1 60 -1 60 -1 63 -1 60 -1 60 -1 60 -1 60 -1 -2
60 -1 90 -1 60 -1 60 -1 60 -1 60 -1 60 -1 60 -1 63 -1 60 -1 60 -1 60 -1 60 -1 -2
60 -1 90 -1 60 -1 60 -1 60 -1 60 -1 60 -1 63 -1 60 -1 60 -1 60 -1 60 -1 -2
60 -1 90 -1 60 -1 60 -1 60 -1 60 -1 60 -1 63 -1 60 -1 60 -1 60 -1 60 -1 -2
60 -1 90 -1 90 -1 60 -1 60 -1 60 -1 60 -1 60 -1 63 -1 60 -1 60 -1 60 -1 60 -1 -2
60 -1 90 -1 60 -1 60 -1 60 -1 60 -1 60 -1 63 -1 60 -1 60 -1 60 -1 60 -1 -2
60 -1 90 -1 60 -1 60 -1 60 -1 60 -1 60 -1 60 -1 63 -1 60 -1 60 -1 60 -1 60 -1 -2
60 -1 90 -1 60 -1 60 -1 60 -1 60 -1 60 -1 63 -1 60 -1 60 -1 60 -1 60 -1 -2
60 -1 90 -1 60 -1 60 -1 60 -1 60 -1 60 -1 63 -1 60 -1 60 -1 60 -1 60 -1 -2
60 -1 90 -1 60 -1 60 -1 60 -1 60 -1 60 -1 63 -1 60 -1 60 -1 60 -1 60 -1 -2
60 -1 90 -1 60 -1 60 -1 60 -1 60 -1 60 -1 63 -1 60 -1 60 -1 60 -1 60 -1 -2
60 -1 60 -1 90 -1 60 -1 60 -1 60 -1 60 -1 60 -1 63 -1 60 -1 60 -1 60 -1 60 -1 -2
60 -1 89 -1 60 -1 60 -1 60 -1 60 -1 60 -1 63 -1 60 -1 60 -1 60 -1 60 -1 -2
60 -1 90 -1 60 -1 60 -1 60 -1 60 -1 60 -1 63 -1 60 -1 60 -1 60 -1 60 -1 -2
60 -1 90 -1 60 -1 60 -1 60 -1 60 -1 60 -1 63 -1 60 -1 60 -1 60 -1 60 -1 -2
60 -1 90 -1 60 -1 60 -1 60 -1 60 -1 60 -1 63 -1 60 -1 60 -1 60 -1 60 -1 -2
60 -1 90 -1 60 -1 60 -1 60 -1 60 -1 60 -1 63 -1 60 -1 60 -1 60 -1 60 -1 -2
60 -1 90 -1 60 -1 60 -1 60 -1 60 -1 60 -1 63 -1 60 -1 60 -1 60 -1 60 -1 -2
60 -1 90 -1 60 -1 60 -1 60 -1 60 -1 60 -1 63 -1 60 -1 60 -1 60 -1 60 -1 -2
60 -1 90 -1 60 -1 60 -1 60 -1 60 -1 60 -1 63 -1 60 -1 60 -1 60 -1 60 -1 -2
60 -1 90 -1 60 -1 60 -1 60 -1 60 -1 60 -1 60 -1 63 -1 60 -1 60 -1 60 -1 60 -1 -2
60 -1 90 -1 60 -1 60 -1 60 -1 60 -1 60 -1 63 -1 60 -1 60 -1 60 -1 60 -1 -2
60 -1 90 -1 60 -1 60 -1 60 -1 60 -1 60 -1 63 -1 60 -1 60 -1 60 -1 60 -1 -2
60 -1 90 -1 60 -1 60 -1 60 -1 60 -1 60 -1 63 -1 60 -1 60 -1 60 -1 60 -1 -2
60 -1 90 -1 60 -1 60 -1 60 -1 60 -1 60 -1 63 -1 60 -1 60 -1 60 -1 60 -1 -2
60 -1 90 -1 60 -1 60 -1 60 -1 60 -1 60 -1 63 -1 60 -1 60 -1 60 -1 60 -1 -2
60 -1 60 -1 90 -1 60 -1 60 -1 60 -1 60 -1 60 -1 63 -1 60 -1 60 -1 60 -1 60 -1 -2
60 -1 90 -1 60 -1 60 -1 60 -1 60 -1 60 -1 63 -1 60 -1 60 -1 60 -1 60 -1 -2
60 -1 90 -1 60 -1 60 -1 60 -1 60 -1 60 -1 63 -1 60 -1 60 -1 60 -1 60 -1 -2
60 -1 89 -1 60 -1 60 -1 60 -1 60 -1 60 -1 63 -1 60 -1 60 -1 60 -1 60 -1 -2
60 -1 90 -1 90 -1 60 -1 60 -1 60 -1 60 -1 60 -1 63 -1 60 -1 60 -1 60 -1 60 -1 -2
60 -1 90 -1 60 -1 60 -1 60 -1 60 -1 60 -1 63 -1 60 -1 60 -1 60 -1 60 -1 -2
60 -1 88 -1 60 -1 60 -1 60 -1 60 -1 60 -1 63 -1 60 -1 60 -1 60 -1 60 -1 -2
60 -1 90 -1 60 -1 60 -1 60 -1 60 -1 60 -1 63 -1 60 -1 60 -1 60 -1 60 -1 -2
60 -1 90 -1 60 -1 60 -1 60 -1 60 -1 60 -1 63 -1 60 -1 60 -1 60 -1 60 -1 -2
60 -1 90 -1 60 -1 60 -1 60 -1 60 -1 60 -1 63 -1 60 -1 60 -1 60 -1 60 -1 60 -1 -2
60 -1 90 -1 60 -1 60 -1 60 -1 60 -1 60 -1 63 -1 60 -1 60 -1 60 -1 60 -1 -2
60 -1 90 -1 60 -1 60 -1 60 -1 60 -1 60 -1 63 -1 60 -1 60 -1 60 -1 60 -1 -2
60 -1 90 -1 60 -1 60 -1 60 -1 60 -1 60 -1 60 -1 63 -1 60 -1 60 -1 60 -1 60 -1 -2
60 -1 90 -1 60 -1 60 -1 60 -1 60 -1 60 -1 63 -1 60 -1 60 -1 60 -1 60 -1 -2
60 -1 90 -1 60 -1 60 -1 60 -1 60 -1 60 -1 63 -1 60 -1 60 -1 60 -1 60 -1 -2
60 -1 90 -1 60 -1 60 -1 60 -1 60 -1 60 -1 63 -1 60 -1 60 -1 60 -1 60 -1 -2
60 -1 90 -1 60 -1 60 -1 60 -1 60 -1 60 -1 60 -1 63 -1 60 -1 60 -1 60 -1 60 -1 -2
60 -1 90 -1 60 -1 60 -1 60 -1 60 -1 60 -1 63 -1 60 -1 60 -1 60 -1 60 -1 -2
60 -1 90 -1 60 -1 60 -1 60 -1 60 -1 60 -1 63 -1 60 -1 60 -1 60 -1 60 -1 -2
60 -1 89 -1 60 -1 60 -1 60 -1 60 -1 60 -1 63 -1 60 -1 60 -1 60 -1 60 -1 -2
60 -1 90 -1 60 -1 60 -1 60 -1 60 -1 60 -1 63 -1 60 -1 60 -1 60 -1 60 -1 -2
60 -1 90 -1 60 -1 60 -1 60 -1 60 -1 60 -1 63 -1 60 -1 60 -1 60 -1 60 -1 -2
60 -1 90 -1 60 -1 60 -1 60 -1 60 -1 60 -1 63 -1 60 -1 60 -1 60 -1 60 -1 -2
60 -1 90 -1 60 -1 60 -1 60 -1 60 -1 60 -1 63 -1 60 -1 60 -1 60 -1 60 -1 -2
60 -1 90 -1 60 -1 60 -1 60 -1 60 -1 60 -1 63 -1 60 -1 60 -1 60 -1 60 -1 -2
60 -1 90 -1 60 -1 60 -1 60 -1 60 -1 60 -1 63 -1 60 -1 60 -1 60 -1 60 -1 -2
60 -1 90 -1 60 -1 60 -1 60 -1 60 -1 60 -1 63 -1 63 -1 60 -1 60 -1 60 -1 60 -1 -2
60 -1 90 -1 60 -1 60 -1 60 -1 60 -1 60 -1 63 -1 60 -1 60 -1 60 -1 60 -1 -2
60 -1 90 -1 60 -1 60 -1 60 -1 60 -1 60 -1 60 -1 63 -1 60 -1 60 -1 60 -1 60 -1 -2
60 -1 89 -1 60 -1 60 -1 60 -1 60 -1 60 -1 63 -1 60 -1 60 -1 60 -1 60 -1 -2
60 -1 90 -1 60 -1 60 -1 60 -1 60 -1 60 -1 63 -1 60 -1 60 -1 60 -1 60 -1 -2
60 -1 90 -1 60 -1 60 -1 60 -1 60 -1 60 -1 63 -1 60 -1 60 -1 60 -1 60 -1 -2
60 -1 90 -1 60 -1 60 -1 60 -1 60 -1 60 -1 63 -1 60 -1 60 -1 60 -1 60 -1 -2
60 -1 90 -1 60 -1 60 -1 60 -1 60 -1 60 -1 60 -1 63 -1 60 -1 60 -1 60 -1 60 -1 -2
60 -1 89 -1 60 -1 60 -1 60 -1 60 -1 60 -1 63 -1 60 -1 60 -1 60 -1 60 -1 -2
60 -1 90 -1 60 -1 60 -1 60 -1 60 -1 60 -1 63 -1 60 -1 60 -1 60 -1 60 -1 -2
60 -1 90 -1 60 -1 60 -1 60 -1 60 -1 60 -1 63 -1 60 -1 60 -1 60 -1 60 -1 -2
60 -1 90 -1 60 -1 60 -1 60 -1 60 -1 60 -1 63 -1 60 -1 60 -1 60 -1 60 -1 -2
60 -1 90 -1 60 -1 60 -1 60 -1 60 -1 60 -1 63 -1 60 -1 60 -1 60 -1 60 -1 60 -1 -2
60 -1 90 -1 60 -1 60 -1 60 -1 60 -1 60 -1 60 -1 63 -1 60 -1 60 -1 60 -1 60 -1 -2
60 -1 60 -1 60 -1 90 -1 60 -1 60 -1 60 -1 60 -1 60 -1 63 -1 60 -1 60 -1 60 -1 60 -1 -2
60 -1 90 -1 60 -1 60 -1 60 -1 60 -1 60 -1 63 -1 60 -1 60 -1 60 -1 60 -1 -2
60 -1 90 -1 60 -1 60 -1 60 -1 60 -1 60 -1 63 -1 60 -1 60 -1 60 -1 60 -1 -2
60 -1 90 -1 60 -1 60 -1 60 -1 60 -1 60 -1 63 -1 60 -1 60 -1 60 -1 60 -1 -2
60 -1 90 -1 60 -1 60 -1 60 -1 60 -1 60 -1 63 -1 60 -1 60 -1 60 -1 60 -1 -2
60 -1 90 -1 60 -1 60 -1 60 -1 60 -1 60 -1 63 -1 60 -1 60 -1 60 -1 60 -1 -2
60 -1 90 -1 60 -1 60 -1 60 -1 60 -1 60 -1 63 -1 60 -1 60 -1 60 -1 60 -1 -2
60 -1 90 -1 60 -1 60 -1 60 -1 60 -1 60 -1 63 -1 60 -1 60 -1 60 -1 60 -1 -2
60 -1 90 -1 60 -1 60 -1 60 -1 60 -1 60 -1 67 -1 60 -1 60 -1 74 -1 60 -1 60 -1 60 -1 60 -1 60 -1 60 -1 60 -1 60 -1 60 -1 60 -1 60 -1 60 -1 -2
60 -1 90 -1 60 -1 60 -1 60 -1 60 -1 60 -1 63 -1 60 -1 60 -1 60 -1 60 -1 -2
60 -1 89 -1 60 -1 60 -1 60 -1 60 -1 60 -1 63 -1 60 -1 60 -1 60 -1 60 -1 -2
60 -1 88 -1 60 -1 60 -1 60 -1 60 -1 60 -1 63 -1 60 -1 60 -1 60 -1 60 -1 -2
60 -1 90 -1 60 -1 60 -1 60 -1 60 -1 60 -1 63 -1 60 -1 60 -1 60 -1 60 -1 -2
60 -1 89 -1 60 -1 60 -1 60 -1 60 -1 60 -1 63 -1 60 -1 60 -1 60 -1 60 -1 -2
60 -1 90 -1 60 -1 60 -1 60 -1 60 -1 60 -1 63 -1 60 -1 60 -1 60 -1 60 -1 -2
60 -1 90 -1 60 -1 60 -1 60 -1 60 -1 60 -1 63 -1 60 -1 60 -1 60 -1 60 -1 -2
60 -1 90 -1 60 -1 60 -1 60 -1 60 -1 60 -1 63 -1 60 -1 60 -1 60 -1 60 -1 -2
60 -1 90 -1 60 -1 60 -1 60 -1 60 -1 60 -1 63 -1 60 -1 60 -1 60 -1 60 -1 -2
60 -1 90 -1 60 -1 60 -1 60 -1 60 -1 60 -1 63 -1 63 -1 60 -1 60 -1 60 -1 60 -1 -2
60 -1 60 -1 90 -1 90 -1 60 -1 60 -1 60 -1 60 -1 60 -1 63 -1 60 -1 60 -1 60 -1 60 -1 -2
60 -1 60 -1 90 -1 60 -1 60 -1 60 -1 60 -1 60 -1 63 -1 60 -1 60 -1 60 -1 60 -1 -2
60 -1 90 -1 90 -1 60 -1 60 -1 60 -1 60 -1 60 -1 63 -1 60 -1 60 -1 60 -1 60 -1 -2
60 -1 90 -1 60 -1 60 -1 60 -1 60 -1 60 -1 63 -1 60 -1 60 -1 60 -1 60 -1 -2
60 -1 90 -1 60 -1 60 -1 60 -1 60 -1 60 -1 63 -1 60 -1 60 -1 60 -1 60 -1 -2
60 -1 90 -1 60 -1 60 -1 60 -1 60 -1 60 -1 63 -1 60 -1 60 -1 60 -1 60 -1 -2
60 -1 90 -1 60 -1 60 -1 60 -1 60 -1 60 -1 63 -1 60 -1 60 -1 60 -1 60 -1 -2
60 -1 90 -1 60 -1 60 -1 60 -1 60 -1 60 -1 63 -1 60 -1 60 -1 60 -1 60 -1 -2
60 -1 90 -1 60 -1 60 -1 60 -1 60 -1 60 -1 60 -1 63 -1 60 -1 60 -1 60 -1 60 -1 60 -1 -2
60 -1 90 -1 60 -1 60 -1 60 -1 60 -1 60 -1 63 -1 60 -1 60 -1 60 -1 60 -1 -2
60 -1 90 -1 60 -1 60 -1 60 -1 60 -1 60 -1 63 -1 60 -1 60 -1 60 -1 60 -1 -2
60 -1 90 -1 60 -1 60 -1 60 -1 60 -1 60 -1 63 -1 60 -1 60 -1 60 -1 60 -1 -2
60 -1 60 -1 90 -1 60 -1 60 -1 60 -1 60 -1 60 -1 63 -1 60 -1 60 -1 60 -1 60 -1 -2
60 -1 90 -1 60 -1 60 -1 60 -1 60 -1 60 -1 63 -1 63 -1 60 -1 60 -1 60 -1 60 -1 -2
60 -1 90 -1 60 -1 60 -1 60 -1 60 -1 60 -1 63 -1 60 -1 60 -1 60 -1 60 -1 -2
60 -1 89 -1 60 -1 60 -1 60 -1 60 -1 60 -1 63 -1 60 -1 60 -1 60 -1 60 -1 -2
60 -1 88 -1 60 -1 60 -1 60 -1 60 -1 60 -1 63 -1 60 -1 60 -1 60 -1 60 -1 -2
60 -1 90 -1 90 -1 60 -1 60 -1 60 -1 60 -1 60 -1 63 -1 60 -1 60 -1 60 -1 60 -1 -2
60 -1 90 -1 60 -1 60 -1 60 -1 60 -1 60 -1 63 -1 60 -1 60 -1 60 -1 60 -1 -2
60 -1 90 -1 60 -1 60 -1 60 -1 60 -1 60 -1 63 -1 63 -1 60 -1 60 -1 60 -1 60 -1 -2
60 -1 90 -1 60 -1 60 -1 60 -1 60 -1 60 -1 63 -1 60 -1 60 -1 60 -1 60 -1 -2
60 -1 90 -1 60 -1 60 -1 60 -1 60 -1 60 -1 63 -1 60 -1 60 -1 60 -1 60 -1 -2
60 -1 90 -1 60 -1 60 -1 60 -1 60 -1 60 -1 63 -1 60 -1 60 -1 60 -1 60 -1 -2
60 -1 90 -1 60 -1 60 -1 60 -1 60 -1 60 -1 63 -1 60 -1 60 -1 60 -1 60 -1 -2
60 -1 90 -1 60 -1 60 -1 60 -1 60 -1 60 -1 63 -1 60 -1 60 -1 60 -1 60 -1 -2
60 -1 90 -1 60 -1 60 -1 60 -1 60 -1 60 -1 63 -1 60 -1 60 -1 60 -1 60 -1 -2
60 -1 90 -1 60 -1 60 -1 60 -1 60 -1 60 -1 60 -1 63 -1 60 -1 60 -1 60 -1 60 -1 -2
60 -1 90 -1 60 -1 60 -1 60 -1 60 -1 60 -1 63 -1 60 -1 60 -1 60 -1 60 -1 -2
60 -1 88 -1 60 -1 60 -1 60 -1 60 -1 60 -1 63 -1 60 -1 60 -1 60 -1 60 -1 -2
60 -1 90 -1 60 -1 60 -1 60 -1 60 -1 60 -1 60 -1 63 -1 60 -1 60 -1 60 -1 60 -1 -2
60 -1 90 -1 60 -1 60 -1 60 -1 60 -1 60 -1 60 -1 63 -1 60 -1 60 -1 60 -1 60 -1 -2
60 -1 90 -1 60 -1 60 -1 60 -1 60 -1 60 -1 63 -1 60 -1 60 -1 60 -1 60 -1 -2
60 -1 90 -1 60 -1 60 -1 60 -1 60 -1 60 -1 63 -1 60 -1 60 -1 60 -1 60 -1 -2
60 -1 90 -1 60 -1 60 -1 60 -1 60 -1 60 -1 60 -1 63 -1 60 -1 60 -1 60 -1 60 -1 -2
60 -1 90 -1 60 -1 60 -1 60 -1 60 -1 60 -1 63 -1 60 -1 60 -1 60 -1 60 -1 -2
60 -1 90 -1 60 -1 60 -1 60 -1 60 -1 60 -1 63 -1 60 -1 60 -1 60 -1 60 -1 -2
60 -1 90 -1 60 -1 60 -1 60 -1 60 -1 60 -1 63 -1 60 -1 60 -1 60 -1 60 -1 -2
60 -1 90 -1 60 -1 60 -1 60 -1 60 -1 60 -1 63 -1 60 -1 60 -1 60 -1 60 -1 -2
60 -1 90 -1 60 -1 60 -1 60 -1 60 -1 60 -1 60 -1 63 -1 60 -1 60 -1 60 -1 60 -1 -2
60 -1 90 -1 60 -1 60 -1 60 -1 60 -1 60 -1 63 -1 60 -1 60 -1 60 -1 60 -1 -2
60 -1 90 -1 60 -1 60 -1 60 -1 60 -1 60 -1 63 -1 60 -1 60 -1 60 -1 60 -1 -2
60 -1 90 -1 60 -1 60 -1 60 -1 60 -1 60 -1 63 -1 60 -1 60 -1 60 -1 60 -1 -2
60 -1 90 -1 60 -1 60 -1 60 -1 60 -1 60 -1 63 -1 60 -1 60 -1 60 -1 60 -1 -2
60 -1 89 -1 60 -1 60 -1 60 -1 60 -1 60 -1 63 -1 60 -1 60 -1 60 -1 60 -1 -2
60 -1 90 -1 90 -1 60 -1 60 -1 60 -1 60 -1 60 -1 63 -1 60 -1 60 -1 60 -1 60 -1 -2
60 -1 90 -1 60 -1 60 -1 60 -1 60 -1 60 -1 63 -1 60 -1 60 -1 60 -1 60 -1 -2
60 -1 89 -1 60 -1 60 -1 60 -1 60 -1 60 -1 63 -1 60 -1 60 -1 60 -1 60 -1 -2
60 -1 90 -1 60 -1 60 -1 60 -1 60 -1 60 -1 63 -1 60 -1 60 -1 60 -1 60 -1 -2
60 -1 90 -1 60 -1 60 -1 60 -1 60 -1 60 -1 60 -1 63 -1 60 -1 60 -1 60 -1 60 -1 60 -1 -2
60 -1 90 -1 60 -1 60 -1 60 -1 60 -1 60 -1 63 -1 60 -1 60 -1 60 -1 60 -1 -2
60 -1 90 -1 60 -1 60 -1 60 -1 60 -1 60 -1 63 -1 60 -1 60 -1 60 -1 60 -1 -2
60 -1 90 -1 60 -1 60 -1 60 -1 60 -1 60 -1 63 -1 60 -1 60 -1 60 -1 60 -1 -2
60 -1 90 -1 60 -1 60 -1 60 -1 60 -1 60 -1 63 -1 60 -1 60 -1 60 -1 60 -1 -2
60 -1 90 -1 60 -1 60 -1 60 -1 60 -1 60 -1 63 -1 60 -1 60 -1 60 -1 60 -1 -2
60 -1 90 -1 60 -1 60 -1 60 -1 60 -1 60 -1 63 -1 63 -1 60 -1 60 -1 60 -1 60 -1 -2
60 -1 90 -1 60 -1 60 -1 60 -1 60 -1 60 -1 63 -1 60 -1 60 -1 60 -1 60 -1 -2
60 -1 90 -1 60 -1 60 -1 60 -1 60 -1 60 -1 63 -1 60 -1 60 -1 60 -1 60 -1 -2
60 -1 90 -1 60 -1 60 -1 60 -1 60 -1 60 -1 63 -1 60 -1 60 -1 60 -1 60 -1 -2
60 -1 90 -1 60 -1 60 -1 60 -1 60 -1 60 -1 60 -1 63 -1 60 -1 60 -1 60 -1 60 -1 -2
60 -1 89 -1 60 -1 60 -1 60 -1 60 -1 60 -1 63 -1 60 -1 60 -1 60 -1 60 -1 -2
60 -1 90 -1 60 -1 60 -1 60 -1 60 -1 60 -1 63 -1 60 -1 60 -1 60 -1 60 -1 -2
60 -1 90 -1 60 -1 60 -1 60 -1 60 -1 60 -1 60 -1 63 -1 60 -1 60 -1 60 -1 60 -1 -2
60 -1 90 -1 60 -1 60 -1 60 -1 60 -1 60 -1 63 -1 60 -1 60 -1 60 -1 60 -1 -2
60 -1 90 -1 60 -1 60 -1 60 -1 60 -1 60 -1 63 -1 60 -1 60 -1 60 -1 60 -1 -2
60 -1 90 -1 60 -1 60 -1 60 -1 60 -1 60 -1 63 -1 60 -1 60 -1 60 -1 60 -1 -2
60 -1 60 -1 90 -1 60 -1 60 -1 60 -1 60 -1 60 -1 63 -1 60 -1 60 -1 60 -1 60 -1 -2
60 -1 90 -1 60 -1 60 -1 60 -1 60 -1 60 -1 63 -1 60 -1 60 -1 60 -1 60 -1 -2
60 -1 90 -1 60 -1 60 -1 60 -1 60 -1 60 -1 63 -1 60 -1 60 -1 60 -1 60 -1 -2
60 -1 90 -1 60 -1 60 -1 60 -1 60 -1 60 -1 63 -1 60 -1 60 -1 60 -1 60 -1 -2
60 -1 90 -1 60 -1 60 -1 60 -1 60 -1 60 -1 63 -1 63 -1 60 -1 60 -1 60 -1 60 -1 -2
60 -1 90 -1 60 -1 60 -1 60 -1 60 -1 60 -1 63 -1 60 -1 60 -1 60 -1 60 -1 -2
60 -1 90 -1 60 -1 60 -1 60 -1 60 -1 60 -1 63 -1 60 -1 60 -1 60 -1 60 -1 -2
60 -1 90 -1 60 -1 60 -1 60 -1 60 -1 60 -1 63 -1 60 -1 60 -1 60 -1 60 -1 -2
60 -1 90 -1 60 -1 60 -1 60 -1 60 -1 60 -1 63 -1 60 -1 60 -1 60 -1 60 -1 -2
60 -1 90 -1 60 -1 60 -1 60 -1 60 -1 60 -1 63 -1 60 -1 60 -1 60 -1 60 -1 -2
60 -1 90 -1 60 -1 60 -1 60 -1 60 -1 60 -1 63 -1 60 -1 60 -1 60 -1 60 -1 -2
60 -1 90 -1 60 -1 60 -1 60 -1 60 -1 60 -1 60 -1 63 -1 60 -1 60 -1 60 -1 60 -1 -2
60 -1 90 -1 60 -1 60 -1 60 -1 60 -1 60 -1 63 -1 60 -1 60 -1 60 -1 60 -1 -2
60 -1 90 -1 60 -1 60 -1 60 -1 60 -1 60 -1 63 -1 60 -1 60 -1 60 -1 60 -1 -2
60 -1 90 -1 60 -1 60 -1 60 -1 60 -1 60 -1 63 -1 60 -1 60 -1 60 -1 60 -1 -2
60 -1 90 -1 60 -1 60 -1 60 -1 60 -1 60 -1 63 -1 60 -1 60 -1 60 -1 60 -1 -2
60 -1 89 -1 60 -1 60 -1 60 -1 60 -1 60 -1 63 -1 60 -1 60 -1 60 -1 60 -1 -2
60 -1 90 -1 60 -1 60 -1 60 -1 60 -1 60 -1 63 -1 60 -1 60 -1 60 -1 60 -1 -2
60 -1 89 -1 60 -1 60 -1 60 -1 60 -1 60 -1 60 -1 63 -1 60 -1 60 -1 60 -1 60 -1 -2
60 -1 90 -1 60 -1 60 -1 60 -1 60 -1 60 -1 63 -1 60 -1 60 -1 60 -1 60 -1 -2
60 -1 90 -1 60 -1 60 -1 60 -1 60 -1 60 -1 63 -1 60 -1 60 -1 60 -1 60 -1 -2
60 -1 90 -1 60 -1 60 -1 60 -1 60 -1 60 -1 63 -1 60 -1 60 -1 60 -1 60 -1 -2
60 -1 90 -1 90 -1 60 -1 60 -1 60 -1 60 -1 60 -1 63 -1 60 -1 60 -1 60 -1 60 -1 -2
60 -1 90 -1 60 -1 60 -1 60 -1 60 -1 60 -1 63 -1 63 -1 60 -1 60 -1 60 -1 60 -1 60 -1 -2
60 -1 90 -1 60 -1 60 -1 60 -1 60 -1 60 -1 63 -1 60 -1 60 -1 60 -1 60 -1 -2
60 -1 90 -1 60 -1 60 -1 60 -1 60 -1 60 -1 63 -1 60 -1 60 -1 60 -1 60 -1 -2
60 -1 90 -1 60 -1 60 -1 60 -1 60 -1 60 -1 63 -1 60 -1 60 -1 60 -1 60 -1 -2
60 -1 90 -1 60 -1 60 -1 60 -1 60 -1 60 -1 63 -1 60 -1 60 -1 60 -1 60 -1 -2
60 -1 90 -1 60 -1 60 -1 60 -1 60 -1 60 -1 60 -1 63 -1 60 -1 60 -1 60 -1 60 -1 -2
60 -1 90 -1 60 -1 60 -1 60 -1 60 -1 60 -1 60 -1 63 -1 60 -1 60 -1 60 -1 60 -1 -2
60 -1 90 -1 60 -1 60 -1 60 -1 60 -1 60 -1 63 -1 60 -1 60 -1 60 -1 60 -1 -2
60 -1 90 -1 60 -1 60 -1 60 -1 60 -1 60 -1 63 -1 60 -1 60 -1 60 -1 60 -1 -2
60 -1 90 -1 90 -1 60 -1 60 -1 60 -1 60 -1 60 -1 63 -1 60 -1 60 -1 60 -1 60 -1 -2
60 -1 90 -1 60 -1 60 -1 60 -1 60 -1 60 -1 63 -1 60 -1 60 -1 60 -1 60 -1 -2
60 -1 90 -1 60 -1 60 -1 60 -1 60 -1 60 -1 63 -1 60 -1 60 -1 60 -1 60 -1 -2
60 -1 90 -1 60 -1 60 -1 60 -1 60 -1 60 -1 63 -1 60 -1 60 -1 60 -1 60 -1 -2
60 -1 90 -1 60 -1 60 -1 60 -1 60 -1 60 -1 63 -1 60 -1 60 -1 60 -1 60 -1 -2
60 -1 90 -1 60 -1 60 -1 60 -1 60 -1 60 -1 63 -1 60 -1 60 -1 60 -1 60 -1 -2
60 -1 90 -1 60 -1 60 -1 60 -1 60 -1 60 -1 63 -1 60 -1 60 -1 60 -1 60 -1 -2
60 -1 90 -1 60 -1 60 -1 60 -1 60 -1 60 -1 63 -1 60 -1 60 -1 60 -1 60 -1 -2
60 -1 90 -1 60 -1 60 -1 60 -1 60 -1 60 -1 63 -1 60 -1 60 -1 60 -1 60 -1 -2
60 -1 90 -1 60 -1 60 -1 60 -1 60 -1 60 -1 60 -1 63 -1 60 -1 60 -1 60 -1 60 -1 -2
60 -1 90 -1 60 -1 60 -1 60 -1 60 -1 60 -1 63 -1 60 -1 60 -1 60 -1 60 -1 -2
60 -1 90 -1 60 -1 60 -1 60 -1 60 -1 60 -1 63 -1 60 -1 60 -1 60 -1 60 -1 -2
60 -1 90 -1 60 -1 60 -1 60 -1 60 -1 60 -1 63 -1 63 -1 60 -1 60 -1 60 -1 60 -1 -2
60 -1 90 -1 60 -1 60 -1 60 -1 60 -1 60 -1 60 -1 63 -1 63 -1 60 -1 60 -1 60 -1 60 -1 -2
60 -1 90 -1 60 -1 60 -1 60 -1 60 -1 60 -1 63 -1 60 -1 60 -1 60 -1 60 -1 -2
60 -1 90 -1 60 -1 60 -1 60 -1 60 -1 60 -1 63 -1 60 -1 60 -1 60 -1 60 -1 -2
60 -1 89 -1 60 -1 60 -1 60 -1 60 -1 60 -1 60 -1 63 -1 60 -1 60 -1 60 -1 60 -1 -2
60 -1 90 -1 60 -1 60 -1 60 -1 60 -1 60 -1 63 -1 60 -1 60 -1 60 -1 60 -1 -2
60 -1 90 -1 60 -1 60 -1 60 -1 60 -1 60 -1 63 -1 60 -1 60 -1 60 -1 60 -1 -2
60 -1 90 -1 60 -1 60 -1 60 -1 60 -1 60 -1 63 -1 60 -1 60 -1 60 -1 60 -1 -2
60 -1 90 -1 60 -1 60 -1 60 -1 60 -1 60 -1 63 -1 60 -1 60 -1 60 -1 60 -1 -2
60 -1 90 -1 60 -1 60 -1 60 -1 60 -1 60 -1 63 -1 60 -1 60 -1 60 -1 60 -1 -2
60 -1 90 -1 60 -1 60 -1 60 -1 60 -1 60 -1 60 -1 63 -1 60 -1 60 -1 60 -1 60 -1 -2
60 -1 89 -1 60 -1 60 -1 60 -1 60 -1 60 -1 60 -1 63 -1 60 -1 60 -1 60 -1 60 -1 60 -1 -2
60 -1 90 -1 60 -1 60 -1 60 -1 60 -1 60 -1 63 -1 60 -1 60 -1 60 -1 60 -1 -2
60 -1 89 -1 60 -1 60 -1 60 -1 60 -1 60 -1 63 -1 60 -1 60 -1 60 -1 60 -1 -2
60 -1 90 -1 60 -1 60 -1 60 -1 60 -1 60 -1 63 -1 60 -1 60 -1 60 -1 60 -1 -2
60 -1 89 -1 60 -1 60 -1 60 -1 60 -1 60 -1 63 -1 60 -1 60 -1 60 -1 60 -1 -2
60 -1 89 -1 60 -1 60 -1 60 -1 60 -1 60 -1 63 -1 60 -1 60 -1 60 -1 60 -1 -2
60 -1 89 -1 60 -1 60 -1 60 -1 60 -1 60 -1 63 -1 60 -1 60 -1 60 -1 60 -1 -2
60 -1 90 -1 60 -1 60 -1 60 -1 60 -1 60 -1 63 -1 63 -1 60 -1 60 -1 60 -1 60 -1 -2
60 -1 90 -1 60 -1 60 -1 60 -1 60 -1 60 -1 63 -1 60 -1 60 -1 60 -1 60 -1 -2
60 -1 90 -1 60 -1 60 -1 60 -1 60 -1 60 -1 63 -1 60 -1 60 -1 60 -1 60 -1 -2
60 -1 90 -1 60 -1 60 -1 60 -1 60 -1 60 -1 63 -1 60 -1 60 -1 60 -1 60 -1 -2
60 -1 89 -1 60 -1 60 -1 60 -1 60 -1 60 -1 63 -1 60 -1 60 -1 60 -1 60 -1 -2
60 -1 89 -1 60 -1 60 -1 60 -1 60 -1 60 -1 63 -1 60 -1 60 -1 60 -1 60 -1 -2
60 -1 90 -1 60 -1 60 -1 60 -1 60 -1 60 -1 63 -1 60 -1 60 -1 60 -1 60 -1 -2
60 -1 90 -1 60 -1 60 -1 60 -1 60 -1 60 -1 63 -1 60 -1 60 -1 60 -1 60 -1 -2
60 -1 90 -1 60 -1 60 -1 60 -1 60 -1 60 -1 63 -1 60 -1 60 -1 60 -1 60 -1 -2
60 -1 60 -1 89 -1 60 -1 60 -1 60 -1 60 -1 60 -1 63 -1 60 -1 60 -1 60 -1 60 -1 -2
60 -1 90 -1 60 -1 60 -1 60 -1 60 -1 60 -1 63 -1 60 -1 60 -1 60 -1 60 -1 -2
60 -1 88 -1 60 -1 60 -1 60 -1 60 -1 60 -1 63 -1 60 -1 60 -1 60 -1 60 -1 -2
60 -1 90 -1 60 -1 60 -1 60 -1 60 -1 60 -1 63 -1 60 -1 60 -1 60 -1 60 -1 -2
60 -1 90 -1 90 -1 60 -1 60 -1 60 -1 60 -1 60 -1 63 -1 60 -1 60 -1 60 -1 60 -1 -2
60 -1 90 -1 60 -1 60 -1 60 -1 60 -1 60 -1 60 -1 63 -1 60 -1 60 -1 60 -1 60 -1 -2
60 -1 90 -1 60 -1 60 -1 60 -1 60 -1 60 -1 63 -1 60 -1 60 -1 60 -1 60 -1 -2
60 -1 90 -1 60 -1 60 -1 60 -1 60 -1 60 -1 63 -1 60 -1 60 -1 60 -1 60 -1 -2
60 -1 60 -1 90 -1 60 -1 60 -1 60 -1 60 -1 60 -1 63 -1 60 -1 60 -1 60 -1 60 -1 -2
60 -1 90 -1 60 -1 60 -1 60 -1 60 -1 60 -1 63 -1 60 -1 60 -1 60 -1 60 -1 -2
60 -1 90 -1 60 -1 60 -1 60 -1 60 -1 60 -1 63 -1 60 -1 60 -1 60 -1 60 -1 -2
60 -1 90 -1 60 -1 60 -1 60 -1 60 -1 60 -1 63 -1 60 -1 60 -1 60 -1 60 -1 -2
60 -1 90 -1 60 -1 60 -1 60 -1 60 -1 60 -1 63 -1 60 -1 60 -1 60 -1 60 -1 -2
60 -1 90 -1 60 -1 60 -1 60 -1 60 -1 60 -1 63 -1 60 -1 60 -1 60 -1 60 -1 -2
60 -1 90 -1 60 -1 60 -1 60 -1 60 -1 60 -1 63 -1 60 -1 60 -1 60 -1 60 -1 -2
60 -1 90 -1 60 -1 60 -1 60 -1 60 -1 60 -1 63 -1 60 -1 60 -1 60 -1 60 -1 -2
60 -1 90 -1 60 -1 60 -1 60 -1 60 -1 60 -1 63 -1 60 -1 60 -1 60 -1 60 -1 -2
60 -1 89 -1 60 -1 60 -1 60 -1 60 -1 60 -1 63 -1 60 -1 60 -1 60 -1 60 -1 -2
60 -1 60 -1 90 -1 60 -1 60 -1 60 -1 60 -1 60 -1 63 -1 60 -1 60 -1 60 -1 60 -1 -2
60 -1 90 -1 60 -1 60 -1 60 -1 60 -1 60 -1 63 -1 60 -1 60 -1 60 -1 60 -1 -2
60 -1 90 -1 60 -1 60 -1 60 -1 60 -1 60 -1 63 -1 60 -1 60 -1 60 -1 60 -1 -2
60 -1 90 -1 60 -1 60 -1 60 -1 60 -1 60 -1 63 -1 60 -1 60 -1 60 -1 60 -1 -2
60 -1 88 -1 60 -1 60 -1 60 -1 60 -1 60 -1 63 -1 60 -1 60 -1 60 -1 60 -1 -2
60 -1 90 -1 60 -1 60 -1 60 -1 60 -1 60 -1 63 -1 60 -1 60 -1 60 -1 60 -1 -2
60 -1 90 -1 60 -1 60 -1 60 -1 60 -1 60 -1 60 -1 63 -1 60 -1 60 -1 60 -1 60 -1 -2
60 -1 90 -1 60 -1 60 -1 60 -1 60 -1 60 -1 63 -1 60 -1 60 -1 60 -1 60 -1 -2
60 -1 90 -1 60 -1 60 -1 60 -1 60 -1 60 -1 63 -1 60 -1 60 -1 60 -1 60 -1 -2
60 -1 90 -1 60 -1 60 -1 60 -1 60 -1 60 -1 63 -1 60 -1 60 -1 60 -1 60 -1 -2
60 -1 90 -1 60 -1 60 -1 60 -1 60 -1 60 -1 63 -1 63 -1 60 -1 60 -1 60 -1 60 -1 -2
60 -1 90 -1 60 -1 60 -1 60 -1 60 -1 60 -1 63 -1 60 -1 60 -1 60 -1 60 -1 -2
60 -1 90 -1 60 -1 60 -1 60 -1 60 -1 60 -1 63 -1 60 -1 60 -1 60 -1 60 -1 -2
60 -1 89 -1 60 -1 60 -1 60 -1 60 -1 60 -1 63 -1 60 -1 60 -1 60 -1 60 -1 -2
60 -1 88 -1 60 -1 60 -1 60 -1 60 -1 60 -1 63 -1 60 -1 60 -1 60 -1 60 -1 -2
60 -1 90 -1 60 -1 60 -1 60 -1 60 -1 60 -1 63 -1 63 -1 60 -1 60 -1 60 -1 60 -1 -2
60 -1 90 -1 60 -1 60 -1 60 -1 60 -1 60 -1 63 -1 60 -1 60 -1 60 -1 60 -1 -2
60 -1 90 -1 60 -1 60 -1 60 -1 60 -1 60 -1 63 -1 60 -1 60 -1 60 -1 60 -1 -2
60 -1 90 -1 60 -1 60 -1 60 -1 60 -1 60 -1 63 -1 60 -1 60 -1 60 -1 60 -1 -2
60 -1 90 -1 60 -1 60 -1 60 -1 60 -1 60 -1 63 -1 60 -1 60 -1 60 -1 60 -1 -2
60 -1 90 -1 60 -1 60 -1 60 -1 60 -1 60 -1 63 -1 60 -1 60 -1 60 -1 60 -1 -2
60 -1 90 -1 60 -1 60 -1 60 -1 60 -1 60 -1 63 -1 60 -1 60 -1 60 -1 60 -1 -2
60 -1 90 -1 60 -1 60 -1 60 -1 60 -1 60 -1 63 -1 60 -1 60 -1 60 -1 60 -1 -2
60 -1 90 -1 60 -1 60 -1 60 -1 60 -1 60 -1 63 -1 60 -1 60 -1 60 -1 60 -1 -2
60 -1 90 -1 60 -1 60 -1 60 -1 60 -1 60 -1 63 -1 60 -1 60 -1 60 -1 60 -1 -2
60 -1 90 -1 60 -1 60 -1 60 -1 60 -1 60 -1 63 -1 60 -1 60 -1 60 -1 60 -1 -2
60 -1 90 -1 60 -1 60 -1 60 -1 60 -1 60 -1 63 -1 60 -1 60 -1 60 -1 60 -1 -2
60 -1 90 -1 60 -1 60 -1 60 -1 60 -1 60 -1 63 -1 60 -1 60 -1 60 -1 60 -1 -2
60 -1 90 -1 60 -1 60 -1 60 -1 60 -1 60 -1 63 -1 60 -1 60 -1 60 -1 60 -1 -2
60 -1 90 -1 60 -1 60 -1 60 -1 60 -1 60 -1 63 -1 60 -1 60 -1 60 -1 60 -1 -2
60 -1 90 -1 60 -1 60 -1 60 -1 60 -1 60 -1 63 -1 60 -1 60 -1 60 -1 60 -1 -2
60 -1 90 -1 60 -1 60 -1 60 -1 60 -1 60 -1 63 -1 60 -1 60 -1 60 -1 60 -1 -2
60 -1 89 -1 60 -1 60 -1 60 -1 60 -1 60 -1 60 -1 63 -1 60 -1 60 -1 60 -1 60 -1 -2
60 -1 90 -1 60 -1 60 -1 60 -1 60 -1 60 -1 63 -1 60 -1 60 -1 60 -1 60 -1 -2
60 -1 90 -1 60 -1 60 -1 60 -1 60 -1 60 -1 63 -1 60 -1 60 -1 60 -1 60 -1 -2
60 -1 60 -1 90 -1 60 -1 60 -1 60 -1 60 -1 60 -1 63 -1 60 -1 60 -1 60 -1 60 -1 -2
60 -1 90 -1 60 -1 60 -1 60 -1 60 -1 60 -1 63 -1 60 -1 60 -1 60 -1 60 -1 -2
60 -1 90 -1 60 -1 60 -1 60 -1 60 -1 60 -1 63 -1 60 -1 60 -1 60 -1 60 -1 -2
60 -1 90 -1 60 -1 60 -1 60 -1 60 -1 60 -1 63 -1 60 -1 60 -1 60 -1 60 -1 -2
60 -1 90 -1 60 -1 60 -1 60 -1 60 -1 60 -1 63 -1 60 -1 60 -1 60 -1 60 -1 -2
60 -1 90 -1 60 -1 60 -1 60 -1 60 -1 60 -1 63 -1 60 -1 60 -1 60 -1 60 -1 -2
60 -1 90 -1 60 -1 60 -1 60 -1 60 -1 60 -1 63 -1 60 -1 60 -1 60 -1 60 -1 -2
60 -1 90 -1 60 -1 60 -1 60 -1 60 -1 60 -1 63 -1 60 -1 60 -1 60 -1 60 -1 -2
60 -1 90 -1 60 -1 60 -1 60 -1 60 -1 60 -1 63 -1 60 -1 60 -1 60 -1 60 -1 60 -1 -2
60 -1 90 -1 60 -1 60 -1 60 -1 60 -1 60 -1 63 -1 60 -1 60 -1 60 -1 60 -1 -2
60 -1 90 -1 60 -1 60 -1 60 -1 60 -1 60 -1 63 -1 63 -1 60 -1 60 -1 60 -1 60 -1 -2
60 -1 90 -1 60 -1 60 -1 60 -1 60 -1 60 -1 63 -1 60 -1 60 -1 60 -1 60 -1 -2
60 -1 90 -1 60 -1 60 -1 60 -1 60 -1 60 -1 63 -1 60 -1 60 -1 60 -1 60 -1 -2
60 -1 90 -1 60 -1 60 -1 60 -1 60 -1 60 -1 63 -1 60 -1 60 -1 60 -1 60 -1 -2
60 -1 90 -1 60 -1 60 -1 60 -1 60 -1 60 -1 63 -1 60 -1 60 -1 60 -1 60 -1 -2
60 -1 90 -1 60 -1 60 -1 60 -1 60 -1 60 -1 63 -1 60 -1 60 -1 60 -1 60 -1 -2
60 -1 90 -1 60 -1 60 -1 60 -1 60 -1 60 -1 63 -1 60 -1 60 -1 60 -1 60 -1 -2
60 -1 90 -1 60 -1 60 -1 60 -1 60 -1 60 -1 63 -1 60 -1 60 -1 60 -1 60 -1 -2
60 -1 60 -1 90 -1 60 -1 60 -1 60 -1 60 -1 60 -1 63 -1 60 -1 60 -1 60 -1 60 -1 -2
60 -1 90 -1 60 -1 60 -1 60 -1 60 -1 60 -1 63 -1 60 -1 60 -1 60 -1 60 -1 -2
60 -1 89 -1 60 -1 60 -1 60 -1 60 -1 60 -1 63 -1 60 -1 60 -1 60 -1 60 -1 -2
60 -1 90 -1 60 -1 60 -1 60 -1 60 -1 60 -1 63 -1 60 -1 60 -1 60 -1 60 -1 -2
60 -1 89 -1 60 -1 60 -1 60 -1 60 -1 60 -1 63 -1 60 -1 60 -1 60 -1 60 -1 -2
60 -1 90 -1 60 -1 60 -1 60 -1 60 -1 60 -1 63 -1 60 -1 60 -1 60 -1 60 -1 -2
60 -1 90 -1 60 -1 60 -1 60 -1 60 -1 60 -1 63 -1 60 -1 60 -1 60 -1 60 -1 -2
60 -1 90 -1 60 -1 60 -1 60 -1 60 -1 60 -1 63 -1 60 -1 60 -1 60 -1 60 -1 -2
60 -1 90 -1 60 -1 60 -1 60 -1 60 -1 60 -1 63 -1 60 -1 60 -1 60 -1 60 -1 -2
60 -1 89 -1 60 -1 60 -1 60 -1 60 -1 60 -1 63 -1 60 -1 60 -1 60 -1 60 -1 -2
60 -1 90 -1 60 -1 60 -1 60 -1 60 -1 60 -1 63 -1 60 -1 60 -1 60 -1 60 -1 -2
60 -1 90 -1 60 -1 60 -1 60 -1 60 -1 60 -1 63 -1 60 -1 60 -1 60 -1 60 -1 -2
60 -1 90 -1 60 -1 60 -1 60 -1 60 -1 60 -1 63 -1 60 -1 60 -1 60 -1 60 -1 -2
60 -1 90 -1 60 -1 60 -1 60 -1 60 -1 60 -1 63 -1 60 -1 60 -1 60 -1 60 -1 -2
60 -1 90 -1 60 -1 60 -1 60 -1 60 -1 60 -1 63 -1 60 -1 60 -1 60 -1 60 -1 -2
60 -1 90 -1 60 -1 60 -1 60 -1 60 -1 60 -1 63 -1 60 -1 60 -1 60 -1 60 -1 -2
60 -1 89 -1 60 -1 60 -1 60 -1 60 -1 60 -1 63 -1 60 -1 60 -1 60 -1 60 -1 60 -1 -2
60 -1 89 -1 60 -1 60 -1 60 -1 60 -1 60 -1 63 -1 60 -1 60 -1 60 -1 60 -1 -2
60 -1 90 -1 60 -1 60 -1 60 -1 60 -1 60 -1 63 -1 60 -1 60 -1 60 -1 60 -1 -2
60 -1 90 -1 60 -1 60 -1 60 -1 60 -1 60 -1 63 -1 63 -1 60 -1 60 -1 60 -1 60 -1 -2
60 -1 90 -1 60 -1 60 -1 60 -1 60 -1 60 -1 63 -1 60 -1 60 -1 60 -1 60 -1 -2
60 -1 90 -1 60 -1 60 -1 60 -1 60 -1 60 -1 63 -1 60 -1 60 -1 60 -1 60 -1 -2
60 -1 90 -1 60 -1 60 -1 60 -1 60 -1 60 -1 60 -1 63 -1 60 -1 60 -1 60 -1 60 -1 -2
60 -1 90 -1 60 -1 60 -1 60 -1 60 -1 60 -1 63 -1 60 -1 60 -1 60 -1 60 -1 -2
60 -1 90 -1 60 -1 60 -1 60 -1 60 -1 60 -1 63 -1 60 -1 60 -1 60 -1 60 -1 -2
60 -1 90 -1 60 -1 60 -1 60 -1 60 -1 60 -1 63 -1 60 -1 60 -1 60 -1 60 -1 -2
60 -1 90 -1 60 -1 60 -1 60 -1 60 -1 60 -1 63 -1 60 -1 60 -1 60 -1 60 -1 -2
60 -1 90 -1 60 -1 60 -1 60 -1 60 -1 60 -1 63 -1 60 -1 60 -1 60 -1 60 -1 -2
60 -1 90 -1 60 -1 60 -1 60 -1 60 -1 60 -1 63 -1 60 -1 60 -1 60 -1 60 -1 -2
60 -1 90 -1 60 -1 60 -1 60 -1 60 -1 60 -1 63 -1 60 -1 60 -1 60 -1 60 -1 -2
60 -1 90 -1 60 -1 60 -1 60 -1 60 -1 60 -1 63 -1 60 -1 60 -1 60 -1 60 -1 -2
60 -1 60 -1 90 -1 60 -1 60 -1 60 -1 60 -1 60 -1 63 -1 60 -1 60 -1 60 -1 60 -1 -2
60 -1 90 -1 60 -1 60 -1 60 -1 60 -1 60 -1 63 -1 60 -1 60 -1 60 -1 60 -1 -2
60 -1 90 -1 60 -1 60 -1 60 -1 60 -1 60 -1 63 -1 60 -1 60 -1 60 -1 60 -1 -2
60 -1 90 -1 60 -1 60 -1 60 -1 60 -1 60 -1 63 -1 60 -1 60 -1 60 -1 60 -1 -2
60 -1 90 -1 60 -1 60 -1 60 -1 60 -1 60 -1 63 -1 60 -1 60 -1 60 -1 60 -1 -2
60 -1 90 -1 60 -1 60 -1 60 -1 60 -1 60 -1 63 -1 60 -1 60 -1 60 -1 60 -1 -2
60 -1 90 -1 60 -1 60 -1 60 -1 60 -1 60 -1 63 -1 60 -1 60 -1 60 -1 60 -1 -2
60 -1 90 -1 60 -1 60 -1 60 -1 60 -1 60 -1 63 -1 60 -1 60 -1 60 -1 60 -1 -2
60 -1 90 -1 60 -1 60 -1 60 -1 60 -1 60 -1 63 -1 60 -1 60 -1 60 -1 60 -1 -2
60 -1 90 -1 60 -1 60 -1 60 -1 60 -1 60 -1 63 -1 60 -1 60 -1 60 -1 60 -1 -2
60 -1 89 -1 60 -1 60 -1 60 -1 60 -1 60 -1 63 -1 60 -1 60 -1 60 -1 60 -1 -2
60 -1 90 -1 60 -1 60 -1 60 -1 60 -1 60 -1 63 -1 60 -1 60 -1 60 -1 60 -1 -2
60 -1 90 -1 60 -1 60 -1 60 -1 60 -1 60 -1 63 -1 60 -1 60 -1 60 -1 60 -1 -2
60 -1 60 -1 90 -1 60 -1 60 -1 60 -1 60 -1 60 -1 63 -1 60 -1 60 -1 60 -1 60 -1 -2
60 -1 90 -1 60 -1 60 -1 60 -1 60 -1 60 -1 63 -1 60 -1 60 -1 60 -1 60 -1 -2
60 -1 90 -1 60 -1 60 -1 60 -1 60 -1 60 -1 63 -1 60 -1 60 -1 60 -1 60 -1 -2
60 -1 90 -1 60 -1 60 -1 60 -1 60 -1 60 -1 63 -1 60 -1 60 -1 60 -1 60 -1 -2
60 -1 90 -1 60 -1 60 -1 60 -1 60 -1 60 -1 63 -1 60 -1 60 -1 60 -1 60 -1 -2
60 -1 90 -1 60 -1 60 -1 60 -1 60 -1 60 -1 63 -1 60 -1 60 -1 60 -1 60 -1 -2
60 -1 90 -1 60 -1 60 -1 60 -1 60 -1 60 -1 63 -1 60 -1 60 -1 60 -1 60 -1 -2
60 -1 90 -1 60 -1 60 -1 60 -1 60 -1 60 -1 63 -1 60 -1 60 -1 60 -1 60 -1 -2
60 -1 90 -1 60 -1 60 -1 60 -1 60 -1 60 -1 60 -1 63 -1 60 -1 60 -1 60 -1 60 -1 -2
60 -1 89 -1 60 -1 60 -1 60 -1 60 -1 60 -1 63 -1 60 -1 60 -1 60 -1 60 -1 -2
60 -1 90 -1 60 -1 60 -1 60 -1 60 -1 60 -1 63 -1 60 -1 60 -1 60 -1 60 -1 -2
60 -1 90 -1 60 -1 60 -1 60 -1 60 -1 60 -1 63 -1 60 -1 60 -1 60 -1 60 -1 -2
60 -1 90 -1 60 -1 60 -1 60 -1 60 -1 60 -1 63 -1 60 -1 60 -1 60 -1 60 -1 -2
60 -1 90 -1 60 -1 60 -1 60 -1 60 -1 60 -1 63 -1 60 -1 60 -1 60 -1 60 -1 -2
60 -1 90 -1 60 -1 60 -1 60 -1 60 -1 60 -1 63 -1 60 -1 60 -1 60 -1 60 -1 -2
60 -1 90 -1 60 -1 60 -1 60 -1 60 -1 60 -1 63 -1 60 -1 60 -1 60 -1 60 -1 -2
60 -1 90 -1 60 -1 60 -1 60 -1 60 -1 60 -1 63 -1 60 -1 60 -1 60 -1 60 -1 -2
60 -1 90 -1 60 -1 60 -1 60 -1 60 -1 60 -1 63 -1 60 -1 60 -1 60 -1 60 -1 -2
60 -1 90 -1 60 -1 60 -1 60 -1 60 -1 60 -1 63 -1 60 -1 60 -1 60 -1 60 -1 -2
60 -1 90 -1 60 -1 60 -1 60 -1 60 -1 60 -1 63 -1 60 -1 60 -1 60 -1 60 -1 -2
60 -1 90 -1 60 -1 60 -1 60 -1 60 -1 60 -1 63 -1 60 -1 60 -1 60 -1 60 -1 -2
60 -1 89 -1 60 -1 60 -1 60 -1 60 -1 60 -1 63 -1 60 -1 60 -1 60 -1 60 -1 -2
60 -1 90 -1 60 -1 60 -1 60 -1 60 -1 60 -1 63 -1 60 -1 60 -1 60 -1 60 -1 -2
60 -1 90 -1 60 -1 60 -1 60 -1 60 -1 60 -1 60 -1 63 -1 60 -1 60 -1 60 -1 60 -1 -2
60 -1 89 -1 60 -1 60 -1 60 -1 60 -1 60 -1 63 -1 60 -1 60 -1 60 -1 60 -1 -2
60 -1 90 -1 60 -1 60 -1 60 -1 60 -1 60 -1 63 -1 60 -1 60 -1 60 -1 60 -1 -2
60 -1 90 -1 60 -1 60 -1 60 -1 60 -1 60 -1 63 -1 60 -1 60 -1 60 -1 60 -1 -2
60 -1 90 -1 60 -1 60 -1 60 -1 60 -1 60 -1 63 -1 60 -1 60 -1 60 -1 60 -1 -2
60 -1 90 -1 60 -1 60 -1 60 -1 60 -1 60 -1 63 -1 63 -1 60 -1 60 -1 60 -1 60 -1 -2
60 -1 90 -1 60 -1 60 -1 60 -1 60 -1 60 -1 63 -1 60 -1 60 -1 60 -1 60 -1 -2
60 -1 90 -1 60 -1 60 -1 60 -1 60 -1 60 -1 63 -1 60 -1 60 -1 60 -1 60 -1 -2
60 -1 90 -1 60 -1 60 -1 60 -1 60 -1 60 -1 63 -1 60 -1 60 -1 60 -1 60 -1 -2
60 -1 90 -1 60 -1 60 -1 60 -1 60 -1 60 -1 63 -1 60 -1 60 -1 60 -1 60 -1 -2
60 -1 90 -1 60 -1 60 -1 60 -1 60 -1 60 -1 63 -1 60 -1 60 -1 60 -1 60 -1 60 -1 -2
60 -1 60 -1 90 -1 60 -1 60 -1 60 -1 60 -1 60 -1 63 -1 60 -1 60 -1 60 -1 60 -1 -2
60 -1 90 -1 60 -1 60 -1 60 -1 60 -1 60 -1 63 -1 60 -1 60 -1 60 -1 60 -1 -2
