87 -1 60 -1 60 -1 65 -1 60 -1 65 -1 60 -1 60 -1 65 -1 60 -1 65 -1 65 -1 65 -1 65 -1 60 -1 60 -1 60 -1 65 -1 60 -1 70 -1 65 -1 60 -1 75 -1 65 -1 76 -1 65 -1 60 -1 65 -1 60 -1 70 -1 60 -1 60 -1 60 -1 65 -1 60 -1 65 -1 81 -1 97 -1 60 -1 65 -1 -2
60 -1 65 -1 70 -1 60 -1 65 -1 65 -1 60 -1 65 -1 60 -1 65 -1 65 -1 60 -1 60 -1 65 -1 60 -1 65 -1 60 -1 60 -1 60 -1 60 -1 65 -1 65 -1 60 -1 70 -1 65 -1 60 -1 65 -1 65 -1 60 -1 70 -1 65 -1 65 -1 65 -1 60 -1 60 -1 60 -1 64 -1 65 -1 60 -1 60 -1 65 -1 -2
60 -1 60 -1 65 -1 60 -1 60 -1 60 -1 65 -1 65 -1 65 -1 60 -1 65 -1 60 -1 60 -1 65 -1 65 -1 65 -1 60 -1 75 -1 65 -1 65 -1 60 -1 60 -1 65 -1 60 -1 65 -1 60 -1 65 -1 60 -1 60 -1 60 -1 65 -1 60 -1 65 -1 -2
65 -1 60 -1 60 -1 65 -1 60 -1 65 -1 60 -1 65 -1 60 -1 65 -1 60 -1 65 -1 60 -1 65 -1 -2
60 -1 60 -1 65 -1 60 -1 65 -1 65 -1 60 -1 65 -1 60 -1 70 -1 65 -1 60 -1 65 -1 60 -1 65 -1 60 -1 65 -1 65 -1 60 -1 65 -1 60 -1 65 -1 60 -1 -2
60 -1 65 -1 60 -1 60 -1 65 -1 60 -1 65 -1 65 -1 60 -1 65 -1 60 -1 60 -1 65 -1 65 -1 70 -1 60 -1 60 -1 65 -1 60 -1 65 -1 75 -1 65 -1 65 -1 65 -1 60 -1 65 -1 60 -1 60 -1 65 -1 60 -1 65 -1 60 -1 65 -1 60 -1 65 -1 65 -1 81 -1 81 -1 60 -1 60 -1 65 -1 60 -1 60 -1 65 -1 60 -1 60 -1 70 -1 65 -1 -2
64 -1 60 -1 65 -1 65 -1 65 -1 76 -1 60 -1 65 -1 65 -1 60 -1 65 -1 81 -1 60 -1 60 -1 60 -1 60 -1 70 -1 60 -1 60 -1 65 -1 60 -1 65 -1 65 -1 65 -1 65 -1 65 -1 70 -1 60 -1 60 -1 60 -1 60 -1 65 -1 60 -1 65 -1 60 -1 -2
60 -1 60 -1 60 -1 76 -1 60 -1 60 -1 81 -1 65 -1 60 -1 60 -1 60 -1 65 -1 65 -1 60 -1 60 -1 60 -1 60 -1 76 -1 60 -1 60 -1 76 -1 60 -1 65 -1 60 -1 60 -1 60 -1 65 -1 65 -1 65 -1 65 -1 60 -1 60 -1 60 -1 65 -1 60 -1 70 -1 -2
76 -1 65 -1 60 -1 65 -1 65 -1 65 -1 60 -1 86 -1 60 -1 60 -1 70 -1 60 -1 65 -1 60 -1 65 -1 65 -1 65 -1 60 -1 65 -1 65 -1 65 -1 86 -1 70 -1 60 -1 60 -1 60 -1 65 -1 60 -1 65 -1 60 -1 60 -1 65 -1 65 -1 65 -1 65 -1 60 -1 60 -1 65 -1 60 -1 60 -1 60 -1 65 -1 60 -1 60 -1 70 -1 65 -1 65 -1 65 -1 -2
65 -1 60 -1 65 -1 65 -1 70 -1 65 -1 65 -1 60 -1 60 -1 60 -1 60 -1 60 -1 87 -1 65 -1 65 -1 60 -1 60 -1 65 -1 60 -1 60 -1 65 -1 60 -1 60 -1 65 -1 65 -1 65 -1 65 -1 60 -1 60 -1 60 -1 86 -1 65 -1 76 -1 60 -1 60 -1 65 -1 70 -1 60 -1 65 -1 65 -1 60 -1 65 -1 60 -1 -2
65 -1 65 -1 65 -1 60 -1 65 -1 65 -1 60 -1 60 -1 65 -1 65 -1 60 -1 70 -1 60 -1 60 -1 60 -1 60 -1 65 -1 65 -1 65 -1 65 -1 65 -1 60 -1 65 -1 60 -1 65 -1 60 -1 65 -1 60 -1 65 -1 60 -1 70 -1 60 -1 60 -1 65 -1 60 -1 60 -1 65 -1 -2
65 -1 60 -1 65 -1 60 -1 60 -1 65 -1 60 -1 60 -1 65 -1 60 -1 60 -1 65 -1 60 -1 65 -1 -2
65 -1 60 -1 70 -1 65 -1 60 -1 65 -1 65 -1 65 -1 60 -1 65 -1 60 -1 60 -1 60 -1 65 -1 65 -1 76 -1 60 -1 60 -1 65 -1 64 -1 70 -1 65 -1 65 -1 65 -1 60 -1 65 -1 60 -1 -2
60 -1 60 -1 60 -1 60 -1 65 -1 65 -1 65 -1 65 -1 65 -1 65 -1 65 -1 60 -1 65 -1 60 -1 65 -1 60 -1 60 -1 60 -1 60 -1 65 -1 60 -1 65 -1 60 -1 65 -1 65 -1 60 -1 60 -1 65 -1 65 -1 60 -1 76 -1 65 -1 60 -1 60 -1 60 -1 60 -1 70 -1 65 -1 65 -1 60 -1 65 -1 60 -1 -2
60 -1 65 -1 60 -1 70 -1 60 -1 76 -1 65 -1 65 -1 60 -1 65 -1 60 -1 60 -1 60 -1 65 -1 60 -1 65 -1 60 -1 60 -1 60 -1 65 -1 60 -1 65 -1 65 -1 65 -1 60 -1 65 -1 60 -1 65 -1 70 -1 81 -1 60 -1 60 -1 60 -1 65 -1 60 -1 60 -1 92 -1 65 -1 60 -1 -2
60 -1 70 -1 60 -1 65 -1 65 -1 70 -1 65 -1 60 -1 65 -1 70 -1 70 -1 60 -1 65 -1 60 -1 65 -1 60 -1 64 -1 80 -1 65 -1 86 -1 60 -1 60 -1 76 -1 60 -1 81 -1 76 -1 60 -1 60 -1 65 -1 65 -1 60 -1 60 -1 65 -1 65 -1 60 -1 65 -1 60 -1 60 -1 60 -1 65 -1 60 -1 65 -1 60 -1 60 -1 60 -1 65 -1 60 -1 -2
65 -1 60 -1 65 -1 65 -1 60 -1 64 -1 70 -1 65 -1 65 -1 70 -1 60 -1 60 -1 81 -1 60 -1 60 -1 60 -1 60 -1 65 -1 60 -1 65 -1 60 -1 60 -1 75 -1 65 -1 65 -1 65 -1 65 -1 98 -1 60 -1 65 -1 60 -1 60 -1 65 -1 60 -1 60 -1 60 -1 70 -1 60 -1 65 -1 -2
70 -1 60 -1 60 -1 60 -1 87 -1 87 -1 119 -1 60 -1 60 -1 70 -1 81 -1 64 -1 76 -1 65 -1 65 -1 60 -1 60 -1 60 -1 69 -1 65 -1 65 -1 65 -1 60 -1 60 -1 60 -1 60 -1 65 -1 65 -1 65 -1 65 -1 60 -1 65 -1 -2
60 -1 65 -1 60 -1 65 -1 60 -1 65 -1 60 -1 65 -1 65 -1 60 -1 65 -1 60 -1 65 -1 81 -1 60 -1 65 -1 60 -1 60 -1 65 -1 60 -1 65 -1 -2
65 -1 60 -1 65 -1 60 -1 65 -1 76 -1 60 -1 60 -1 65 -1 60 -1 65 -1 65 -1 64 -1 65 -1 65 -1 65 -1 60 -1 60 -1 60 -1 60 -1 76 -1 60 -1 65 -1 60 -1 65 -1 60 -1 70 -1 65 -1 60 -1 65 -1 60 -1 65 -1 60 -1 60 -1 65 -1 -2
65 -1 65 -1 60 -1 65 -1 60 -1 65 -1 60 -1 65 -1 65 -1 65 -1 65 -1 60 -1 70 -1 65 -1 65 -1 60 -1 60 -1 65 -1 70 -1 65 -1 65 -1 60 -1 70 -1 60 -1 60 -1 70 -1 60 -1 65 -1 60 -1 65 -1 60 -1 81 -1 60 -1 65 -1 -2
60 -1 65 -1 60 -1 60 -1 64 -1 65 -1 60 -1 70 -1 60 -1 60 -1 60 -1 65 -1 75 -1 65 -1 60 -1 65 -1 60 -1 70 -1 60 -1 60 -1 65 -1 76 -1 65 -1 60 -1 65 -1 70 -1 60 -1 60 -1 65 -1 65 -1 65 -1 60 -1 60 -1 65 -1 65 -1 -2
60 -1 60 -1 65 -1 60 -1 60 -1 70 -1 65 -1 65 -1 60 -1 65 -1 60 -1 65 -1 65 -1 65 -1 75 -1 60 -1 65 -1 60 -1 60 -1 65 -1 60 -1 65 -1 65 -1 60 -1 65 -1 65 -1 65 -1 60 -1 60 -1 65 -1 60 -1 65 -1 60 -1 70 -1 86 -1 65 -1 60 -1 65 -1 -2
92 -1 103 -1 65 -1 60 -1 60 -1 60 -1 65 -1 81 -1 65 -1 60 -1 60 -1 60 -1 60 -1 60 -1 65 -1 65 -1 65 -1 65 -1 60 -1 65 -1 60 -1 75 -1 65 -1 65 -1 65 -1 60 -1 65 -1 60 -1 60 -1 60 -1 60 -1 60 -1 65 -1 65 -1 65 -1 -2
65 -1 60 -1 65 -1 65 -1 60 -1 60 -1 65 -1 60 -1 60 -1 65 -1 60 -1 60 -1 65 -1 65 -1 65 -1 60 -1 60 -1 65 -1 60 -1 65 -1 65 -1 65 -1 65 -1 60 -1 65 -1 60 -1 70 -1 60 -1 60 -1 60 -1 65 -1 -2
60 -1 65 -1 65 -1 60 -1 65 -1 60 -1 60 -1 60 -1 65 -1 65 -1 60 -1 65 -1 65 -1 60 -1 76 -1 60 -1 65 -1 65 -1 60 -1 65 -1 65 -1 65 -1 60 -1 60 -1 60 -1 60 -1 65 -1 60 -1 60 -1 60 -1 60 -1 60 -1 65 -1 65 -1 65 -1 65 -1 60 -1 -2
60 -1 65 -1 65 -1 65 -1 65 -1 60 -1 70 -1 60 -1 65 -1 60 -1 60 -1 65 -1 65 -1 70 -1 65 -1 65 -1 60 -1 60 -1 65 -1 70 -1 60 -1 64 -1 60 -1 65 -1 65 -1 65 -1 60 -1 60 -1 65 -1 60 -1 60 -1 70 -1 65 -1 65 -1 60 -1 65 -1 -2
65 -1 86 -1 60 -1 65 -1 65 -1 60 -1 65 -1 65 -1 60 -1 76 -1 60 -1 65 -1 60 -1 60 -1 60 -1 76 -1 70 -1 75 -1 97 -1 60 -1 60 -1 60 -1 60 -1 60 -1 60 -1 65 -1 65 -1 76 -1 65 -1 65 -1 65 -1 85 -1 60 -1 98 -1 65 -1 60 -1 65 -1 60 -1 65 -1 80 -1 60 -1 -2
65 -1 65 -1 60 -1 60 -1 65 -1 76 -1 60 -1 65 -1 60 -1 70 -1 60 -1 65 -1 60 -1 60 -1 60 -1 76 -1 60 -1 65 -1 60 -1 60 -1 64 -1 65 -1 65 -1 60 -1 65 -1 60 -1 65 -1 60 -1 60 -1 65 -1 76 -1 65 -1 60 -1 65 -1 60 -1 60 -1 65 -1 60 -1 60 -1 65 -1 -2
60 -1 60 -1 60 -1 60 -1 65 -1 60 -1 70 -1 81 -1 65 -1 60 -1 60 -1 91 -1 65 -1 65 -1 60 -1 60 -1 76 -1 65 -1 70 -1 60 -1 76 -1 60 -1 65 -1 70 -1 60 -1 65 -1 60 -1 64 -1 60 -1 60 -1 65 -1 65 -1 60 -1 65 -1 65 -1 65 -1 60 -1 60 -1 -2
60 -1 60 -1 98 -1 60 -1 60 -1 65 -1 60 -1 81 -1 60 -1 60 -1 81 -1 65 -1 65 -1 60 -1 60 -1 60 -1 65 -1 65 -1 60 -1 60 -1 65 -1 65 -1 60 -1 70 -1 70 -1 60 -1 65 -1 70 -1 65 -1 60 -1 60 -1 76 -1 65 -1 60 -1 60 -1 70 -1 60 -1 65 -1 60 -1 60 -1 65 -1 60 -1 65 -1 70 -1 60 -1 60 -1 65 -1 -2
75 -1 76 -1 76 -1 65 -1 65 -1 60 -1 65 -1 60 -1 60 -1 76 -1 70 -1 65 -1 60 -1 80 -1 65 -1 70 -1 60 -1 60 -1 60 -1 60 -1 65 -1 92 -1 65 -1 60 -1 65 -1 60 -1 65 -1 108 -1 70 -1 60 -1 65 -1 80 -1 70 -1 65 -1 65 -1 60 -1 65 -1 60 -1 65 -1 60 -1 70 -1 60 -1 -2
60 -1 65 -1 60 -1 65 -1 60 -1 65 -1 60 -1 65 -1 60 -1 60 -1 65 -1 81 -1 65 -1 65 -1 65 -1 60 -1 60 -1 60 -1 60 -1 70 -1 60 -1 65 -1 60 -1 70 -1 65 -1 65 -1 60 -1 65 -1 60 -1 60 -1 65 -1 60 -1 60 -1 81 -1 65 -1 65 -1 65 -1 60 -1 60 -1 60 -1 65 -1 65 -1 76 -1 -2
60 -1 65 -1 60 -1 81 -1 60 -1 60 -1 60 -1 65 -1 65 -1 65 -1 65 -1 65 -1 60 -1 75 -1 60 -1 65 -1 65 -1 70 -1 60 -1 60 -1 60 -1 70 -1 60 -1 65 -1 70 -1 60 -1 76 -1 60 -1 65 -1 60 -1 60 -1 60 -1 60 -1 65 -1 65 -1 60 -1 65 -1 65 -1 87 -1 60 -1 60 -1 60 -1 70 -1 60 -1 60 -1 60 -1 -2
60 -1 60 -1 70 -1 65 -1 65 -1 87 -1 60 -1 60 -1 60 -1 70 -1 70 -1 92 -1 65 -1 60 -1 60 -1 70 -1 65 -1 75 -1 60 -1 70 -1 60 -1 65 -1 65 -1 65 -1 60 -1 76 -1 65 -1 65 -1 60 -1 80 -1 60 -1 65 -1 65 -1 -2
64 -1 65 -1 65 -1 65 -1 65 -1 65 -1 60 -1 76 -1 60 -1 60 -1 65 -1 60 -1 65 -1 64 -1 65 -1 60 -1 65 -1 65 -1 60 -1 60 -1 70 -1 60 -1 60 -1 65 -1 65 -1 65 -1 60 -1 65 -1 65 -1 60 -1 60 -1 60 -1 81 -1 65 -1 60 -1 76 -1 -2
60 -1 65 -1 65 -1 60 -1 60 -1 60 -1 65 -1 65 -1 60 -1 65 -1 60 -1 60 -1 60 -1 60 -1 65 -1 65 -1 60 -1 65 -1 60 -1 65 -1 60 -1 60 -1 65 -1 65 -1 65 -1 60 -1 60 -1 65 -1 60 -1 60 -1 65 -1 60 -1 65 -1 65 -1 65 -1 65 -1 65 -1 60 -1 -2
65 -1 65 -1 60 -1 65 -1 65 -1 60 -1 65 -1 60 -1 60 -1 70 -1 60 -1 65 -1 76 -1 65 -1 65 -1 65 -1 60 -1 65 -1 60 -1 65 -1 60 -1 65 -1 60 -1 60 -1 65 -1 60 -1 60 -1 65 -1 65 -1 65 -1 60 -1 60 -1 60 -1 65 -1 98 -1 60 -1 65 -1 -2
65 -1 65 -1 60 -1 70 -1 65 -1 60 -1 65 -1 65 -1 60 -1 65 -1 60 -1 65 -1 65 -1 60 -1 60 -1 60 -1 65 -1 70 -1 60 -1 60 -1 65 -1 70 -1 65 -1 65 -1 65 -1 60 -1 65 -1 60 -1 60 -1 60 -1 65 -1 60 -1 65 -1 60 -1 60 -1 65 -1 70 -1 60 -1 65 -1 65 -1 60 -1 65 -1 60 -1 76 -1 60 -1 65 -1 60 -1 65 -1 65 -1 60 -1 60 -1 60 -1 81 -1 60 -1 65 -1 65 -1 60 -1 -2
60 -1 76 -1 65 -1 60 -1 70 -1 60 -1 65 -1 60 -1 65 -1 64 -1 65 -1 60 -1 60 -1 65 -1 65 -1 81 -1 81 -1 60 -1 65 -1 60 -1 65 -1 60 -1 60 -1 65 -1 75 -1 60 -1 65 -1 60 -1 65 -1 60 -1 65 -1 60 -1 60 -1 81 -1 65 -1 65 -1 60 -1 65 -1 60 -1 65 -1 65 -1 60 -1 65 -1 60 -1 60 -1 65 -1 60 -1 60 -1 70 -1 65 -1 65 -1 60 -1 60 -1 65 -1 -2
65 -1 65 -1 60 -1 60 -1 65 -1 60 -1 60 -1 65 -1 60 -1 65 -1 65 -1 65 -1 60 -1 65 -1 60 -1 65 -1 65 -1 65 -1 60 -1 60 -1 60 -1 70 -1 60 -1 60 -1 76 -1 65 -1 60 -1 -2
65 -1 65 -1 60 -1 60 -1 60 -1 60 -1 65 -1 60 -1 65 -1 60 -1 65 -1 60 -1 65 -1 65 -1 65 -1 70 -1 65 -1 60 -1 65 -1 65 -1 60 -1 60 -1 70 -1 65 -1 60 -1 60 -1 65 -1 65 -1 60 -1 65 -1 65 -1 60 -1 60 -1 76 -1 60 -1 64 -1 60 -1 80 -1 65 -1 60 -1 65 -1 60 -1 60 -1 -2
60 -1 65 -1 60 -1 65 -1 65 -1 76 -1 60 -1 65 -1 65 -1 60 -1 76 -1 65 -1 60 -1 65 -1 60 -1 60 -1 60 -1 64 -1 60 -1 65 -1 76 -1 65 -1 65 -1 60 -1 65 -1 60 -1 65 -1 86 -1 65 -1 65 -1 60 -1 65 -1 70 -1 75 -1 60 -1 75 -1 65 -1 60 -1 76 -1 65 -1 60 -1 60 -1 65 -1 70 -1 70 -1 60 -1 60 -1 60 -1 70 -1 65 -1 -2
60 -1 65 -1 60 -1 60 -1 60 -1 60 -1 65 -1 60 -1 60 -1 60 -1 65 -1 60 -1 65 -1 65 -1 65 -1 65 -1 60 -1 60 -1 60 -1 60 -1 65 -1 65 -1 60 -1 65 -1 65 -1 65 -1 60 -1 60 -1 70 -1 70 -1 70 -1 60 -1 -2
60 -1 65 -1 60 -1 60 -1 60 -1 65 -1 60 -1 76 -1 60 -1 65 -1 60 -1 60 -1 60 -1 80 -1 60 -1 60 -1 65 -1 60 -1 65 -1 60 -1 65 -1 65 -1 60 -1 65 -1 60 -1 65 -1 65 -1 65 -1 65 -1 65 -1 65 -1 60 -1 60 -1 60 -1 65 -1 60 -1 60 -1 65 -1 -2
60 -1 60 -1 65 -1 65 -1 60 -1 65 -1 76 -1 65 -1 65 -1 60 -1 65 -1 60 -1 60 -1 81 -1 81 -1 60 -1 70 -1 60 -1 65 -1 65 -1 65 -1 60 -1 60 -1 70 -1 65 -1 65 -1 60 -1 65 -1 60 -1 60 -1 60 -1 65 -1 60 -1 65 -1 60 -1 65 -1 60 -1 60 -1 60 -1 65 -1 65 -1 60 -1 65 -1 65 -1 -2
75 -1 65 -1 60 -1 60 -1 60 -1 65 -1 60 -1 60 -1 65 -1 65 -1 60 -1 65 -1 65 -1 65 -1 60 -1 65 -1 65 -1 60 -1 65 -1 60 -1 60 -1 70 -1 60 -1 60 -1 65 -1 65 -1 65 -1 60 -1 60 -1 81 -1 76 -1 65 -1 60 -1 70 -1 60 -1 60 -1 75 -1 92 -1 60 -1 60 -1 81 -1 60 -1 65 -1 60 -1 65 -1 -2
65 -1 60 -1 65 -1 65 -1 65 -1 60 -1 60 -1 70 -1 60 -1 65 -1 60 -1 65 -1 60 -1 65 -1 65 -1 65 -1 60 -1 65 -1 60 -1 60 -1 65 -1 65 -1 65 -1 60 -1 65 -1 70 -1 60 -1 60 -1 65 -1 -2
65 -1 65 -1 65 -1 60 -1 60 -1 65 -1 60 -1 60 -1 76 -1 65 -1 60 -1 60 -1 76 -1 97 -1 65 -1 65 -1 65 -1 60 -1 70 -1 60 -1 60 -1 70 -1 65 -1 60 -1 65 -1 60 -1 60 -1 65 -1 70 -1 60 -1 65 -1 60 -1 60 -1 60 -1 65 -1 65 -1 65 -1 65 -1 60 -1 65 -1 60 -1 -2
65 -1 60 -1 60 -1 60 -1 65 -1 60 -1 65 -1 65 -1 60 -1 60 -1 65 -1 65 -1 65 -1 65 -1 60 -1 64 -1 65 -1 60 -1 65 -1 60 -1 65 -1 65 -1 65 -1 60 -1 65 -1 60 -1 64 -1 -2
60 -1 60 -1 65 -1 65 -1 60 -1 65 -1 65 -1 65 -1 60 -1 70 -1 60 -1 60 -1 65 -1 60 -1 65 -1 60 -1 60 -1 60 -1 81 -1 65 -1 60 -1 65 -1 65 -1 70 -1 65 -1 60 -1 65 -1 65 -1 75 -1 60 -1 60 -1 65 -1 65 -1 65 -1 70 -1 60 -1 60 -1 65 -1 65 -1 65 -1 65 -1 60 -1 60 -1 60 -1 81 -1 60 -1 65 -1 60 -1 60 -1 -2
65 -1 76 -1 60 -1 70 -1 60 -1 60 -1 65 -1 60 -1 65 -1 65 -1 60 -1 65 -1 65 -1 60 -1 60 -1 65 -1 65 -1 65 -1 60 -1 60 -1 65 -1 60 -1 65 -1 60 -1 65 -1 60 -1 70 -1 65 -1 60 -1 65 -1 60 -1 65 -1 60 -1 60 -1 65 -1 65 -1 65 -1 60 -1 65 -1 60 -1 65 -1 75 -1 60 -1 65 -1 60 -1 60 -1 60 -1 65 -1 60 -1 76 -1 60 -1 65 -1 65 -1 60 -1 65 -1 65 -1 -2
60 -1 65 -1 65 -1 60 -1 70 -1 60 -1 60 -1 65 -1 65 -1 60 -1 60 -1 65 -1 65 -1 60 -1 76 -1 60 -1 70 -1 65 -1 65 -1 70 -1 60 -1 60 -1 65 -1 60 -1 65 -1 60 -1 65 -1 60 -1 65 -1 60 -1 65 -1 60 -1 -2
81 -1 60 -1 65 -1 65 -1 65 -1 60 -1 65 -1 60 -1 60 -1 65 -1 64 -1 64 -1 75 -1 60 -1 65 -1 60 -1 65 -1 65 -1 60 -1 60 -1 65 -1 60 -1 65 -1 65 -1 65 -1 60 -1 60 -1 60 -1 65 -1 60 -1 70 -1 60 -1 65 -1 60 -1 65 -1 76 -1 65 -1 60 -1 65 -1 60 -1 60 -1 65 -1 65 -1 -2
65 -1 65 -1 60 -1 60 -1 81 -1 65 -1 60 -1 60 -1 60 -1 60 -1 65 -1 65 -1 65 -1 65 -1 60 -1 65 -1 65 -1 70 -1 60 -1 65 -1 60 -1 60 -1 60 -1 65 -1 65 -1 65 -1 65 -1 60 -1 65 -1 60 -1 65 -1 60 -1 60 -1 65 -1 60 -1 65 -1 60 -1 65 -1 -2
60 -1 60 -1 60 -1 60 -1 65 -1 65 -1 65 -1 65 -1 65 -1 60 -1 70 -1 60 -1 60 -1 60 -1 65 -1 76 -1 65 -1 60 -1 65 -1 60 -1 70 -1 65 -1 65 -1 65 -1 60 -1 60 -1 65 -1 60 -1 60 -1 65 -1 60 -1 60 -1 65 -1 65 -1 60 -1 65 -1 65 -1 76 -1 76 -1 60 -1 60 -1 65 -1 60 -1 -2
60 -1 70 -1 65 -1 60 -1 65 -1 60 -1 60 -1 65 -1 65 -1 70 -1 70 -1 65 -1 65 -1 65 -1 60 -1 60 -1 60 -1 81 -1 60 -1 65 -1 64 -1 60 -1 65 -1 60 -1 76 -1 75 -1 65 -1 65 -1 60 -1 65 -1 76 -1 65 -1 60 -1 75 -1 65 -1 60 -1 60 -1 60 -1 65 -1 65 -1 70 -1 65 -1 60 -1 70 -1 60 -1 65 -1 65 -1 60 -1 60 -1 65 -1 60 -1 65 -1 -2
65 -1 65 -1 65 -1 60 -1 65 -1 60 -1 65 -1 60 -1 64 -1 60 -1 65 -1 65 -1 60 -1 65 -1 65 -1 60 -1 60 -1 60 -1 60 -1 60 -1 76 -1 65 -1 65 -1 65 -1 60 -1 70 -1 81 -1 60 -1 65 -1 60 -1 65 -1 60 -1 60 -1 60 -1 70 -1 65 -1 -2
65 -1 65 -1 60 -1 60 -1 65 -1 65 -1 60 -1 60 -1 65 -1 60 -1 65 -1 65 -1 60 -1 60 -1 60 -1 60 -1 65 -1 76 -1 65 -1 60 -1 64 -1 65 -1 65 -1 92 -1 65 -1 60 -1 60 -1 60 -1 60 -1 70 -1 65 -1 60 -1 -2
60 -1 75 -1 64 -1 65 -1 60 -1 65 -1 60 -1 60 -1 65 -1 65 -1 65 -1 60 -1 65 -1 65 -1 60 -1 75 -1 60 -1 65 -1 65 -1 60 -1 60 -1 81 -1 65 -1 60 -1 60 -1 65 -1 65 -1 65 -1 60 -1 60 -1 60 -1 70 -1 60 -1 65 -1 60 -1 81 -1 81 -1 65 -1 60 -1 60 -1 60 -1 65 -1 60 -1 65 -1 -2
60 -1 97 -1 65 -1 60 -1 65 -1 60 -1 65 -1 76 -1 60 -1 60 -1 65 -1 60 -1 60 -1 65 -1 60 -1 60 -1 60 -1 65 -1 65 -1 65 -1 60 -1 65 -1 65 -1 60 -1 60 -1 60 -1 60 -1 65 -1 65 -1 60 -1 65 -1 65 -1 65 -1 70 -1 60 -1 60 -1 65 -1 60 -1 -2
60 -1 76 -1 65 -1 60 -1 60 -1 65 -1 60 -1 65 -1 60 -1 60 -1 60 -1 60 -1 65 -1 65 -1 60 -1 65 -1 65 -1 65 -1 60 -1 60 -1 76 -1 60 -1 60 -1 70 -1 65 -1 87 -1 65 -1 60 -1 70 -1 60 -1 60 -1 64 -1 65 -1 65 -1 65 -1 60 -1 76 -1 60 -1 60 -1 60 -1 60 -1 70 -1 60 -1 65 -1 60 -1 76 -1 -2
65 -1 60 -1 60 -1 60 -1 60 -1 60 -1 65 -1 65 -1 65 -1 65 -1 65 -1 65 -1 60 -1 75 -1 65 -1 60 -1 65 -1 65 -1 65 -1 65 -1 60 -1 60 -1 65 -1 60 -1 60 -1 60 -1 64 -1 65 -1 60 -1 60 -1 60 -1 60 -1 65 -1 60 -1 65 -1 65 -1 60 -1 65 -1 -2
60 -1 65 -1 65 -1 65 -1 65 -1 81 -1 60 -1 76 -1 60 -1 60 -1 60 -1 60 -1 60 -1 65 -1 65 -1 65 -1 65 -1 65 -1 60 -1 86 -1 65 -1 65 -1 60 -1 60 -1 65 -1 64 -1 65 -1 65 -1 60 -1 60 -1 -2
65 -1 60 -1 65 -1 60 -1 70 -1 60 -1 60 -1 70 -1 70 -1 65 -1 60 -1 60 -1 65 -1 65 -1 60 -1 70 -1 60 -1 60 -1 76 -1 60 -1 60 -1 60 -1 76 -1 65 -1 65 -1 65 -1 60 -1 70 -1 81 -1 60 -1 70 -1 65 -1 60 -1 75 -1 60 -1 75 -1 60 -1 60 -1 60 -1 60 -1 65 -1 65 -1 76 -1 -2
70 -1 65 -1 60 -1 60 -1 60 -1 65 -1 60 -1 65 -1 65 -1 60 -1 65 -1 60 -1 60 -1 60 -1 65 -1 65 -1 60 -1 65 -1 64 -1 76 -1 65 -1 60 -1 64 -1 65 -1 65 -1 70 -1 65 -1 65 -1 60 -1 60 -1 65 -1 60 -1 65 -1 60 -1 65 -1 60 -1 -2
65 -1 60 -1 60 -1 65 -1 70 -1 65 -1 60 -1 76 -1 65 -1 60 -1 60 -1 60 -1 60 -1 60 -1 70 -1 65 -1 65 -1 60 -1 65 -1 65 -1 65 -1 60 -1 60 -1 65 -1 70 -1 60 -1 70 -1 60 -1 65 -1 65 -1 65 -1 65 -1 65 -1 65 -1 65 -1 60 -1 60 -1 60 -1 60 -1 -2
60 -1 65 -1 60 -1 65 -1 65 -1 81 -1 60 -1 65 -1 60 -1 65 -1 70 -1 60 -1 60 -1 60 -1 65 -1 70 -1 65 -1 76 -1 60 -1 65 -1 60 -1 75 -1 65 -1 60 -1 60 -1 60 -1 65 -1 65 -1 60 -1 65 -1 60 -1 65 -1 60 -1 60 -1 65 -1 65 -1 60 -1 65 -1 60 -1 -2
64 -1 60 -1 65 -1 70 -1 65 -1 65 -1 65 -1 65 -1 60 -1 65 -1 65 -1 65 -1 69 -1 65 -1 60 -1 60 -1 65 -1 60 -1 70 -1 65 -1 60 -1 60 -1 60 -1 65 -1 60 -1 65 -1 60 -1 60 -1 65 -1 65 -1 60 -1 65 -1 65 -1 60 -1 -2
76 -1 60 -1 65 -1 60 -1 60 -1 60 -1 70 -1 60 -1 60 -1 76 -1 76 -1 65 -1 76 -1 60 -1 65 -1 60 -1 70 -1 86 -1 60 -1 65 -1 76 -1 60 -1 65 -1 70 -1 60 -1 65 -1 60 -1 60 -1 65 -1 60 -1 65 -1 65 -1 60 -1 65 -1 81 -1 65 -1 60 -1 60 -1 60 -1 65 -1 60 -1 65 -1 70 -1 60 -1 65 -1 70 -1 65 -1 65 -1 60 -1 60 -1 -2
65 -1 60 -1 60 -1 60 -1 65 -1 65 -1 65 -1 70 -1 60 -1 60 -1 60 -1 76 -1 60 -1 60 -1 76 -1 60 -1 65 -1 65 -1 65 -1 60 -1 70 -1 65 -1 60 -1 60 -1 65 -1 60 -1 65 -1 60 -1 60 -1 65 -1 65 -1 60 -1 65 -1 60 -1 60 -1 -2
65 -1 60 -1 60 -1 65 -1 65 -1 65 -1 60 -1 60 -1 65 -1 76 -1 60 -1 60 -1 64 -1 65 -1 60 -1 70 -1 64 -1 65 -1 65 -1 65 -1 65 -1 60 -1 60 -1 65 -1 76 -1 60 -1 65 -1 60 -1 70 -1 65 -1 60 -1 60 -1 60 -1 65 -1 65 -1 60 -1 70 -1 60 -1 65 -1 70 -1 60 -1 60 -1 76 -1 65 -1 60 -1 60 -1 65 -1 70 -1 60 -1 65 -1 60 -1 65 -1 -2
60 -1 65 -1 60 -1 65 -1 76 -1 65 -1 65 -1 60 -1 70 -1 75 -1 60 -1 60 -1 65 -1 60 -1 60 -1 60 -1 60 -1 65 -1 60 -1 65 -1 65 -1 65 -1 60 -1 65 -1 60 -1 76 -1 60 -1 60 -1 65 -1 65 -1 60 -1 60 -1 60 -1 65 -1 65 -1 60 -1 60 -1 65 -1 -2
60 -1 60 -1 65 -1 60 -1 65 -1 65 -1 60 -1 65 -1 60 -1 65 -1 60 -1 65 -1 60 -1 65 -1 65 -1 60 -1 60 -1 65 -1 65 -1 60 -1 60 -1 60 -1 65 -1 65 -1 60 -1 65 -1 65 -1 81 -1 65 -1 60 -1 60 -1 70 -1 70 -1 60 -1 60 -1 65 -1 70 -1 65 -1 65 -1 60 -1 65 -1 60 -1 65 -1 60 -1 76 -1 60 -1 65 -1 -2
60 -1 65 -1 65 -1 65 -1 65 -1 60 -1 60 -1 60 -1 65 -1 60 -1 65 -1 65 -1 65 -1 65 -1 60 -1 65 -1 60 -1 65 -1 60 -1 60 -1 60 -1 81 -1 60 -1 65 -1 60 -1 65 -1 60 -1 60 -1 76 -1 60 -1 76 -1 70 -1 65 -1 60 -1 60 -1 60 -1 69 -1 65 -1 65 -1 65 -1 65 -1 65 -1 -2
65 -1 60 -1 65 -1 65 -1 60 -1 60 -1 76 -1 70 -1 65 -1 70 -1 60 -1 70 -1 60 -1 60 -1 70 -1 60 -1 76 -1 65 -1 60 -1 87 -1 65 -1 65 -1 65 -1 60 -1 65 -1 60 -1 60 -1 60 -1 75 -1 80 -1 65 -1 60 -1 65 -1 65 -1 60 -1 60 -1 60 -1 -2
70 -1 70 -1 60 -1 76 -1 65 -1 65 -1 60 -1 65 -1 65 -1 60 -1 70 -1 60 -1 65 -1 60 -1 80 -1 60 -1 60 -1 60 -1 60 -1 60 -1 65 -1 65 -1 65 -1 70 -1 60 -1 60 -1 60 -1 60 -1 65 -1 65 -1 65 -1 76 -1 60 -1 60 -1 60 -1 60 -1 65 -1 65 -1 -2
81 -1 60 -1 60 -1 76 -1 76 -1 65 -1 75 -1 60 -1 75 -1 65 -1 60 -1 65 -1 65 -1 65 -1 60 -1 65 -1 65 -1 60 -1 65 -1 60 -1 65 -1 70 -1 65 -1 65 -1 60 -1 60 -1 60 -1 60 -1 60 -1 65 -1 60 -1 65 -1 65 -1 65 -1 60 -1 70 -1 60 -1 -2
70 -1 65 -1 65 -1 60 -1 86 -1 65 -1 60 -1 70 -1 65 -1 60 -1 65 -1 60 -1 65 -1 60 -1 60 -1 60 -1 65 -1 60 -1 60 -1 65 -1 65 -1 60 -1 60 -1 65 -1 60 -1 97 -1 60 -1 60 -1 70 -1 65 -1 65 -1 65 -1 60 -1 60 -1 70 -1 60 -1 -2
65 -1 60 -1 65 -1 65 -1 65 -1 60 -1 75 -1 60 -1 60 -1 65 -1 65 -1 65 -1 60 -1 70 -1 70 -1 60 -1 60 -1 64 -1 65 -1 65 -1 60 -1 65 -1 65 -1 60 -1 65 -1 60 -1 60 -1 60 -1 81 -1 60 -1 65 -1 60 -1 60 -1 65 -1 60 -1 70 -1 65 -1 -2
65 -1 65 -1 65 -1 60 -1 65 -1 60 -1 60 -1 60 -1 65 -1 65 -1 60 -1 60 -1 60 -1 60 -1 60 -1 65 -1 60 -1 65 -1 65 -1 65 -1 65 -1 60 -1 65 -1 65 -1 60 -1 70 -1 65 -1 60 -1 65 -1 60 -1 60 -1 60 -1 60 -1 60 -1 60 -1 65 -1 65 -1 65 -1 -2
65 -1 60 -1 60 -1 60 -1 65 -1 60 -1 64 -1 65 -1 60 -1 60 -1 65 -1 87 -1 65 -1 60 -1 65 -1 86 -1 60 -1 65 -1 65 -1 60 -1 65 -1 60 -1 60 -1 60 -1 65 -1 60 -1 65 -1 65 -1 60 -1 60 -1 75 -1 60 -1 -2
65 -1 65 -1 60 -1 65 -1 65 -1 65 -1 60 -1 60 -1 70 -1 60 -1 60 -1 65 -1 60 -1 60 -1 65 -1 60 -1 65 -1 65 -1 65 -1 65 -1 65 -1 65 -1 60 -1 65 -1 60 -1 60 -1 60 -1 65 -1 65 -1 81 -1 60 -1 60 -1 60 -1 65 -1 60 -1 65 -1 -2
65 -1 65 -1 60 -1 65 -1 60 -1 65 -1 60 -1 60 -1 60 -1 65 -1 87 -1 65 -1 60 -1 65 -1 65 -1 60 -1 60 -1 70 -1 70 -1 70 -1 60 -1 65 -1 65 -1 60 -1 60 -1 60 -1 65 -1 65 -1 60 -1 65 -1 65 -1 60 -1 64 -1 65 -1 65 -1 65 -1 65 -1 60 -1 70 -1 -2
65 -1 65 -1 60 -1 76 -1 65 -1 65 -1 60 -1 70 -1 60 -1 60 -1 70 -1 65 -1 60 -1 75 -1 60 -1 60 -1 60 -1 65 -1 65 -1 65 -1 65 -1 60 -1 60 -1 60 -1 65 -1 60 -1 60 -1 65 -1 60 -1 60 -1 65 -1 60 -1 65 -1 65 -1 -2
81 -1 124 -1 60 -1 60 -1 60 -1 60 -1 60 -1 65 -1 76 -1 65 -1 65 -1 60 -1 65 -1 65 -1 60 -1 65 -1 60 -1 60 -1 60 -1 60 -1 65 -1 60 -1 65 -1 65 -1 65 -1 60 -1 65 -1 65 -1 60 -1 60 -1 60 -1 70 -1 60 -1 65 -1 65 -1 60 -1 65 -1 65 -1 76 -1 65 -1 60 -1 -2
65 -1 60 -1 65 -1 60 -1 60 -1 65 -1 65 -1 65 -1 60 -1 65 -1 70 -1 60 -1 65 -1 65 -1 65 -1 60 -1 60 -1 60 -1 87 -1 60 -1 60 -1 60 -1 76 -1 60 -1 60 -1 65 -1 -2
60 -1 65 -1 70 -1 65 -1 60 -1 65 -1 60 -1 65 -1 70 -1 60 -1 65 -1 60 -1 60 -1 70 -1 65 -1 65 -1 65 -1 65 -1 60 -1 65 -1 60 -1 65 -1 60 -1 86 -1 60 -1 81 -1 60 -1 65 -1 65 -1 60 -1 65 -1 65 -1 70 -1 60 -1 -2
60 -1 65 -1 60 -1 60 -1 60 -1 60 -1 65 -1 60 -1 60 -1 65 -1 65 -1 65 -1 65 -1 65 -1 60 -1 60 -1 60 -1 65 -1 64 -1 60 -1 65 -1 65 -1 65 -1 60 -1 65 -1 60 -1 65 -1 60 -1 65 -1 65 -1 76 -1 60 -1 60 -1 65 -1 60 -1 60 -1 60 -1 65 -1 70 -1 65 -1 65 -1 60 -1 65 -1 65 -1 60 -1 -2
81 -1 60 -1 65 -1 60 -1 65 -1 60 -1 70 -1 65 -1 60 -1 65 -1 65 -1 60 -1 64 -1 65 -1 70 -1 60 -1 65 -1 65 -1 65 -1 60 -1 65 -1 60 -1 64 -1 65 -1 60 -1 65 -1 60 -1 70 -1 60 -1 65 -1 65 -1 70 -1 60 -1 65 -1 60 -1 70 -1 65 -1 81 -1 65 -1 65 -1 60 -1 70 -1 81 -1 60 -1 70 -1 60 -1 76 -1 -2
60 -1 65 -1 60 -1 65 -1 65 -1 65 -1 60 -1 65 -1 60 -1 65 -1 65 -1 60 -1 65 -1 60 -1 65 -1 70 -1 65 -1 70 -1 70 -1 65 -1 60 -1 60 -1 65 -1 60 -1 60 -1 60 -1 65 -1 65 -1 65 -1 60 -1 65 -1 60 -1 60 -1 65 -1 60 -1 65 -1 60 -1 75 -1 -2
60 -1 60 -1 60 -1 70 -1 65 -1 65 -1 60 -1 60 -1 60 -1 65 -1 65 -1 65 -1 87 -1 60 -1 69 -1 65 -1 60 -1 65 -1 65 -1 60 -1 65 -1 64 -1 -2
60 -1 81 -1 60 -1 65 -1 65 -1 60 -1 60 -1 60 -1 65 -1 60 -1 60 -1 65 -1 65 -1 65 -1 65 -1 64 -1 65 -1 60 -1 76 -1 60 -1 60 -1 70 -1 65 -1 65 -1 60 -1 60 -1 75 -1 86 -1 70 -1 60 -1 65 -1 65 -1 60 -1 60 -1 65 -1 60 -1 70 -1 65 -1 65 -1 60 -1 65 -1 60 -1 65 -1 -2
65 -1 60 -1 80 -1 65 -1 65 -1 65 -1 65 -1 92 -1 65 -1 60 -1 86 -1 60 -1 60 -1 60 -1 70 -1 86 -1 70 -1 101 -1 65 -1 91 -1 86 -1 102 -1 60 -1 65 -1 81 -1 60 -1 92 -1 65 -1 60 -1 65 -1 60 -1 60 -1 65 -1 60 -1 60 -1 60 -1 64 -1 65 -1 60 -1 65 -1 87 -1 -2
60 -1 81 -1 60 -1 60 -1 70 -1 60 -1 65 -1 86 -1 65 -1 60 -1 60 -1 60 -1 65 -1 65 -1 60 -1 60 -1 65 -1 65 -1 65 -1 60 -1 97 -1 60 -1 65 -1 60 -1 60 -1 70 -1 60 -1 65 -1 60 -1 65 -1 60 -1 60 -1 65 -1 60 -1 -2
65 -1 60 -1 65 -1 60 -1 60 -1 60 -1 70 -1 60 -1 65 -1 60 -1 65 -1 60 -1 65 -1 60 -1 65 -1 -2
60 -1 65 -1 65 -1 60 -1 60 -1 86 -1 60 -1 65 -1 65 -1 60 -1 60 -1 60 -1 76 -1 60 -1 76 -1 65 -1 60 -1 60 -1 60 -1 60 -1 81 -1 65 -1 65 -1 65 -1 60 -1 70 -1 60 -1 60 -1 65 -1 60 -1 65 -1 -2
60 -1 76 -1 60 -1 60 -1 65 -1 65 -1 60 -1 60 -1 65 -1 60 -1 65 -1 81 -1 65 -1 60 -1 65 -1 65 -1 60 -1 60 -1 86 -1 65 -1 60 -1 65 -1 65 -1 76 -1 70 -1 60 -1 60 -1 60 -1 70 -1 97 -1 118 -1 60 -1 65 -1 60 -1 65 -1 60 -1 60 -1 65 -1 -2
60 -1 70 -1 60 -1 70 -1 65 -1 60 -1 60 -1 65 -1 60 -1 60 -1 75 -1 65 -1 65 -1 65 -1 87 -1 87 -1 60 -1 60 -1 60 -1 65 -1 65 -1 60 -1 60 -1 64 -1 60 -1 91 -1 87 -1 -2
60 -1 65 -1 65 -1 65 -1 65 -1 60 -1 65 -1 60 -1 70 -1 60 -1 60 -1 65 -1 60 -1 65 -1 65 -1 60 -1 60 -1 65 -1 65 -1 65 -1 70 -1 60 -1 65 -1 65 -1 81 -1 97 -1 97 -1 65 -1 60 -1 65 -1 60 -1 60 -1 70 -1 60 -1 60 -1 65 -1 60 -1 60 -1 60 -1 60 -1 -2
65 -1 60 -1 60 -1 65 -1 60 -1 70 -1 65 -1 65 -1 65 -1 65 -1 60 -1 65 -1 65 -1 60 -1 65 -1 60 -1 60 -1 76 -1 60 -1 70 -1 60 -1 64 -1 60 -1 65 -1 81 -1 60 -1 60 -1 65 -1 65 -1 60 -1 60 -1 65 -1 60 -1 65 -1 70 -1 65 -1 65 -1 65 -1 60 -1 60 -1 60 -1 60 -1 60 -1 81 -1 60 -1 60 -1 65 -1 65 -1 -2
65 -1 60 -1 65 -1 60 -1 65 -1 60 -1 60 -1 60 -1 81 -1 60 -1 65 -1 60 -1 86 -1 65 -1 65 -1 60 -1 70 -1 60 -1 65 -1 60 -1 70 -1 60 -1 65 -1 60 -1 60 -1 65 -1 65 -1 60 -1 65 -1 65 -1 65 -1 65 -1 65 -1 60 -1 65 -1 60 -1 65 -1 60 -1 60 -1 75 -1 65 -1 60 -1 60 -1 65 -1 60 -1 65 -1 -2
60 -1 65 -1 65 -1 60 -1 60 -1 65 -1 60 -1 70 -1 70 -1 60 -1 65 -1 65 -1 70 -1 65 -1 65 -1 60 -1 65 -1 60 -1 60 -1 60 -1 81 -1 60 -1 65 -1 65 -1 65 -1 65 -1 60 -1 60 -1 65 -1 60 -1 60 -1 65 -1 64 -1 65 -1 65 -1 60 -1 60 -1 65 -1 65 -1 60 -1 70 -1 60 -1 -2
60 -1 60 -1 60 -1 65 -1 65 -1 65 -1 60 -1 65 -1 60 -1 65 -1 60 -1 65 -1 60 -1 60 -1 65 -1 60 -1 60 -1 65 -1 60 -1 60 -1 65 -1 65 -1 60 -1 65 -1 65 -1 60 -1 60 -1 65 -1 65 -1 65 -1 65 -1 -2
60 -1 65 -1 65 -1 60 -1 60 -1 70 -1 60 -1 60 -1 65 -1 65 -1 60 -1 65 -1 65 -1 65 -1 60 -1 60 -1 60 -1 60 -1 70 -1 65 -1 65 -1 65 -1 60 -1 65 -1 65 -1 64 -1 65 -1 60 -1 60 -1 65 -1 65 -1 60 -1 60 -1 65 -1 60 -1 65 -1 60 -1 65 -1 -2
70 -1 65 -1 65 -1 60 -1 60 -1 60 -1 65 -1 65 -1 60 -1 65 -1 65 -1 65 -1 60 -1 65 -1 60 -1 60 -1 65 -1 65 -1 60 -1 60 -1 60 -1 60 -1 60 -1 65 -1 65 -1 65 -1 60 -1 65 -1 60 -1 -2
65 -1 65 -1 60 -1 70 -1 65 -1 60 -1 65 -1 60 -1 65 -1 70 -1 65 -1 60 -1 60 -1 65 -1 65 -1 60 -1 65 -1 81 -1 60 -1 65 -1 60 -1 70 -1 60 -1 64 -1 65 -1 65 -1 65 -1 60 -1 65 -1 65 -1 60 -1 65 -1 70 -1 60 -1 60 -1 60 -1 60 -1 81 -1 60 -1 65 -1 -2
65 -1 65 -1 65 -1 60 -1 65 -1 70 -1 65 -1 60 -1 60 -1 81 -1 60 -1 60 -1 65 -1 65 -1 65 -1 60 -1 60 -1 60 -1 65 -1 60 -1 70 -1 65 -1 65 -1 60 -1 65 -1 65 -1 60 -1 70 -1 65 -1 65 -1 65 -1 65 -1 -2
60 -1 65 -1 60 -1 65 -1 65 -1 60 -1 65 -1 87 -1 65 -1 60 -1 60 -1 65 -1 60 -1 65 -1 60 -1 64 -1 65 -1 65 -1 60 -1 65 -1 60 -1 60 -1 60 -1 76 -1 65 -1 65 -1 60 -1 65 -1 60 -1 65 -1 60 -1 60 -1 65 -1 65 -1 60 -1 60 -1 65 -1 60 -1 65 -1 60 -1 60 -1 65 -1 65 -1 60 -1 65 -1 60 -1 60 -1 65 -1 65 -1 -2
65 -1 60 -1 69 -1 65 -1 60 -1 60 -1 65 -1 65 -1 60 -1 65 -1 65 -1 60 -1 65 -1 60 -1 65 -1 60 -1 60 -1 65 -1 60 -1 60 -1 65 -1 60 -1 65 -1 60 -1 60 -1 65 -1 60 -1 65 -1 65 -1 65 -1 65 -1 65 -1 60 -1 65 -1 60 -1 75 -1 60 -1 60 -1 65 -1 65 -1 60 -1 65 -1 60 -1 60 -1 -2
65 -1 65 -1 65 -1 60 -1 65 -1 60 -1 60 -1 60 -1 65 -1 65 -1 60 -1 65 -1 60 -1 65 -1 65 -1 60 -1 60 -1 65 -1 65 -1 70 -1 65 -1 60 -1 65 -1 65 -1 70 -1 75 -1 60 -1 60 -1 60 -1 65 -1 65 -1 65 -1 60 -1 65 -1 -2
65 -1 60 -1 70 -1 60 -1 65 -1 65 -1 60 -1 65 -1 76 -1 65 -1 60 -1 60 -1 60 -1 60 -1 60 -1 60 -1 65 -1 65 -1 65 -1 60 -1 60 -1 65 -1 60 -1 65 -1 60 -1 65 -1 65 -1 60 -1 87 -1 87 -1 -2
60 -1 60 -1 65 -1 70 -1 70 -1 65 -1 60 -1 65 -1 60 -1 60 -1 65 -1 60 -1 60 -1 65 -1 70 -1 65 -1 65 -1 60 -1 65 -1 60 -1 65 -1 65 -1 65 -1 60 -1 60 -1 65 -1 60 -1 65 -1 60 -1 60 -1 60 -1 60 -1 60 -1 65 -1 65 -1 65 -1 60 -1 65 -1 60 -1 65 -1 60 -1 65 -1 60 -1 65 -1 60 -1 65 -1 70 -1 75 -1 -2
65 -1 65 -1 60 -1 60 -1 65 -1 65 -1 65 -1 60 -1 70 -1 60 -1 65 -1 65 -1 65 -1 60 -1 60 -1 60 -1 70 -1 60 -1 60 -1 65 -1 65 -1 65 -1 65 -1 70 -1 60 -1 64 -1 65 -1 60 -1 70 -1 65 -1 65 -1 65 -1 60 -1 70 -1 60 -1 60 -1 70 -1 65 -1 76 -1 65 -1 -2
65 -1 65 -1 65 -1 60 -1 65 -1 60 -1 60 -1 60 -1 60 -1 65 -1 60 -1 60 -1 76 -1 65 -1 65 -1 60 -1 60 -1 65 -1 70 -1 65 -1 60 -1 65 -1 60 -1 65 -1 76 -1 60 -1 75 -1 60 -1 60 -1 65 -1 64 -1 65 -1 65 -1 60 -1 60 -1 65 -1 76 -1 60 -1 64 -1 -2
64 -1 60 -1 60 -1 65 -1 70 -1 60 -1 65 -1 60 -1 65 -1 60 -1 65 -1 65 -1 76 -1 60 -1 65 -1 65 -1 60 -1 65 -1 60 -1 60 -1 65 -1 60 -1 60 -1 60 -1 65 -1 60 -1 76 -1 65 -1 65 -1 60 -1 60 -1 60 -1 60 -1 60 -1 60 -1 65 -1 65 -1 65 -1 65 -1 65 -1 60 -1 65 -1 -2
60 -1 65 -1 65 -1 60 -1 65 -1 60 -1 60 -1 65 -1 60 -1 65 -1 60 -1 65 -1 65 -1 65 -1 70 -1 60 -1 65 -1 65 -1 60 -1 60 -1 76 -1 70 -1 60 -1 65 -1 65 -1 60 -1 60 -1 60 -1 65 -1 -2
64 -1 75 -1 65 -1 65 -1 60 -1 60 -1 60 -1 65 -1 65 -1 60 -1 60 -1 60 -1 75 -1 65 -1 60 -1 65 -1 65 -1 60 -1 60 -1 60 -1 65 -1 60 -1 60 -1 60 -1 65 -1 60 -1 70 -1 65 -1 60 -1 65 -1 65 -1 60 -1 60 -1 65 -1 65 -1 65 -1 60 -1 -2
60 -1 60 -1 60 -1 65 -1 65 -1 76 -1 65 -1 60 -1 65 -1 70 -1 60 -1 60 -1 60 -1 60 -1 65 -1 76 -1 65 -1 60 -1 65 -1 65 -1 64 -1 60 -1 60 -1 65 -1 60 -1 65 -1 65 -1 60 -1 65 -1 60 -1 65 -1 60 -1 65 -1 60 -1 65 -1 60 -1 65 -1 60 -1 65 -1 60 -1 65 -1 60 -1 65 -1 -2
65 -1 60 -1 65 -1 65 -1 60 -1 65 -1 65 -1 60 -1 60 -1 60 -1 65 -1 60 -1 64 -1 76 -1 60 -1 65 -1 70 -1 60 -1 65 -1 65 -1 60 -1 70 -1 65 -1 60 -1 65 -1 60 -1 60 -1 60 -1 65 -1 60 -1 76 -1 60 -1 60 -1 65 -1 60 -1 60 -1 -2
65 -1 60 -1 60 -1 60 -1 65 -1 60 -1 65 -1 65 -1 60 -1 65 -1 60 -1 60 -1 60 -1 65 -1 60 -1 60 -1 65 -1 65 -1 65 -1 65 -1 60 -1 60 -1 64 -1 65 -1 76 -1 60 -1 65 -1 70 -1 65 -1 70 -1 65 -1 65 -1 60 -1 60 -1 60 -1 60 -1 65 -1 60 -1 -2
60 -1 60 -1 60 -1 65 -1 65 -1 76 -1 60 -1 60 -1 60 -1 60 -1 65 -1 60 -1 65 -1 65 -1 65 -1 60 -1 65 -1 60 -1 60 -1 76 -1 65 -1 60 -1 60 -1 65 -1 60 -1 81 -1 70 -1 60 -1 65 -1 60 -1 65 -1 65 -1 65 -1 60 -1 60 -1 60 -1 65 -1 -2
65 -1 65 -1 65 -1 60 -1 65 -1 60 -1 65 -1 60 -1 65 -1 60 -1 60 -1 60 -1 60 -1 60 -1 60 -1 60 -1 65 -1 65 -1 65 -1 60 -1 65 -1 65 -1 60 -1 60 -1 65 -1 65 -1 65 -1 60 -1 75 -1 65 -1 60 -1 60 -1 81 -1 81 -1 60 -1 75 -1 65 -1 -2
65 -1 65 -1 60 -1 65 -1 60 -1 60 -1 60 -1 65 -1 60 -1 65 -1 65 -1 65 -1 60 -1 60 -1 76 -1 81 -1 60 -1 60 -1 65 -1 65 -1 70 -1 65 -1 60 -1 60 -1 65 -1 60 -1 76 -1 60 -1 65 -1 60 -1 60 -1 60 -1 70 -1 70 -1 70 -1 65 -1 65 -1 60 -1 60 -1 60 -1 65 -1 -2
60 -1 60 -1 65 -1 70 -1 65 -1 65 -1 65 -1 65 -1 60 -1 60 -1 65 -1 60 -1 81 -1 60 -1 60 -1 65 -1 60 -1 65 -1 64 -1 60 -1 60 -1 65 -1 60 -1 65 -1 92 -1 92 -1 65 -1 70 -1 65 -1 60 -1 65 -1 60 -1 60 -1 70 -1 65 -1 60 -1 65 -1 60 -1 60 -1 65 -1 60 -1 70 -1 70 -1 65 -1 60 -1 65 -1 60 -1 65 -1 70 -1 60 -1 -2
60 -1 60 -1 65 -1 60 -1 65 -1 65 -1 60 -1 60 -1 65 -1 60 -1 65 -1 60 -1 60 -1 65 -1 70 -1 65 -1 65 -1 65 -1 60 -1 60 -1 60 -1 60 -1 70 -1 65 -1 65 -1 60 -1 65 -1 65 -1 75 -1 65 -1 65 -1 60 -1 76 -1 65 -1 60 -1 60 -1 -2
60 -1 65 -1 60 -1 76 -1 65 -1 65 -1 65 -1 60 -1 60 -1 64 -1 65 -1 60 -1 65 -1 70 -1 65 -1 60 -1 65 -1 60 -1 65 -1 75 -1 60 -1 65 -1 70 -1 65 -1 60 -1 65 -1 60 -1 81 -1 60 -1 70 -1 60 -1 60 -1 65 -1 60 -1 60 -1 60 -1 60 -1 76 -1 60 -1 65 -1 65 -1 60 -1 81 -1 65 -1 -2
65 -1 65 -1 60 -1 60 -1 60 -1 60 -1 60 -1 60 -1 87 -1 65 -1 65 -1 76 -1 60 -1 60 -1 65 -1 60 -1 70 -1 60 -1 60 -1 65 -1 76 -1 60 -1 65 -1 60 -1 65 -1 65 -1 60 -1 60 -1 65 -1 65 -1 81 -1 60 -1 65 -1 65 -1 60 -1 65 -1 60 -1 65 -1 60 -1 60 -1 60 -1 60 -1 76 -1 60 -1 60 -1 65 -1 60 -1 60 -1 65 -1 60 -1 -2
65 -1 65 -1 60 -1 65 -1 60 -1 60 -1 60 -1 60 -1 60 -1 76 -1 60 -1 65 -1 65 -1 60 -1 76 -1 65 -1 70 -1 60 -1 60 -1 65 -1 65 -1 65 -1 60 -1 70 -1 60 -1 60 -1 60 -1 65 -1 60 -1 60 -1 65 -1 60 -1 70 -1 60 -1 65 -1 70 -1 60 -1 65 -1 -2
60 -1 76 -1 65 -1 60 -1 65 -1 60 -1 92 -1 60 -1 65 -1 80 -1 60 -1 60 -1 65 -1 60 -1 86 -1 65 -1 65 -1 65 -1 60 -1 60 -1 60 -1 70 -1 65 -1 65 -1 65 -1 60 -1 60 -1 60 -1 70 -1 60 -1 -2
60 -1 60 -1 65 -1 60 -1 65 -1 65 -1 65 -1 65 -1 65 -1 65 -1 60 -1 65 -1 60 -1 65 -1 65 -1 60 -1 60 -1 65 -1 60 -1 65 -1 65 -1 60 -1 60 -1 60 -1 60 -1 60 -1 60 -1 65 -1 60 -1 65 -1 65 -1 60 -1 65 -1 65 -1 60 -1 65 -1 60 -1 65 -1 -2
60 -1 87 -1 65 -1 65 -1 65 -1 60 -1 60 -1 60 -1 60 -1 60 -1 70 -1 65 -1 65 -1 60 -1 65 -1 65 -1 65 -1 60 -1 70 -1 60 -1 65 -1 70 -1 65 -1 60 -1 65 -1 60 -1 60 -1 60 -1 60 -1 65 -1 60 -1 65 -1 65 -1 -2
64 -1 65 -1 65 -1 60 -1 70 -1 60 -1 65 -1 60 -1 65 -1 60 -1 60 -1 60 -1 65 -1 65 -1 60 -1 70 -1 60 -1 65 -1 65 -1 60 -1 65 -1 65 -1 60 -1 81 -1 65 -1 65 -1 60 -1 60 -1 65 -1 60 -1 60 -1 70 -1 65 -1 65 -1 60 -1 65 -1 65 -1 60 -1 60 -1 65 -1 60 -1 -2
60 -1 60 -1 60 -1 60 -1 60 -1 65 -1 60 -1 65 -1 76 -1 60 -1 81 -1 60 -1 65 -1 70 -1 60 -1 81 -1 60 -1 65 -1 65 -1 60 -1 60 -1 60 -1 60 -1 60 -1 65 -1 64 -1 65 -1 65 -1 65 -1 65 -1 65 -1 65 -1 60 -1 60 -1 60 -1 65 -1 65 -1 60 -1 60 -1 65 -1 60 -1 60 -1 60 -1 65 -1 60 -1 65 -1 65 -1 65 -1 -2
65 -1 70 -1 60 -1 65 -1 65 -1 60 -1 65 -1 60 -1 65 -1 60 -1 60 -1 60 -1 60 -1 65 -1 65 -1 65 -1 60 -1 65 -1 65 -1 60 -1 81 -1 91 -1 65 -1 60 -1 65 -1 65 -1 60 -1 75 -1 81 -1 60 -1 60 -1 65 -1 60 -1 60 -1 81 -1 65 -1 60 -1 70 -1 65 -1 60 -1 60 -1 -2
60 -1 60 -1 65 -1 60 -1 70 -1 60 -1 60 -1 60 -1 65 -1 60 -1 60 -1 65 -1 65 -1 60 -1 65 -1 65 -1 65 -1 60 -1 60 -1 65 -1 60 -1 65 -1 65 -1 65 -1 60 -1 65 -1 65 -1 60 -1 60 -1 81 -1 60 -1 65 -1 60 -1 65 -1 65 -1 65 -1 60 -1 65 -1 60 -1 60 -1 65 -1 60 -1 65 -1 60 -1 -2
60 -1 60 -1 64 -1 65 -1 60 -1 65 -1 65 -1 65 -1 65 -1 65 -1 60 -1 60 -1 60 -1 81 -1 60 -1 60 -1 65 -1 60 -1 60 -1 60 -1 81 -1 65 -1 65 -1 60 -1 60 -1 65 -1 60 -1 65 -1 60 -1 65 -1 65 -1 60 -1 81 -1 97 -1 65 -1 65 -1 60 -1 60 -1 70 -1 60 -1 60 -1 65 -1 60 -1 64 -1 70 -1 -2
65 -1 60 -1 65 -1 60 -1 60 -1 70 -1 65 -1 60 -1 65 -1 65 -1 60 -1 60 -1 60 -1 60 -1 76 -1 65 -1 76 -1 60 -1 60 -1 65 -1 60 -1 75 -1 65 -1 65 -1 65 -1 60 -1 65 -1 65 -1 60 -1 60 -1 60 -1 60 -1 60 -1 65 -1 65 -1 -2
60 -1 60 -1 70 -1 60 -1 60 -1 65 -1 65 -1 65 -1 65 -1 60 -1 65 -1 60 -1 65 -1 60 -1 64 -1 60 -1 65 -1 70 -1 65 -1 70 -1 65 -1 65 -1 60 -1 60 -1 70 -1 65 -1 60 -1 60 -1 60 -1 60 -1 87 -1 60 -1 65 -1 65 -1 60 -1 70 -1 60 -1 76 -1 60 -1 65 -1 -2
91 -1 65 -1 60 -1 65 -1 60 -1 60 -1 65 -1 65 -1 65 -1 65 -1 65 -1 60 -1 60 -1 60 -1 65 -1 60 -1 60 -1 65 -1 60 -1 76 -1 87 -1 60 -1 65 -1 60 -1 60 -1 75 -1 65 -1 60 -1 70 -1 60 -1 81 -1 60 -1 65 -1 60 -1 60 -1 65 -1 -2
70 -1 65 -1 60 -1 75 -1 75 -1 60 -1 65 -1 65 -1 65 -1 65 -1 60 -1 60 -1 60 -1 60 -1 65 -1 60 -1 70 -1 70 -1 65 -1 65 -1 60 -1 81 -1 60 -1 65 -1 60 -1 65 -1 65 -1 65 -1 60 -1 70 -1 60 -1 65 -1 60 -1 81 -1 60 -1 65 -1 65 -1 60 -1 65 -1 70 -1 60 -1 65 -1 60 -1 70 -1 60 -1 -2
60 -1 60 -1 65 -1 60 -1 70 -1 60 -1 60 -1 65 -1 60 -1 60 -1 60 -1 65 -1 60 -1 60 -1 65 -1 60 -1 65 -1 65 -1 60 -1 76 -1 65 -1 65 -1 60 -1 60 -1 60 -1 65 -1 64 -1 65 -1 60 -1 65 -1 65 -1 60 -1 65 -1 60 -1 60 -1 65 -1 65 -1 65 -1 -2
65 -1 60 -1 65 -1 65 -1 65 -1 60 -1 60 -1 70 -1 65 -1 60 -1 60 -1 65 -1 60 -1 60 -1 60 -1 81 -1 76 -1 60 -1 60 -1 65 -1 60 -1 60 -1 70 -1 75 -1 60 -1 60 -1 65 -1 60 -1 65 -1 65 -1 60 -1 65 -1 60 -1 65 -1 60 -1 70 -1 65 -1 60 -1 65 -1 65 -1 65 -1 65 -1 -2
60 -1 76 -1 60 -1 60 -1 60 -1 60 -1 65 -1 60 -1 65 -1 65 -1 65 -1 60 -1 65 -1 70 -1 60 -1 65 -1 76 -1 70 -1 65 -1 65 -1 70 -1 60 -1 60 -1 60 -1 65 -1 75 -1 65 -1 65 -1 60 -1 60 -1 -2
60 -1 65 -1 60 -1 60 -1 65 -1 65 -1 60 -1 60 -1 60 -1 70 -1 60 -1 60 -1 65 -1 65 -1 65 -1 65 -1 60 -1 65 -1 60 -1 60 -1 60 -1 60 -1 65 -1 65 -1 60 -1 60 -1 60 -1 60 -1 70 -1 65 -1 65 -1 60 -1 65 -1 65 -1 60 -1 -2
65 -1 70 -1 60 -1 65 -1 81 -1 65 -1 60 -1 60 -1 65 -1 65 -1 60 -1 60 -1 65 -1 60 -1 60 -1 65 -1 60 -1 76 -1 65 -1 60 -1 65 -1 60 -1 60 -1 60 -1 92 -1 60 -1 60 -1 65 -1 65 -1 65 -1 60 -1 65 -1 60 -1 81 -1 65 -1 60 -1 60 -1 70 -1 65 -1 65 -1 60 -1 70 -1 60 -1 70 -1 60 -1 60 -1 60 -1 65 -1 -2
86 -1 60 -1 65 -1 65 -1 60 -1 81 -1 60 -1 60 -1 60 -1 65 -1 60 -1 70 -1 65 -1 87 -1 60 -1 65 -1 60 -1 65 -1 70 -1 60 -1 65 -1 65 -1 60 -1 65 -1 60 -1 65 -1 65 -1 60 -1 65 -1 60 -1 60 -1 65 -1 60 -1 65 -1 60 -1 65 -1 70 -1 60 -1 65 -1 60 -1 60 -1 70 -1 60 -1 65 -1 -2
76 -1 60 -1 60 -1 65 -1 60 -1 65 -1 65 -1 65 -1 65 -1 60 -1 65 -1 60 -1 60 -1 65 -1 60 -1 65 -1 65 -1 65 -1 60 -1 60 -1 60 -1 60 -1 60 -1 76 -1 65 -1 60 -1 65 -1 60 -1 60 -1 65 -1 60 -1 -2
60 -1 65 -1 60 -1 65 -1 70 -1 65 -1 60 -1 60 -1 60 -1 60 -1 65 -1 70 -1 60 -1 60 -1 65 -1 65 -1 60 -1 70 -1 65 -1 65 -1 65 -1 65 -1 60 -1 60 -1 65 -1 60 -1 65 -1 60 -1 65 -1 65 -1 60 -1 65 -1 60 -1 60 -1 65 -1 65 -1 60 -1 60 -1 60 -1 65 -1 65 -1 60 -1 65 -1 60 -1 65 -1 60 -1 65 -1 -2
70 -1 65 -1 60 -1 60 -1 65 -1 81 -1 60 -1 65 -1 65 -1 60 -1 60 -1 65 -1 65 -1 60 -1 60 -1 65 -1 65 -1 65 -1 60 -1 60 -1 65 -1 81 -1 60 -1 65 -1 60 -1 60 -1 65 -1 65 -1 70 -1 60 -1 60 -1 76 -1 65 -1 60 -1 76 -1 65 -1 65 -1 60 -1 70 -1 60 -1 75 -1 102 -1 60 -1 65 -1 60 -1 65 -1 60 -1 -2
65 -1 60 -1 65 -1 65 -1 65 -1 60 -1 65 -1 65 -1 65 -1 60 -1 65 -1 65 -1 65 -1 60 -1 60 -1 65 -1 60 -1 65 -1 65 -1 60 -1 60 -1 60 -1 65 -1 60 -1 75 -1 60 -1 60 -1 76 -1 60 -1 60 -1 60 -1 60 -1 60 -1 65 -1 70 -1 65 -1 60 -1 65 -1 60 -1 70 -1 65 -1 -2
65 -1 65 -1 60 -1 65 -1 65 -1 60 -1 60 -1 60 -1 76 -1 65 -1 65 -1 65 -1 60 -1 75 -1 60 -1 81 -1 65 -1 60 -1 65 -1 65 -1 60 -1 60 -1 60 -1 60 -1 60 -1 65 -1 60 -1 70 -1 65 -1 65 -1 60 -1 60 -1 60 -1 60 -1 60 -1 65 -1 65 -1 65 -1 65 -1 65 -1 65 -1 -2
65 -1 60 -1 60 -1 60 -1 65 -1 60 -1 70 -1 65 -1 65 -1 65 -1 60 -1 60 -1 60 -1 65 -1 81 -1 60 -1 60 -1 65 -1 65 -1 60 -1 75 -1 60 -1 81 -1 65 -1 65 -1 65 -1 60 -1 60 -1 65 -1 65 -1 60 -1 60 -1 60 -1 65 -1 60 -1 65 -1 65 -1 60 -1 60 -1 60 -1 76 -1 60 -1 65 -1 60 -1 65 -1 70 -1 65 -1 -2
65 -1 65 -1 60 -1 65 -1 70 -1 76 -1 65 -1 60 -1 60 -1 65 -1 65 -1 60 -1 60 -1 60 -1 60 -1 65 -1 60 -1 70 -1 60 -1 76 -1 65 -1 60 -1 60 -1 60 -1 60 -1 65 -1 75 -1 65 -1 65 -1 65 -1 65 -1 60 -1 60 -1 65 -1 60 -1 65 -1 65 -1 65 -1 70 -1 60 -1 60 -1 65 -1 65 -1 65 -1 60 -1 60 -1 70 -1 60 -1 76 -1 -2
60 -1 65 -1 76 -1 60 -1 65 -1 65 -1 60 -1 60 -1 60 -1 76 -1 81 -1 60 -1 65 -1 80 -1 65 -1 81 -1 75 -1 70 -1 65 -1 60 -1 70 -1 60 -1 65 -1 65 -1 60 -1 -2
65 -1 60 -1 65 -1 60 -1 65 -1 65 -1 81 -1 60 -1 60 -1 60 -1 65 -1 60 -1 65 -1 65 -1 60 -1 60 -1 70 -1 60 -1 65 -1 60 -1 60 -1 65 -1 60 -1 60 -1 65 -1 65 -1 60 -1 76 -1 65 -1 65 -1 60 -1 60 -1 70 -1 65 -1 60 -1 60 -1 65 -1 60 -1 60 -1 65 -1 60 -1 -2
70 -1 65 -1 60 -1 65 -1 65 -1 60 -1 76 -1 60 -1 65 -1 65 -1 60 -1 65 -1 60 -1 60 -1 65 -1 60 -1 65 -1 60 -1 60 -1 65 -1 60 -1 60 -1 65 -1 60 -1 65 -1 60 -1 70 -1 60 -1 65 -1 60 -1 76 -1 60 -1 65 -1 65 -1 60 -1 65 -1 60 -1 70 -1 65 -1 65 -1 60 -1 65 -1 60 -1 65 -1 60 -1 60 -1 70 -1 65 -1 60 -1 65 -1 60 -1 65 -1 -2
70 -1 60 -1 60 -1 60 -1 60 -1 65 -1 65 -1 60 -1 76 -1 65 -1 65 -1 60 -1 60 -1 65 -1 70 -1 81 -1 60 -1 60 -1 60 -1 103 -1 60 -1 60 -1 60 -1 60 -1 65 -1 65 -1 60 -1 65 -1 -2
65 -1 65 -1 60 -1 65 -1 60 -1 65 -1 60 -1 65 -1 60 -1 65 -1 60 -1 65 -1 65 -1 60 -1 65 -1 60 -1 65 -1 65 -1 60 -1 65 -1 60 -1 65 -1 65 -1 65 -1 60 -1 70 -1 60 -1 65 -1 65 -1 60 -1 81 -1 60 -1 -2
60 -1 65 -1 65 -1 60 -1 60 -1 60 -1 65 -1 70 -1 65 -1 60 -1 60 -1 60 -1 65 -1 65 -1 65 -1 65 -1 60 -1 70 -1 60 -1 60 -1 65 -1 65 -1 65 -1 65 -1 60 -1 65 -1 60 -1 64 -1 -2
60 -1 70 -1 70 -1 65 -1 60 -1 65 -1 60 -1 65 -1 60 -1 60 -1 65 -1 65 -1 60 -1 60 -1 60 -1 65 -1 60 -1 81 -1 60 -1 65 -1 70 -1 65 -1 65 -1 60 -1 65 -1 70 -1 60 -1 60 -1 60 -1 60 -1 65 -1 60 -1 70 -1 65 -1 65 -1 65 -1 60 -1 65 -1 60 -1 60 -1 76 -1 60 -1 60 -1 65 -1 65 -1 65 -1 -2
65 -1 60 -1 65 -1 60 -1 70 -1 60 -1 60 -1 60 -1 60 -1 65 -1 65 -1 65 -1 65 -1 65 -1 60 -1 81 -1 60 -1 60 -1 65 -1 65 -1 70 -1 60 -1 65 -1 65 -1 65 -1 65 -1 60 -1 60 -1 60 -1 60 -1 60 -1 65 -1 60 -1 65 -1 60 -1 65 -1 60 -1 -2
75 -1 60 -1 81 -1 60 -1 60 -1 65 -1 65 -1 65 -1 60 -1 70 -1 76 -1 65 -1 65 -1 60 -1 65 -1 70 -1 60 -1 64 -1 60 -1 70 -1 60 -1 70 -1 60 -1 76 -1 60 -1 65 -1 65 -1 60 -1 60 -1 80 -1 65 -1 65 -1 65 -1 65 -1 60 -1 75 -1 65 -1 -2
60 -1 65 -1 65 -1 65 -1 65 -1 60 -1 60 -1 60 -1 60 -1 76 -1 60 -1 65 -1 65 -1 60 -1 60 -1 65 -1 60 -1 65 -1 76 -1 60 -1 60 -1 60 -1 60 -1 65 -1 60 -1 60 -1 86 -1 60 -1 60 -1 65 -1 60 -1 65 -1 60 -1 65 -1 65 -1 65 -1 65 -1 65 -1 60 -1 60 -1 -2
65 -1 60 -1 60 -1 65 -1 60 -1 60 -1 60 -1 65 -1 65 -1 65 -1 65 -1 60 -1 65 -1 60 -1 60 -1 65 -1 60 -1 70 -1 60 -1 65 -1 60 -1 65 -1 60 -1 65 -1 65 -1 65 -1 65 -1 65 -1 65 -1 65 -1 70 -1 70 -1 60 -1 60 -1 60 -1 60 -1 65 -1 60 -1 -2
65 -1 60 -1 65 -1 65 -1 60 -1 60 -1 65 -1 65 -1 65 -1 70 -1 60 -1 60 -1 60 -1 60 -1 65 -1 81 -1 60 -1 65 -1 65 -1 60 -1 60 -1 65 -1 60 -1 60 -1 60 -1 65 -1 65 -1 60 -1 92 -1 65 -1 60 -1 60 -1 60 -1 65 -1 60 -1 92 -1 60 -1 65 -1 65 -1 60 -1 60 -1 70 -1 -2
60 -1 70 -1 60 -1 65 -1 70 -1 60 -1 65 -1 60 -1 70 -1 65 -1 65 -1 60 -1 65 -1 60 -1 60 -1 65 -1 60 -1 65 -1 65 -1 65 -1 65 -1 60 -1 65 -1 65 -1 60 -1 60 -1 65 -1 60 -1 75 -1 60 -1 65 -1 65 -1 60 -1 91 -1 60 -1 65 -1 65 -1 65 -1 60 -1 60 -1 -2
60 -1 60 -1 65 -1 60 -1 60 -1 65 -1 60 -1 65 -1 65 -1 65 -1 65 -1 65 -1 60 -1 75 -1 60 -1 60 -1 70 -1 65 -1 65 -1 65 -1 60 -1 60 -1 60 -1 65 -1 60 -1 60 -1 60 -1 65 -1 65 -1 65 -1 60 -1 60 -1 65 -1 60 -1 65 -1 65 -1 70 -1 60 -1 60 -1 65 -1 102 -1 -2
60 -1 65 -1 65 -1 60 -1 65 -1 65 -1 60 -1 70 -1 60 -1 60 -1 65 -1 60 -1 65 -1 65 -1 65 -1 60 -1 65 -1 60 -1 70 -1 65 -1 60 -1 65 -1 60 -1 60 -1 65 -1 60 -1 60 -1 60 -1 65 -1 65 -1 65 -1 65 -1 65 -1 65 -1 60 -1 -2
65 -1 65 -1 70 -1 60 -1 65 -1 65 -1 60 -1 65 -1 60 -1 65 -1 60 -1 65 -1 70 -1 65 -1 60 -1 60 -1 60 -1 60 -1 65 -1 65 -1 60 -1 65 -1 65 -1 65 -1 60 -1 60 -1 60 -1 87 -1 103 -1 60 -1 60 -1 60 -1 65 -1 60 -1 60 -1 65 -1 60 -1 65 -1 75 -1 65 -1 65 -1 65 -1 60 -1 60 -1 65 -1 60 -1 60 -1 65 -1 60 -1 76 -1 60 -1 -2
65 -1 60 -1 70 -1 65 -1 65 -1 60 -1 65 -1 60 -1 76 -1 65 -1 60 -1 65 -1 60 -1 60 -1 65 -1 60 -1 65 -1 65 -1 60 -1 64 -1 60 -1 60 -1 65 -1 60 -1 91 -1 65 -1 76 -1 60 -1 60 -1 76 -1 76 -1 60 -1 64 -1 65 -1 65 -1 -2
65 -1 60 -1 65 -1 60 -1 65 -1 65 -1 65 -1 60 -1 60 -1 76 -1 70 -1 60 -1 65 -1 60 -1 60 -1 60 -1 60 -1 65 -1 70 -1 65 -1 65 -1 65 -1 60 -1 65 -1 64 -1 65 -1 65 -1 60 -1 70 -1 60 -1 65 -1 70 -1 60 -1 65 -1 65 -1 60 -1 60 -1 70 -1 60 -1 65 -1 60 -1 60 -1 -2
60 -1 60 -1 65 -1 60 -1 60 -1 65 -1 60 -1 65 -1 65 -1 60 -1 65 -1 65 -1 60 -1 60 -1 65 -1 60 -1 60 -1 70 -1 60 -1 65 -1 65 -1 60 -1 98 -1 60 -1 60 -1 60 -1 60 -1 65 -1 60 -1 75 -1 60 -1 65 -1 70 -1 65 -1 60 -1 65 -1 65 -1 60 -1 65 -1 65 -1 60 -1 70 -1 60 -1 -2
65 -1 65 -1 60 -1 65 -1 60 -1 65 -1 60 -1 65 -1 65 -1 60 -1 65 -1 60 -1 60 -1 65 -1 70 -1 60 -1 60 -1 65 -1 65 -1 60 -1 65 -1 60 -1 76 -1 60 -1 60 -1 60 -1 70 -1 65 -1 65 -1 65 -1 65 -1 65 -1 65 -1 60 -1 65 -1 60 -1 64 -1 69 -1 60 -1 60 -1 60 -1 65 -1 65 -1 60 -1 65 -1 -2
65 -1 65 -1 60 -1 70 -1 60 -1 65 -1 60 -1 65 -1 81 -1 60 -1 60 -1 81 -1 60 -1 65 -1 60 -1 70 -1 65 -1 60 -1 76 -1 60 -1 60 -1 60 -1 76 -1 65 -1 70 -1 65 -1 70 -1 65 -1 60 -1 70 -1 60 -1 65 -1 60 -1 -2
60 -1 65 -1 60 -1 60 -1 65 -1 65 -1 60 -1 60 -1 60 -1 65 -1 65 -1 60 -1 60 -1 65 -1 60 -1 60 -1 65 -1 60 -1 65 -1 92 -1 65 -1 65 -1 65 -1 60 -1 60 -1 70 -1 60 -1 60 -1 60 -1 60 -1 65 -1 60 -1 76 -1 65 -1 60 -1 65 -1 65 -1 60 -1 -2
65 -1 65 -1 64 -1 60 -1 65 -1 60 -1 65 -1 65 -1 70 -1 65 -1 65 -1 60 -1 65 -1 64 -1 60 -1 60 -1 65 -1 60 -1 65 -1 65 -1 65 -1 60 -1 70 -1 60 -1 65 -1 65 -1 65 -1 60 -1 60 -1 65 -1 60 -1 60 -1 60 -1 -2
65 -1 60 -1 65 -1 60 -1 65 -1 60 -1 81 -1 65 -1 65 -1 60 -1 70 -1 60 -1 60 -1 65 -1 65 -1 60 -1 60 -1 60 -1 65 -1 65 -1 65 -1 65 -1 65 -1 65 -1 60 -1 60 -1 65 -1 60 -1 60 -1 60 -1 -2
65 -1 65 -1 60 -1 75 -1 60 -1 65 -1 60 -1 60 -1 76 -1 65 -1 60 -1 60 -1 60 -1 65 -1 60 -1 60 -1 60 -1 60 -1 64 -1 65 -1 65 -1 65 -1 60 -1 60 -1 65 -1 65 -1 65 -1 60 -1 60 -1 60 -1 65 -1 -2
60 -1 76 -1 92 -1 65 -1 65 -1 60 -1 60 -1 91 -1 65 -1 65 -1 60 -1 60 -1 65 -1 65 -1 60 -1 65 -1 60 -1 70 -1 60 -1 65 -1 60 -1 60 -1 70 -1 65 -1 65 -1 60 -1 60 -1 65 -1 60 -1 70 -1 65 -1 76 -1 65 -1 60 -1 65 -1 60 -1 65 -1 65 -1 -2
65 -1 60 -1 60 -1 65 -1 60 -1 60 -1 65 -1 65 -1 65 -1 60 -1 65 -1 70 -1 65 -1 60 -1 65 -1 60 -1 65 -1 60 -1 60 -1 60 -1 65 -1 65 -1 60 -1 65 -1 60 -1 60 -1 65 -1 65 -1 60 -1 65 -1 65 -1 65 -1 -2
65 -1 60 -1 70 -1 60 -1 76 -1 60 -1 60 -1 65 -1 60 -1 76 -1 60 -1 65 -1 60 -1 65 -1 60 -1 65 -1 60 -1 65 -1 60 -1 70 -1 60 -1 60 -1 65 -1 60 -1 65 -1 65 -1 60 -1 65 -1 65 -1 60 -1 65 -1 60 -1 65 -1 60 -1 60 -1 60 -1 76 -1 70 -1 65 -1 60 -1 70 -1 65 -1 65 -1 60 -1 70 -1 64 -1 65 -1 65 -1 60 -1 76 -1 60 -1 60 -1 60 -1 60 -1 60 -1 -2
60 -1 60 -1 60 -1 60 -1 60 -1 65 -1 65 -1 65 -1 65 -1 65 -1 65 -1 65 -1 60 -1 65 -1 86 -1 65 -1 60 -1 65 -1 60 -1 60 -1 65 -1 65 -1 60 -1 75 -1 65 -1 81 -1 60 -1 60 -1 65 -1 60 -1 60 -1 60 -1 60 -1 60 -1 65 -1 65 -1 65 -1 60 -1 65 -1 60 -1 76 -1 76 -1 87 -1 87 -1 60 -1 60 -1 65 -1 60 -1 70 -1 65 -1 -2
65 -1 60 -1 86 -1 64 -1 60 -1 60 -1 60 -1 60 -1 81 -1 76 -1 60 -1 65 -1 60 -1 65 -1 64 -1 60 -1 60 -1 65 -1 65 -1 65 -1 60 -1 60 -1 65 -1 65 -1 60 -1 60 -1 65 -1 65 -1 70 -1 65 -1 65 -1 60 -1 65 -1 60 -1 65 -1 60 -1 65 -1 86 -1 70 -1 60 -1 65 -1 60 -1 65 -1 -2
65 -1 65 -1 65 -1 60 -1 60 -1 60 -1 65 -1 75 -1 65 -1 60 -1 65 -1 60 -1 60 -1 65 -1 60 -1 65 -1 60 -1 65 -1 81 -1 76 -1 60 -1 60 -1 65 -1 60 -1 60 -1 75 -1 65 -1 65 -1 65 -1 65 -1 60 -1 60 -1 65 -1 60 -1 60 -1 60 -1 -2
60 -1 65 -1 70 -1 65 -1 65 -1 60 -1 65 -1 65 -1 60 -1 65 -1 64 -1 65 -1 70 -1 70 -1 60 -1 65 -1 60 -1 60 -1 60 -1 65 -1 60 -1 60 -1 60 -1 76 -1 65 -1 65 -1 65 -1 60 -1 65 -1 60 -1 65 -1 64 -1 65 -1 60 -1 60 -1 65 -1 65 -1 60 -1 65 -1 65 -1 60 -1 65 -1 65 -1 81 -1 60 -1 65 -1 70 -1 -2
65 -1 60 -1 60 -1 60 -1 65 -1 81 -1 60 -1 60 -1 65 -1 70 -1 65 -1 60 -1 65 -1 65 -1 60 -1 65 -1 65 -1 70 -1 60 -1 65 -1 60 -1 60 -1 65 -1 60 -1 60 -1 65 -1 60 -1 65 -1 65 -1 65 -1 65 -1 60 -1 65 -1 86 -1 -2
60 -1 65 -1 65 -1 65 -1 65 -1 65 -1 65 -1 70 -1 60 -1 60 -1 60 -1 65 -1 60 -1 60 -1 65 -1 65 -1 65 -1 60 -1 65 -1 60 -1 65 -1 60 -1 65 -1 60 -1 70 -1 60 -1 65 -1 60 -1 65 -1 60 -1 65 -1 65 -1 65 -1 60 -1 65 -1 60 -1 65 -1 87 -1 -2
60 -1 60 -1 65 -1 60 -1 65 -1 60 -1 60 -1 65 -1 60 -1 60 -1 76 -1 65 -1 65 -1 60 -1 60 -1 65 -1 60 -1 65 -1 60 -1 60 -1 81 -1 65 -1 60 -1 60 -1 60 -1 60 -1 60 -1 65 -1 65 -1 65 -1 60 -1 -2
65 -1 60 -1 60 -1 65 -1 60 -1 60 -1 60 -1 65 -1 65 -1 70 -1 60 -1 65 -1 60 -1 70 -1 60 -1 65 -1 60 -1 65 -1 65 -1 65 -1 60 -1 65 -1 65 -1 65 -1 60 -1 60 -1 60 -1 64 -1 60 -1 65 -1 81 -1 70 -1 60 -1 65 -1 60 -1 70 -1 65 -1 60 -1 65 -1 65 -1 65 -1 -2
60 -1 60 -1 65 -1 60 -1 60 -1 65 -1 65 -1 65 -1 60 -1 65 -1 60 -1 65 -1 60 -1 60 -1 65 -1 65 -1 65 -1 60 -1 60 -1 65 -1 60 -1 60 -1 65 -1 65 -1 65 -1 60 -1 70 -1 81 -1 60 -1 65 -1 65 -1 60 -1 60 -1 65 -1 65 -1 65 -1 70 -1 -2
60 -1 65 -1 60 -1 65 -1 65 -1 60 -1 60 -1 65 -1 60 -1 65 -1 65 -1 60 -1 60 -1 65 -1 65 -1 60 -1 65 -1 76 -1 65 -1 60 -1 65 -1 60 -1 60 -1 60 -1 65 -1 60 -1 60 -1 65 -1 60 -1 60 -1 65 -1 65 -1 -2
65 -1 65 -1 60 -1 60 -1 65 -1 76 -1 60 -1 60 -1 65 -1 65 -1 60 -1 70 -1 65 -1 65 -1 60 -1 60 -1 60 -1 60 -1 60 -1 65 -1 75 -1 65 -1 65 -1 65 -1 70 -1 65 -1 65 -1 65 -1 60 -1 70 -1 60 -1 65 -1 65 -1 65 -1 70 -1 60 -1 60 -1 64 -1 60 -1 76 -1 60 -1 60 -1 60 -1 70 -1 65 -1 65 -1 65 -1 60 -1 65 -1 -2
65 -1 60 -1 65 -1 65 -1 75 -1 65 -1 65 -1 60 -1 60 -1 60 -1 60 -1 60 -1 70 -1 81 -1 60 -1 76 -1 60 -1 65 -1 65 -1 60 -1 70 -1 65 -1 76 -1 60 -1 60 -1 70 -1 60 -1 60 -1 60 -1 70 -1 65 -1 60 -1 65 -1 60 -1 -2
65 -1 60 -1 76 -1 65 -1 70 -1 60 -1 60 -1 60 -1 60 -1 60 -1 65 -1 65 -1 65 -1 65 -1 65 -1 60 -1 60 -1 60 -1 65 -1 60 -1 60 -1 76 -1 65 -1 65 -1 65 -1 60 -1 60 -1 65 -1 60 -1 60 -1 60 -1 65 -1 65 -1 60 -1 60 -1 65 -1 60 -1 65 -1 60 -1 65 -1 -2
60 -1 97 -1 65 -1 65 -1 60 -1 65 -1 60 -1 60 -1 65 -1 69 -1 65 -1 70 -1 60 -1 65 -1 65 -1 60 -1 65 -1 65 -1 65 -1 60 -1 60 -1 65 -1 70 -1 60 -1 70 -1 64 -1 65 -1 60 -1 65 -1 60 -1 65 -1 65 -1 60 -1 65 -1 60 -1 65 -1 60 -1 65 -1 60 -1 81 -1 60 -1 76 -1 65 -1 60 -1 60 -1 60 -1 60 -1 60 -1 65 -1 65 -1 -2
60 -1 65 -1 60 -1 65 -1 60 -1 65 -1 65 -1 60 -1 60 -1 65 -1 60 -1 70 -1 60 -1 60 -1 65 -1 60 -1 65 -1 60 -1 70 -1 65 -1 65 -1 60 -1 65 -1 60 -1 60 -1 65 -1 60 -1 65 -1 65 -1 60 -1 65 -1 65 -1 60 -1 65 -1 65 -1 60 -1 60 -1 70 -1 65 -1 65 -1 65 -1 60 -1 60 -1 76 -1 65 -1 60 -1 60 -1 70 -1 60 -1 65 -1 60 -1 60 -1 60 -1 60 -1 -2
80 -1 60 -1 60 -1 60 -1 65 -1 65 -1 60 -1 60 -1 65 -1 65 -1 60 -1 65 -1 65 -1 60 -1 60 -1 65 -1 65 -1 60 -1 60 -1 65 -1 65 -1 60 -1 65 -1 60 -1 60 -1 60 -1 65 -1 65 -1 -2
65 -1 76 -1 65 -1 60 -1 65 -1 60 -1 65 -1 65 -1 65 -1 60 -1 65 -1 60 -1 60 -1 60 -1 102 -1 60 -1 60 -1 65 -1 70 -1 70 -1 60 -1 60 -1 65 -1 60 -1 65 -1 65 -1 70 -1 65 -1 60 -1 65 -1 65 -1 65 -1 60 -1 60 -1 65 -1 65 -1 76 -1 60 -1 70 -1 60 -1 70 -1 -2
60 -1 60 -1 65 -1 60 -1 60 -1 60 -1 65 -1 60 -1 65 -1 65 -1 76 -1 65 -1 60 -1 70 -1 65 -1 65 -1 60 -1 60 -1 60 -1 85 -1 60 -1 60 -1 65 -1 76 -1 60 -1 60 -1 81 -1 65 -1 65 -1 60 -1 70 -1 -2
65 -1 60 -1 65 -1 60 -1 60 -1 65 -1 60 -1 60 -1 65 -1 60 -1 65 -1 60 -1 65 -1 -2
60 -1 60 -1 75 -1 60 -1 65 -1 60 -1 65 -1 60 -1 65 -1 65 -1 60 -1 65 -1 65 -1 70 -1 60 -1 60 -1 60 -1 65 -1 65 -1 65 -1 60 -1 65 -1 60 -1 65 -1 60 -1 70 -1 60 -1 75 -1 -2
76 -1 65 -1 76 -1 65 -1 76 -1 60 -1 60 -1 60 -1 65 -1 70 -1 64 -1 70 -1 65 -1 60 -1 60 -1 60 -1 60 -1 60 -1 65 -1 65 -1 65 -1 65 -1 65 -1 65 -1 60 -1 70 -1 60 -1 65 -1 65 -1 60 -1 65 -1 60 -1 96 -1 75 -1 60 -1 76 -1 60 -1 65 -1 60 -1 65 -1 60 -1 -2
65 -1 60 -1 65 -1 65 -1 65 -1 65 -1 60 -1 60 -1 60 -1 60 -1 60 -1 65 -1 76 -1 87 -1 60 -1 65 -1 60 -1 60 -1 60 -1 65 -1 65 -1 60 -1 65 -1 65 -1 65 -1 60 -1 60 -1 60 -1 60 -1 65 -1 65 -1 65 -1 65 -1 -2
60 -1 65 -1 60 -1 60 -1 65 -1 65 -1 60 -1 60 -1 60 -1 76 -1 87 -1 60 -1 60 -1 81 -1 60 -1 70 -1 60 -1 65 -1 65 -1 65 -1 65 -1 60 -1 60 -1 60 -1 64 -1 76 -1 65 -1 65 -1 60 -1 60 -1 60 -1 76 -1 60 -1 65 -1 60 -1 70 -1 70 -1 65 -1 60 -1 60 -1 65 -1 60 -1 60 -1 65 -1 76 -1 60 -1 -2
60 -1 60 -1 65 -1 60 -1 65 -1 65 -1 60 -1 70 -1 65 -1 65 -1 60 -1 75 -1 60 -1 65 -1 60 -1 60 -1 65 -1 70 -1 65 -1 65 -1 60 -1 70 -1 70 -1 60 -1 60 -1 65 -1 65 -1 65 -1 60 -1 60 -1 60 -1 70 -1 65 -1 60 -1 75 -1 60 -1 81 -1 65 -1 -2
65 -1 65 -1 60 -1 65 -1 60 -1 65 -1 60 -1 65 -1 65 -1 65 -1 65 -1 60 -1 60 -1 60 -1 70 -1 65 -1 60 -1 76 -1 60 -1 60 -1 60 -1 70 -1 65 -1 60 -1 65 -1 60 -1 60 -1 75 -1 65 -1 60 -1 65 -1 60 -1 -2
60 -1 60 -1 70 -1 65 -1 65 -1 65 -1 65 -1 60 -1 60 -1 60 -1 65 -1 80 -1 60 -1 65 -1 65 -1 65 -1 60 -1 60 -1 65 -1 70 -1 65 -1 65 -1 60 -1 60 -1 60 -1 60 -1 60 -1 65 -1 65 -1 76 -1 65 -1 60 -1 65 -1 60 -1 75 -1 60 -1 60 -1 60 -1 -2
60 -1 70 -1 60 -1 65 -1 65 -1 60 -1 65 -1 60 -1 65 -1 60 -1 60 -1 76 -1 76 -1 60 -1 60 -1 60 -1 65 -1 64 -1 60 -1 70 -1 65 -1 60 -1 65 -1 60 -1 65 -1 60 -1 65 -1 65 -1 60 -1 81 -1 65 -1 60 -1 65 -1 65 -1 60 -1 60 -1 60 -1 60 -1 65 -1 60 -1 60 -1 65 -1 60 -1 65 -1 -2
60 -1 60 -1 70 -1 65 -1 65 -1 65 -1 65 -1 60 -1 60 -1 76 -1 65 -1 60 -1 65 -1 60 -1 86 -1 60 -1 60 -1 81 -1 60 -1 65 -1 60 -1 60 -1 65 -1 60 -1 60 -1 65 -1 65 -1 60 -1 65 -1 65 -1 60 -1 60 -1 60 -1 65 -1 60 -1 60 -1 65 -1 65 -1 65 -1 65 -1 60 -1 65 -1 60 -1 -2
64 -1 65 -1 60 -1 60 -1 65 -1 60 -1 60 -1 60 -1 60 -1 65 -1 65 -1 65 -1 60 -1 60 -1 60 -1 65 -1 65 -1 65 -1 65 -1 65 -1 65 -1 65 -1 60 -1 65 -1 60 -1 60 -1 65 -1 75 -1 65 -1 60 -1 60 -1 60 -1 65 -1 60 -1 65 -1 65 -1 65 -1 65 -1 65 -1 60 -1 -2
65 -1 60 -1 65 -1 70 -1 60 -1 76 -1 60 -1 70 -1 65 -1 60 -1 64 -1 65 -1 60 -1 65 -1 60 -1 60 -1 65 -1 65 -1 60 -1 65 -1 60 -1 65 -1 60 -1 86 -1 60 -1 76 -1 60 -1 65 -1 65 -1 60 -1 60 -1 60 -1 76 -1 60 -1 65 -1 60 -1 65 -1 65 -1 60 -1 60 -1 60 -1 60 -1 -2
60 -1 75 -1 65 -1 60 -1 65 -1 65 -1 65 -1 60 -1 60 -1 65 -1 60 -1 60 -1 65 -1 65 -1 65 -1 60 -1 60 -1 70 -1 65 -1 65 -1 70 -1 60 -1 65 -1 60 -1 60 -1 65 -1 60 -1 60 -1 65 -1 65 -1 60 -1 64 -1 65 -1 65 -1 60 -1 60 -1 65 -1 76 -1 70 -1 65 -1 60 -1 -2
60 -1 60 -1 60 -1 60 -1 65 -1 65 -1 60 -1 86 -1 97 -1 65 -1 87 -1 86 -1 96 -1 85 -1 75 -1 65 -1 75 -1 60 -1 65 -1 60 -1 76 -1 65 -1 65 -1 60 -1 60 -1 60 -1 92 -1 60 -1 70 -1 65 -1 60 -1 65 -1 60 -1 60 -1 81 -1 60 -1 70 -1 65 -1 60 -1 75 -1 60 -1 60 -1 -2
76 -1 60 -1 60 -1 65 -1 60 -1 81 -1 65 -1 65 -1 60 -1 60 -1 65 -1 60 -1 60 -1 60 -1 60 -1 65 -1 60 -1 87 -1 65 -1 60 -1 65 -1 60 -1 75 -1 65 -1 60 -1 65 -1 60 -1 70 -1 64 -1 65 -1 65 -1 65 -1 60 -1 86 -1 60 -1 60 -1 65 -1 70 -1 60 -1 60 -1 65 -1 60 -1 60 -1 65 -1 70 -1 60 -1 65 -1 -2
86 -1 76 -1 60 -1 81 -1 70 -1 60 -1 60 -1 65 -1 60 -1 60 -1 65 -1 60 -1 60 -1 65 -1 65 -1 65 -1 60 -1 65 -1 65 -1 60 -1 60 -1 65 -1 60 -1 60 -1 60 -1 65 -1 65 -1 60 -1 65 -1 65 -1 60 -1 65 -1 60 -1 65 -1 60 -1 -2
60 -1 60 -1 60 -1 60 -1 81 -1 60 -1 65 -1 65 -1 65 -1 65 -1 60 -1 70 -1 60 -1 60 -1 65 -1 65 -1 60 -1 64 -1 65 -1 65 -1 60 -1 65 -1 60 -1 75 -1 65 -1 60 -1 60 -1 76 -1 65 -1 60 -1 60 -1 65 -1 65 -1 64 -1 60 -1 65 -1 65 -1 65 -1 60 -1 -2
65 -1 70 -1 60 -1 70 -1 60 -1 60 -1 65 -1 65 -1 65 -1 60 -1 60 -1 65 -1 60 -1 60 -1 65 -1 75 -1 60 -1 65 -1 65 -1 60 -1 70 -1 65 -1 60 -1 65 -1 60 -1 65 -1 60 -1 60 -1 60 -1 65 -1 65 -1 60 -1 60 -1 60 -1 76 -1 65 -1 76 -1 -2
65 -1 60 -1 60 -1 75 -1 60 -1 65 -1 60 -1 65 -1 60 -1 65 -1 60 -1 65 -1 60 -1 65 -1 60 -1 60 -1 65 -1 65 -1 65 -1 65 -1 60 -1 60 -1 76 -1 60 -1 60 -1 60 -1 60 -1 70 -1 81 -1 81 -1 65 -1 -2
60 -1 65 -1 70 -1 60 -1 65 -1 65 -1 65 -1 65 -1 60 -1 60 -1 65 -1 60 -1 65 -1 60 -1 60 -1 60 -1 60 -1 65 -1 60 -1 65 -1 70 -1 81 -1 65 -1 65 -1 60 -1 60 -1 60 -1 85 -1 85 -1 65 -1 65 -1 60 -1 65 -1 60 -1 60 -1 65 -1 65 -1 65 -1 60 -1 65 -1 -2
65 -1 60 -1 65 -1 60 -1 65 -1 65 -1 65 -1 70 -1 75 -1 60 -1 60 -1 76 -1 60 -1 60 -1 65 -1 65 -1 65 -1 60 -1 60 -1 60 -1 60 -1 60 -1 65 -1 65 -1 65 -1 60 -1 60 -1 65 -1 65 -1 65 -1 60 -1 65 -1 60 -1 60 -1 65 -1 65 -1 65 -1 70 -1 70 -1 -2
70 -1 70 -1 65 -1 70 -1 60 -1 65 -1 65 -1 60 -1 60 -1 60 -1 65 -1 60 -1 60 -1 65 -1 60 -1 60 -1 60 -1 65 -1 65 -1 60 -1 65 -1 65 -1 65 -1 60 -1 60 -1 60 -1 65 -1 65 -1 87 -1 60 -1 65 -1 60 -1 76 -1 60 -1 60 -1 -2
65 -1 60 -1 60 -1 70 -1 60 -1 65 -1 60 -1 65 -1 60 -1 65 -1 60 -1 65 -1 -2
65 -1 70 -1 64 -1 65 -1 60 -1 65 -1 60 -1 75 -1 60 -1 65 -1 65 -1 65 -1 65 -1 65 -1 60 -1 60 -1 60 -1 75 -1 65 -1 60 -1 60 -1 70 -1 60 -1 92 -1 92 -1 97 -1 65 -1 65 -1 65 -1 65 -1 65 -1 60 -1 70 -1 60 -1 65 -1 60 -1 65 -1 60 -1 60 -1 60 -1 65 -1 60 -1 70 -1 65 -1 -2
65 -1 60 -1 65 -1 60 -1 65 -1 60 -1 60 -1 65 -1 60 -1 65 -1 60 -1 65 -1 65 -1 60 -1 65 -1 65 -1 65 -1 60 -1 65 -1 60 -1 60 -1 60 -1 65 -1 60 -1 65 -1 65 -1 65 -1 60 -1 65 -1 60 -1 60 -1 65 -1 60 -1 60 -1 60 -1 65 -1 60 -1 60 -1 60 -1 70 -1 65 -1 -2
76 -1 65 -1 60 -1 60 -1 70 -1 81 -1 60 -1 70 -1 60 -1 65 -1 60 -1 60 -1 70 -1 60 -1 65 -1 65 -1 65 -1 60 -1 65 -1 65 -1 60 -1 60 -1 65 -1 60 -1 60 -1 65 -1 60 -1 60 -1 65 -1 60 -1 65 -1 65 -1 60 -1 65 -1 60 -1 76 -1 60 -1 60 -1 -2
65 -1 60 -1 65 -1 65 -1 65 -1 60 -1 65 -1 60 -1 65 -1 60 -1 60 -1 60 -1 70 -1 86 -1 60 -1 60 -1 65 -1 60 -1 65 -1 60 -1 60 -1 60 -1 65 -1 65 -1 65 -1 65 -1 65 -1 65 -1 60 -1 60 -1 60 -1 65 -1 60 -1 65 -1 65 -1 60 -1 65 -1 -2
92 -1 60 -1 60 -1 60 -1 65 -1 65 -1 65 -1 65 -1 60 -1 65 -1 60 -1 65 -1 60 -1 65 -1 60 -1 60 -1 65 -1 60 -1 65 -1 65 -1 65 -1 60 -1 60 -1 65 -1 -2
60 -1 60 -1 60 -1 60 -1 65 -1 65 -1 65 -1 65 -1 60 -1 65 -1 65 -1 60 -1 65 -1 60 -1 60 -1 60 -1 65 -1 65 -1 65 -1 65 -1 60 -1 60 -1 60 -1 65 -1 70 -1 60 -1 60 -1 76 -1 70 -1 65 -1 65 -1 60 -1 60 -1 60 -1 60 -1 65 -1 60 -1 65 -1 60 -1 60 -1 65 -1 60 -1 60 -1 65 -1 65 -1 65 -1 60 -1 65 -1 60 -1 -2
81 -1 65 -1 60 -1 65 -1 65 -1 60 -1 60 -1 65 -1 60 -1 76 -1 60 -1 60 -1 60 -1 65 -1 65 -1 65 -1 60 -1 60 -1 60 -1 87 -1 60 -1 60 -1 65 -1 65 -1 60 -1 65 -1 60 -1 75 -1 60 -1 65 -1 60 -1 76 -1 60 -1 60 -1 60 -1 60 -1 70 -1 65 -1 65 -1 65 -1 65 -1 65 -1 60 -1 65 -1 65 -1 65 -1 60 -1 -2
60 -1 60 -1 60 -1 60 -1 64 -1 75 -1 75 -1 60 -1 65 -1 65 -1 60 -1 60 -1 65 -1 60 -1 60 -1 65 -1 65 -1 65 -1 60 -1 65 -1 65 -1 65 -1 76 -1 60 -1 70 -1 60 -1 60 -1 64 -1 60 -1 64 -1 65 -1 76 -1 76 -1 60 -1 60 -1 60 -1 60 -1 65 -1 65 -1 60 -1 -2
65 -1 60 -1 65 -1 65 -1 60 -1 65 -1 60 -1 60 -1 60 -1 65 -1 65 -1 60 -1 60 -1 65 -1 65 -1 60 -1 60 -1 65 -1 70 -1 65 -1 65 -1 60 -1 60 -1 70 -1 65 -1 60 -1 60 -1 65 -1 65 -1 70 -1 60 -1 65 -1 60 -1 65 -1 60 -1 65 -1 65 -1 60 -1 65 -1 70 -1 75 -1 76 -1 -2
60 -1 60 -1 60 -1 65 -1 65 -1 65 -1 76 -1 60 -1 60 -1 65 -1 65 -1 60 -1 60 -1 64 -1 60 -1 65 -1 81 -1 60 -1 65 -1 60 -1 65 -1 60 -1 65 -1 92 -1 65 -1 60 -1 60 -1 60 -1 65 -1 60 -1 60 -1 65 -1 60 -1 60 -1 65 -1 65 -1 -2
65 -1 60 -1 65 -1 65 -1 60 -1 60 -1 60 -1 65 -1 65 -1 70 -1 65 -1 60 -1 65 -1 60 -1 70 -1 60 -1 60 -1 65 -1 65 -1 60 -1 65 -1 60 -1 70 -1 60 -1 65 -1 65 -1 60 -1 60 -1 65 -1 -2
70 -1 65 -1 60 -1 65 -1 65 -1 60 -1 65 -1 65 -1 60 -1 60 -1 65 -1 81 -1 60 -1 65 -1 65 -1 60 -1 60 -1 81 -1 60 -1 65 -1 60 -1 60 -1 65 -1 65 -1 60 -1 60 -1 81 -1 65 -1 60 -1 -2
60 -1 65 -1 65 -1 60 -1 60 -1 65 -1 65 -1 65 -1 65 -1 70 -1 60 -1 65 -1 60 -1 60 -1 60 -1 65 -1 65 -1 60 -1 60 -1 65 -1 60 -1 65 -1 65 -1 60 -1 60 -1 65 -1 65 -1 60 -1 60 -1 65 -1 60 -1 65 -1 60 -1 65 -1 65 -1 60 -1 60 -1 60 -1 65 -1 65 -1 70 -1 -2
60 -1 65 -1 60 -1 60 -1 60 -1 76 -1 60 -1 65 -1 65 -1 65 -1 65 -1 65 -1 65 -1 102 -1 60 -1 65 -1 60 -1 60 -1 60 -1 65 -1 60 -1 70 -1 64 -1 65 -1 65 -1 60 -1 65 -1 81 -1 60 -1 75 -1 60 -1 70 -1 81 -1 87 -1 60 -1 60 -1 65 -1 60 -1 -2
65 -1 65 -1 65 -1 60 -1 60 -1 65 -1 60 -1 60 -1 65 -1 65 -1 65 -1 70 -1 60 -1 65 -1 60 -1 60 -1 60 -1 65 -1 65 -1 70 -1 60 -1 65 -1 65 -1 60 -1 60 -1 60 -1 65 -1 60 -1 65 -1 60 -1 65 -1 65 -1 65 -1 60 -1 65 -1 60 -1 65 -1 76 -1 60 -1 65 -1 60 -1 60 -1 70 -1 60 -1 86 -1 65 -1 60 -1 -2
60 -1 65 -1 60 -1 60 -1 60 -1 70 -1 60 -1 60 -1 60 -1 65 -1 65 -1 65 -1 70 -1 60 -1 65 -1 65 -1 65 -1 60 -1 65 -1 60 -1 64 -1 65 -1 65 -1 60 -1 60 -1 60 -1 65 -1 60 -1 65 -1 60 -1 65 -1 65 -1 76 -1 60 -1 60 -1 60 -1 60 -1 65 -1 60 -1 70 -1 65 -1 65 -1 60 -1 60 -1 70 -1 -2
65 -1 60 -1 70 -1 65 -1 60 -1 60 -1 60 -1 60 -1 60 -1 76 -1 65 -1 60 -1 60 -1 65 -1 65 -1 60 -1 60 -1 60 -1 65 -1 65 -1 60 -1 60 -1 65 -1 60 -1 65 -1 65 -1 65 -1 65 -1 60 -1 65 -1 60 -1 60 -1 60 -1 60 -1 65 -1 60 -1 76 -1 -2
60 -1 60 -1 65 -1 65 -1 60 -1 60 -1 60 -1 65 -1 60 -1 70 -1 65 -1 65 -1 60 -1 65 -1 60 -1 60 -1 65 -1 60 -1 60 -1 65 -1 60 -1 65 -1 65 -1 60 -1 65 -1 60 -1 65 -1 60 -1 60 -1 60 -1 60 -1 65 -1 65 -1 -2
60 -1 65 -1 60 -1 65 -1 60 -1 81 -1 60 -1 65 -1 60 -1 65 -1 60 -1 65 -1 65 -1 60 -1 81 -1 60 -1 60 -1 60 -1 65 -1 65 -1 76 -1 60 -1 64 -1 64 -1 65 -1 65 -1 65 -1 65 -1 60 -1 60 -1 60 -1 60 -1 60 -1 60 -1 60 -1 65 -1 98 -1 65 -1 60 -1 76 -1 60 -1 60 -1 -2
65 -1 60 -1 65 -1 65 -1 60 -1 65 -1 60 -1 60 -1 65 -1 65 -1 60 -1 60 -1 65 -1 65 -1 65 -1 65 -1 60 -1 60 -1 64 -1 65 -1 65 -1 65 -1 60 -1 60 -1 60 -1 60 -1 60 -1 65 -1 65 -1 70 -1 65 -1 65 -1 60 -1 65 -1 60 -1 65 -1 60 -1 60 -1 70 -1 -2
65 -1 65 -1 92 -1 65 -1 65 -1 65 -1 60 -1 60 -1 65 -1 60 -1 70 -1 60 -1 60 -1 60 -1 65 -1 60 -1 65 -1 60 -1 65 -1 65 -1 65 -1 65 -1 60 -1 60 -1 60 -1 65 -1 65 -1 60 -1 -2
60 -1 60 -1 65 -1 70 -1 65 -1 60 -1 76 -1 60 -1 81 -1 65 -1 60 -1 60 -1 81 -1 60 -1 81 -1 60 -1 65 -1 65 -1 60 -1 70 -1 65 -1 65 -1 60 -1 60 -1 65 -1 65 -1 60 -1 70 -1 60 -1 70 -1 70 -1 65 -1 60 -1 65 -1 60 -1 65 -1 65 -1 60 -1 60 -1 70 -1 60 -1 60 -1 65 -1 65 -1 60 -1 65 -1 60 -1 60 -1 -2
60 -1 65 -1 60 -1 65 -1 65 -1 60 -1 60 -1 65 -1 60 -1 65 -1 60 -1 65 -1 65 -1 60 -1 76 -1 60 -1 60 -1 60 -1 65 -1 60 -1 65 -1 60 -1 65 -1 60 -1 60 -1 65 -1 60 -1 60 -1 60 -1 65 -1 65 -1 60 -1 65 -1 60 -1 60 -1 65 -1 60 -1 76 -1 65 -1 -2
60 -1 65 -1 70 -1 60 -1 87 -1 60 -1 65 -1 70 -1 65 -1 60 -1 65 -1 60 -1 69 -1 76 -1 60 -1 60 -1 65 -1 70 -1 65 -1 60 -1 65 -1 60 -1 60 -1 60 -1 60 -1 65 -1 65 -1 65 -1 60 -1 65 -1 65 -1 65 -1 76 -1 60 -1 60 -1 76 -1 60 -1 60 -1 70 -1 -2
60 -1 60 -1 76 -1 65 -1 65 -1 65 -1 81 -1 60 -1 60 -1 65 -1 65 -1 60 -1 60 -1 70 -1 60 -1 76 -1 60 -1 60 -1 60 -1 65 -1 70 -1 65 -1 60 -1 60 -1 65 -1 65 -1 60 -1 65 -1 60 -1 70 -1 60 -1 -2
65 -1 65 -1 60 -1 60 -1 60 -1 70 -1 65 -1 65 -1 65 -1 60 -1 65 -1 60 -1 65 -1 60 -1 65 -1 65 -1 60 -1 60 -1 65 -1 60 -1 65 -1 65 -1 60 -1 60 -1 65 -1 60 -1 60 -1 65 -1 60 -1 65 -1 60 -1 70 -1 60 -1 65 -1 60 -1 60 -1 60 -1 60 -1 65 -1 60 -1 -2
65 -1 65 -1 60 -1 65 -1 65 -1 65 -1 86 -1 60 -1 60 -1 60 -1 60 -1 60 -1 65 -1 65 -1 60 -1 65 -1 60 -1 70 -1 65 -1 65 -1 60 -1 65 -1 81 -1 60 -1 65 -1 60 -1 65 -1 60 -1 65 -1 65 -1 60 -1 65 -1 65 -1 60 -1 60 -1 60 -1 60 -1 65 -1 65 -1 70 -1 -2
65 -1 60 -1 70 -1 65 -1 65 -1 60 -1 65 -1 60 -1 60 -1 60 -1 70 -1 65 -1 65 -1 60 -1 65 -1 65 -1 60 -1 60 -1 65 -1 65 -1 60 -1 60 -1 65 -1 65 -1 65 -1 65 -1 60 -1 65 -1 60 -1 60 -1 60 -1 60 -1 65 -1 70 -1 60 -1 60 -1 65 -1 65 -1 70 -1 60 -1 65 -1 65 -1 60 -1 60 -1 -2
60 -1 65 -1 65 -1 65 -1 64 -1 65 -1 65 -1 70 -1 70 -1 60 -1 60 -1 65 -1 65 -1 60 -1 60 -1 60 -1 65 -1 60 -1 65 -1 60 -1 70 -1 65 -1 76 -1 65 -1 60 -1 65 -1 60 -1 65 -1 60 -1 60 -1 60 -1 60 -1 65 -1 60 -1 65 -1 65 -1 60 -1 65 -1 65 -1 60 -1 65 -1 60 -1 70 -1 60 -1 65 -1 -2
81 -1 60 -1 60 -1 65 -1 65 -1 65 -1 60 -1 60 -1 76 -1 76 -1 60 -1 60 -1 60 -1 65 -1 60 -1 60 -1 65 -1 60 -1 65 -1 65 -1 65 -1 60 -1 60 -1 60 -1 60 -1 76 -1 60 -1 60 -1 65 -1 65 -1 -2
60 -1 65 -1 60 -1 60 -1 60 -1 60 -1 65 -1 65 -1 60 -1 65 -1 70 -1 65 -1 60 -1 60 -1 60 -1 60 -1 65 -1 65 -1 60 -1 65 -1 65 -1 65 -1 65 -1 60 -1 60 -1 60 -1 65 -1 60 -1 65 -1 60 -1 70 -1 60 -1 65 -1 65 -1 -2
92 -1 97 -1 134 -1 188 -1 60 -1 60 -1 81 -1 65 -1 60 -1 60 -1 65 -1 65 -1 60 -1 60 -1 65 -1 60 -1 65 -1 65 -1 65 -1 70 -1 60 -1 65 -1 60 -1 65 -1 92 -1 60 -1 60 -1 65 -1 60 -1 60 -1 65 -1 -2
60 -1 65 -1 60 -1 65 -1 65 -1 60 -1 60 -1 60 -1 65 -1 60 -1 60 -1 65 -1 65 -1 65 -1 60 -1 65 -1 60 -1 65 -1 60 -1 65 -1 60 -1 60 -1 65 -1 81 -1 60 -1 76 -1 65 -1 60 -1 65 -1 60 -1 60 -1 70 -1 60 -1 60 -1 -2
65 -1 60 -1 65 -1 65 -1 65 -1 60 -1 65 -1 60 -1 70 -1 75 -1 65 -1 65 -1 70 -1 60 -1 60 -1 65 -1 65 -1 60 -1 60 -1 65 -1 60 -1 65 -1 60 -1 65 -1 60 -1 60 -1 60 -1 65 -1 60 -1 65 -1 65 -1 60 -1 65 -1 60 -1 65 -1 60 -1 65 -1 65 -1 60 -1 -2
65 -1 65 -1 60 -1 65 -1 65 -1 60 -1 60 -1 65 -1 65 -1 60 -1 60 -1 65 -1 65 -1 65 -1 60 -1 60 -1 65 -1 65 -1 60 -1 65 -1 65 -1 60 -1 70 -1 60 -1 60 -1 65 -1 70 -1 60 -1 65 -1 60 -1 60 -1 70 -1 65 -1 60 -1 65 -1 60 -1 65 -1 -2
60 -1 60 -1 60 -1 70 -1 65 -1 65 -1 65 -1 60 -1 60 -1 60 -1 60 -1 65 -1 65 -1 65 -1 60 -1 65 -1 60 -1 60 -1 65 -1 65 -1 65 -1 60 -1 65 -1 60 -1 60 -1 60 -1 65 -1 65 -1 60 -1 65 -1 65 -1 60 -1 60 -1 60 -1 60 -1 60 -1 65 -1 -2
65 -1 60 -1 65 -1 65 -1 70 -1 65 -1 65 -1 60 -1 60 -1 65 -1 70 -1 70 -1 60 -1 60 -1 65 -1 60 -1 65 -1 60 -1 65 -1 65 -1 60 -1 60 -1 60 -1 65 -1 60 -1 65 -1 60 -1 65 -1 60 -1 65 -1 65 -1 60 -1 65 -1 65 -1 65 -1 65 -1 60 -1 65 -1 60 -1 65 -1 -2
65 -1 60 -1 65 -1 60 -1 65 -1 65 -1 60 -1 65 -1 92 -1 65 -1 60 -1 65 -1 70 -1 65 -1 60 -1 65 -1 124 -1 60 -1 60 -1 60 -1 65 -1 65 -1 60 -1 60 -1 60 -1 75 -1 60 -1 60 -1 65 -1 60 -1 65 -1 65 -1 60 -1 65 -1 65 -1 60 -1 65 -1 60 -1 60 -1 65 -1 60 -1 76 -1 65 -1 60 -1 70 -1 60 -1 65 -1 -2
70 -1 65 -1 60 -1 65 -1 60 -1 60 -1 60 -1 65 -1 65 -1 60 -1 60 -1 65 -1 65 -1 65 -1 65 -1 60 -1 70 -1 60 -1 60 -1 60 -1 60 -1 60 -1 60 -1 65 -1 65 -1 -2
65 -1 81 -1 60 -1 65 -1 65 -1 65 -1 65 -1 65 -1 60 -1 65 -1 60 -1 75 -1 65 -1 60 -1 65 -1 65 -1 60 -1 60 -1 65 -1 60 -1 60 -1 70 -1 60 -1 65 -1 60 -1 65 -1 65 -1 65 -1 60 -1 65 -1 60 -1 65 -1 65 -1 60 -1 65 -1 60 -1 60 -1 65 -1 65 -1 60 -1 60 -1 65 -1 60 -1 60 -1 65 -1 60 -1 76 -1 65 -1 60 -1 60 -1 -2
65 -1 60 -1 65 -1 60 -1 65 -1 65 -1 60 -1 60 -1 60 -1 60 -1 76 -1 65 -1 65 -1 60 -1 60 -1 60 -1 65 -1 65 -1 70 -1 65 -1 65 -1 65 -1 65 -1 60 -1 60 -1 60 -1 60 -1 60 -1 70 -1 65 -1 81 -1 65 -1 60 -1 -2
65 -1 60 -1 65 -1 65 -1 60 -1 65 -1 60 -1 65 -1 70 -1 65 -1 65 -1 70 -1 60 -1 70 -1 70 -1 70 -1 60 -1 65 -1 60 -1 65 -1 60 -1 60 -1 70 -1 65 -1 65 -1 65 -1 60 -1 60 -1 60 -1 60 -1 65 -1 60 -1 64 -1 65 -1 60 -1 65 -1 60 -1 -2
85 -1 60 -1 65 -1 65 -1 65 -1 65 -1 65 -1 60 -1 65 -1 60 -1 65 -1 60 -1 76 -1 60 -1 60 -1 60 -1 65 -1 60 -1 60 -1 60 -1 65 -1 76 -1 60 -1 65 -1 60 -1 60 -1 76 -1 60 -1 65 -1 65 -1 65 -1 64 -1 65 -1 -2
65 -1 65 -1 60 -1 65 -1 60 -1 60 -1 65 -1 65 -1 60 -1 60 -1 60 -1 60 -1 60 -1 65 -1 81 -1 65 -1 65 -1 65 -1 65 -1 60 -1 60 -1 65 -1 69 -1 65 -1 60 -1 60 -1 65 -1 60 -1 65 -1 60 -1 60 -1 65 -1 65 -1 65 -1 60 -1 81 -1 65 -1 70 -1 60 -1 60 -1 70 -1 60 -1 60 -1 65 -1 -2
65 -1 60 -1 60 -1 60 -1 65 -1 60 -1 65 -1 76 -1 65 -1 65 -1 70 -1 60 -1 60 -1 60 -1 60 -1 60 -1 70 -1 65 -1 76 -1 60 -1 65 -1 70 -1 65 -1 60 -1 65 -1 60 -1 76 -1 60 -1 60 -1 65 -1 65 -1 60 -1 65 -1 60 -1 60 -1 65 -1 76 -1 60 -1 65 -1 -2
65 -1 76 -1 70 -1 60 -1 60 -1 60 -1 60 -1 65 -1 60 -1 65 -1 60 -1 60 -1 60 -1 65 -1 65 -1 65 -1 60 -1 65 -1 60 -1 65 -1 60 -1 60 -1 65 -1 60 -1 65 -1 60 -1 70 -1 60 -1 60 -1 65 -1 60 -1 65 -1 65 -1 60 -1 65 -1 60 -1 70 -1 60 -1 70 -1 70 -1 -2
60 -1 64 -1 86 -1 60 -1 75 -1 60 -1 65 -1 60 -1 65 -1 60 -1 65 -1 76 -1 65 -1 60 -1 60 -1 65 -1 64 -1 60 -1 60 -1 65 -1 65 -1 65 -1 65 -1 65 -1 60 -1 65 -1 65 -1 60 -1 64 -1 60 -1 60 -1 65 -1 65 -1 60 -1 60 -1 60 -1 60 -1 76 -1 -2
65 -1 65 -1 65 -1 65 -1 65 -1 60 -1 65 -1 60 -1 60 -1 65 -1 60 -1 65 -1 60 -1 65 -1 65 -1 65 -1 65 -1 60 -1 60 -1 60 -1 65 -1 60 -1 60 -1 60 -1 65 -1 60 -1 65 -1 60 -1 65 -1 65 -1 70 -1 60 -1 65 -1 87 -1 60 -1 76 -1 60 -1 60 -1 60 -1 -2
60 -1 60 -1 65 -1 60 -1 65 -1 60 -1 65 -1 65 -1 65 -1 65 -1 65 -1 60 -1 60 -1 65 -1 60 -1 65 -1 60 -1 70 -1 65 -1 60 -1 65 -1 60 -1 60 -1 60 -1 60 -1 60 -1 70 -1 60 -1 65 -1 60 -1 65 -1 65 -1 60 -1 65 -1 65 -1 60 -1 60 -1 65 -1 70 -1 60 -1 70 -1 65 -1 65 -1 60 -1 -2
65 -1 65 -1 60 -1 76 -1 60 -1 65 -1 60 -1 60 -1 60 -1 65 -1 60 -1 60 -1 65 -1 60 -1 60 -1 76 -1 60 -1 65 -1 60 -1 60 -1 65 -1 65 -1 60 -1 60 -1 65 -1 60 -1 70 -1 65 -1 65 -1 60 -1 60 -1 65 -1 65 -1 65 -1 60 -1 65 -1 70 -1 60 -1 60 -1 -2
60 -1 65 -1 60 -1 65 -1 65 -1 60 -1 60 -1 65 -1 65 -1 65 -1 60 -1 65 -1 65 -1 60 -1 81 -1 60 -1 60 -1 65 -1 60 -1 65 -1 65 -1 86 -1 70 -1 92 -1 -2
60 -1 65 -1 60 -1 60 -1 65 -1 60 -1 65 -1 65 -1 70 -1 60 -1 76 -1 65 -1 60 -1 76 -1 60 -1 65 -1 60 -1 75 -1 60 -1 60 -1 60 -1 65 -1 60 -1 65 -1 65 -1 60 -1 65 -1 70 -1 60 -1 65 -1 60 -1 60 -1 76 -1 65 -1 65 -1 60 -1 -2
60 -1 60 -1 65 -1 60 -1 65 -1 65 -1 60 -1 60 -1 60 -1 60 -1 65 -1 65 -1 65 -1 60 -1 65 -1 60 -1 60 -1 60 -1 65 -1 65 -1 70 -1 65 -1 65 -1 60 -1 60 -1 65 -1 65 -1 65 -1 60 -1 60 -1 60 -1 70 -1 65 -1 65 -1 60 -1 60 -1 60 -1 65 -1 -2
70 -1 65 -1 60 -1 70 -1 65 -1 60 -1 65 -1 60 -1 65 -1 65 -1 60 -1 65 -1 75 -1 60 -1 60 -1 65 -1 60 -1 65 -1 65 -1 60 -1 70 -1 65 -1 60 -1 60 -1 65 -1 65 -1 60 -1 70 -1 60 -1 65 -1 65 -1 65 -1 65 -1 65 -1 86 -1 60 -1 65 -1 60 -1 65 -1 60 -1 70 -1 60 -1 60 -1 60 -1 70 -1 -2
60 -1 60 -1 65 -1 60 -1 65 -1 65 -1 60 -1 65 -1 60 -1 65 -1 60 -1 70 -1 60 -1 60 -1 60 -1 65 -1 76 -1 65 -1 65 -1 60 -1 70 -1 60 -1 65 -1 60 -1 65 -1 65 -1 65 -1 65 -1 60 -1 60 -1 65 -1 60 -1 60 -1 70 -1 -2
65 -1 60 -1 60 -1 92 -1 65 -1 65 -1 60 -1 65 -1 65 -1 65 -1 60 -1 60 -1 60 -1 60 -1 60 -1 65 -1 60 -1 65 -1 70 -1 65 -1 60 -1 65 -1 65 -1 60 -1 60 -1 65 -1 60 -1 60 -1 60 -1 65 -1 60 -1 65 -1 60 -1 65 -1 65 -1 65 -1 65 -1 60 -1 60 -1 65 -1 60 -1 65 -1 60 -1 91 -1 65 -1 -2
65 -1 60 -1 60 -1 65 -1 60 -1 60 -1 60 -1 76 -1 60 -1 65 -1 65 -1 65 -1 60 -1 65 -1 60 -1 65 -1 65 -1 70 -1 80 -1 65 -1 60 -1 65 -1 60 -1 65 -1 60 -1 60 -1 60 -1 60 -1 76 -1 65 -1 60 -1 60 -1 70 -1 -2
60 -1 85 -1 65 -1 85 -1 65 -1 65 -1 60 -1 65 -1 60 -1 60 -1 76 -1 65 -1 60 -1 60 -1 65 -1 60 -1 81 -1 65 -1 60 -1 65 -1 65 -1 60 -1 60 -1 64 -1 65 -1 60 -1 86 -1 60 -1 65 -1 76 -1 65 -1 60 -1 60 -1 86 -1 -2
65 -1 60 -1 91 -1 65 -1 70 -1 60 -1 65 -1 65 -1 60 -1 65 -1 60 -1 60 -1 65 -1 65 -1 60 -1 65 -1 65 -1 70 -1 60 -1 60 -1 60 -1 65 -1 70 -1 70 -1 60 -1 92 -1 60 -1 65 -1 60 -1 60 -1 80 -1 65 -1 98 -1 60 -1 60 -1 91 -1 -2
60 -1 65 -1 65 -1 60 -1 65 -1 65 -1 76 -1 60 -1 60 -1 60 -1 60 -1 65 -1 65 -1 65 -1 65 -1 60 -1 65 -1 60 -1 65 -1 60 -1 60 -1 65 -1 60 -1 75 -1 60 -1 65 -1 60 -1 65 -1 65 -1 65 -1 65 -1 65 -1 60 -1 60 -1 65 -1 81 -1 65 -1 60 -1 -2
60 -1 65 -1 65 -1 65 -1 65 -1 60 -1 70 -1 65 -1 60 -1 60 -1 65 -1 60 -1 65 -1 60 -1 81 -1 65 -1 60 -1 60 -1 70 -1 65 -1 60 -1 65 -1 70 -1 60 -1 60 -1 65 -1 60 -1 65 -1 60 -1 60 -1 65 -1 65 -1 65 -1 60 -1 60 -1 70 -1 75 -1 65 -1 60 -1 65 -1 70 -1 -2
76 -1 65 -1 65 -1 65 -1 65 -1 60 -1 81 -1 60 -1 60 -1 60 -1 65 -1 60 -1 81 -1 65 -1 65 -1 60 -1 65 -1 60 -1 65 -1 64 -1 75 -1 60 -1 60 -1 65 -1 60 -1 65 -1 60 -1 65 -1 60 -1 70 -1 60 -1 60 -1 65 -1 87 -1 97 -1 -2
76 -1 60 -1 65 -1 70 -1 60 -1 60 -1 65 -1 60 -1 65 -1 65 -1 60 -1 60 -1 65 -1 76 -1 60 -1 70 -1 60 -1 65 -1 65 -1 60 -1 60 -1 65 -1 65 -1 60 -1 65 -1 60 -1 65 -1 60 -1 60 -1 60 -1 65 -1 65 -1 70 -1 65 -1 60 -1 60 -1 60 -1 81 -1 60 -1 76 -1 65 -1 65 -1 60 -1 -2
65 -1 65 -1 65 -1 60 -1 76 -1 60 -1 65 -1 60 -1 60 -1 60 -1 60 -1 65 -1 60 -1 60 -1 60 -1 60 -1 60 -1 65 -1 65 -1 65 -1 60 -1 65 -1 65 -1 60 -1 65 -1 65 -1 60 -1 70 -1 65 -1 60 -1 60 -1 60 -1 60 -1 76 -1 -2
65 -1 60 -1 65 -1 65 -1 65 -1 60 -1 60 -1 76 -1 65 -1 76 -1 60 -1 60 -1 70 -1 65 -1 60 -1 60 -1 65 -1 60 -1 60 -1 60 -1 60 -1 65 -1 65 -1 60 -1 65 -1 60 -1 60 -1 65 -1 60 -1 65 -1 60 -1 92 -1 60 -1 -2
65 -1 65 -1 65 -1 60 -1 60 -1 60 -1 65 -1 65 -1 65 -1 60 -1 60 -1 65 -1 60 -1 60 -1 60 -1 65 -1 65 -1 65 -1 60 -1 65 -1 60 -1 60 -1 65 -1 60 -1 60 -1 70 -1 -2
60 -1 60 -1 60 -1 65 -1 65 -1 81 -1 65 -1 65 -1 60 -1 65 -1 65 -1 60 -1 60 -1 65 -1 65 -1 60 -1 65 -1 65 -1 75 -1 65 -1 60 -1 65 -1 60 -1 65 -1 60 -1 65 -1 60 -1 65 -1 70 -1 60 -1 60 -1 65 -1 60 -1 65 -1 60 -1 65 -1 60 -1 60 -1 76 -1 65 -1 60 -1 60 -1 60 -1 65 -1 60 -1 65 -1 81 -1 60 -1 -2
60 -1 85 -1 65 -1 65 -1 65 -1 60 -1 65 -1 60 -1 60 -1 60 -1 60 -1 65 -1 65 -1 65 -1 65 -1 60 -1 60 -1 76 -1 60 -1 60 -1 60 -1 70 -1 65 -1 65 -1 65 -1 60 -1 65 -1 60 -1 60 -1 65 -1 -2
65 -1 60 -1 65 -1 60 -1 60 -1 60 -1 60 -1 65 -1 65 -1 60 -1 65 -1 60 -1 65 -1 65 -1 65 -1 60 -1 60 -1 65 -1 65 -1 60 -1 75 -1 65 -1 60 -1 60 -1 60 -1 65 -1 60 -1 65 -1 65 -1 65 -1 60 -1 65 -1 60 -1 65 -1 60 -1 65 -1 60 -1 60 -1 65 -1 65 -1 65 -1 65 -1 60 -1 65 -1 -2
60 -1 60 -1 60 -1 65 -1 60 -1 60 -1 60 -1 60 -1 65 -1 65 -1 65 -1 60 -1 65 -1 65 -1 60 -1 60 -1 65 -1 65 -1 60 -1 65 -1 65 -1 65 -1 60 -1 60 -1 60 -1 60 -1 76 -1 98 -1 60 -1 60 -1 60 -1 65 -1 70 -1 75 -1 60 -1 65 -1 60 -1 65 -1 65 -1 60 -1 60 -1 65 -1 60 -1 60 -1 60 -1 65 -1 64 -1 65 -1 -2
65 -1 60 -1 60 -1 60 -1 60 -1 70 -1 86 -1 60 -1 65 -1 97 -1 60 -1 65 -1 60 -1 65 -1 65 -1 65 -1 60 -1 60 -1 65 -1 76 -1 60 -1 76 -1 60 -1 65 -1 60 -1 60 -1 60 -1 60 -1 65 -1 60 -1 60 -1 65 -1 60 -1 -2
70 -1 60 -1 65 -1 60 -1 76 -1 65 -1 65 -1 70 -1 60 -1 60 -1 65 -1 60 -1 65 -1 65 -1 70 -1 60 -1 60 -1 65 -1 65 -1 60 -1 70 -1 60 -1 65 -1 65 -1 60 -1 60 -1 70 -1 65 -1 60 -1 65 -1 65 -1 60 -1 75 -1 65 -1 92 -1 70 -1 65 -1 60 -1 65 -1 -2
60 -1 65 -1 60 -1 65 -1 60 -1 65 -1 65 -1 60 -1 65 -1 60 -1 65 -1 60 -1 65 -1 60 -1 65 -1 65 -1 65 -1 60 -1 81 -1 60 -1 60 -1 65 -1 65 -1 60 -1 65 -1 65 -1 60 -1 70 -1 60 -1 65 -1 60 -1 70 -1 60 -1 60 -1 65 -1 60 -1 75 -1 65 -1 60 -1 60 -1 65 -1 65 -1 65 -1 75 -1 65 -1 -2
65 -1 65 -1 65 -1 65 -1 60 -1 65 -1 70 -1 60 -1 60 -1 60 -1 60 -1 70 -1 60 -1 65 -1 65 -1 65 -1 65 -1 65 -1 60 -1 65 -1 60 -1 60 -1 76 -1 65 -1 64 -1 76 -1 65 -1 60 -1 60 -1 60 -1 60 -1 -2
65 -1 65 -1 65 -1 60 -1 60 -1 65 -1 60 -1 65 -1 64 -1 65 -1 60 -1 65 -1 60 -1 60 -1 60 -1 65 -1 65 -1 60 -1 65 -1 60 -1 65 -1 60 -1 60 -1 65 -1 60 -1 65 -1 60 -1 -2
62 -1 60 -1 92 -1 60 -1 65 -1 65 -1 60 -1 60 -1 65 -1 60 -1 60 -1 65 -1 65 -1 60 -1 81 -1 60 -1 65 -1 60 -1 65 -1 60 -1 65 -1 60 -1 81 -1 76 -1 65 -1 60 -1 60 -1 65 -1 65 -1 60 -1 64 -1 60 -1 70 -1 64 -1 60 -1 65 -1 60 -1 70 -1 65 -1 70 -1 -2
70 -1 65 -1 60 -1 60 -1 60 -1 60 -1 60 -1 60 -1 60 -1 75 -1 65 -1 65 -1 60 -1 65 -1 65 -1 60 -1 65 -1 65 -1 60 -1 65 -1 60 -1 60 -1 60 -1 65 -1 60 -1 81 -1 60 -1 65 -1 60 -1 70 -1 60 -1 65 -1 65 -1 -2
