44 -1 67 -1 44 -1 67 -1 44 -1 -2
67 -1 44 -1 67 -1 44 -1 67 -1 44 -1 -2
44 -1 44 -1 67 -1 44 -1 67 -1 -2
44 -1 67 -1 67 -1 44 -1 67 -1 -2
44 -1 67 -1 44 -1 67 -1 44 -1 67 -1 -2
44 -1 67 -1 67 -1 44 -1 67 -1 -2
67 -1 44 -1 67 -1 44 -1 67 -1 44 -1 -2
44 -1 437 -1 48 -1 67 -1 67 -1 -2
44 -1 67 -1 44 -1 67 -1 44 -1 67 -1 -2
44 -1 230 -1 67 -1 67 -1 44 -1 -2
44 -1 67 -1 44 -1 67 -1 44 -1 67 -1 -2
67 -1 44 -1 44 -1 67 -1 44 -1 -2
67 -1 67 -1 44 -1 67 -1 44 -1 -2
67 -1 44 -1 67 -1 44 -1 67 -1 44 -1 -2
44 -1 67 -1 44 -1 67 -1 44 -1 67 -1 -2
67 -1 44 -1 67 -1 44 -1 67 -1 44 -1 -2
67 -1 44 -1 67 -1 44 -1 67 -1 44 -1 -2
44 -1 67 -1 44 -1 67 -1 44 -1 -2
67 -1 67 -1 44 -1 67 -1 44 -1 -2
67 -1 44 -1 67 -1 67 -1 44 -1 -2
44 -1 67 -1 44 -1 67 -1 44 -1 67 -1 -2
