14 -1 14 -1 14 -1 14 -1 14 -1 14 -1 14 -1 14 -1 14 -1 14 -1 14 -1 14 -1 14 -1 14 -1 14 -1 14 -1 14 -1 14 -1 14 -1 14 -1 14 -1 14 -1 14 -1 14 -1 14 -1 14 -1 14 -1 14 -1 14 -1 14 -1 14 -1 14 -1 14 -1 14 -1 14 -1 14 -1 14 -1 14 -1 14 -1 14 -1 14 -1 14 -1 14 -1 14 -1 14 -1 14 -1 14 -1 14 -1 14 -1 14 -1 14 -1 14 -1 14 -1 14 -1 14 -1 14 -1 14 -1 14 -1 14 -1 14 -1 14 -1 14 -1 14 -1 14 -1 14 -1 14 -1 14 -1 14 -1 14 -1 14 -1 14 -1 14 -1 14 -1 14 -1 14 -1 14 -1 14 -1 14 -1 14 -1 14 -1 14 -1 14 -1 14 -1 14 -1 14 -1 14 -1 14 -1 14 -1 14 -1 14 -1 14 -1 14 -1 14 -1 14 -1 14 -1 14 -1 14 -1 14 -1 14 -1 14 -1 14 -1 14 -1 14 -1 14 -1 14 -1 14 -1 14 -1 14 -1 14 -1 14 -1 14 -1 14 -1 14 -1 14 -1 14 -1 14 -1 14 -1 14 -1 14 -1 14 -1 14 -1 -2
14 -1 14 -1 14 -1 14 -1 14 -1 14 -1 14 -1 14 -1 14 -1 14 -1 14 -1 14 -1 14 -1 14 -1 14 -1 14 -1 14 -1 14 -1 14 -1 14 -1 14 -1 14 -1 14 -1 14 -1 14 -1 14 -1 14 -1 14 -1 14 -1 14 -1 14 -1 14 -1 14 -1 14 -1 14 -1 14 -1 14 -1 14 -1 14 -1 14 -1 14 -1 14 -1 14 -1 14 -1 14 -1 14 -1 14 -1 14 -1 14 -1 14 -1 14 -1 14 -1 14 -1 14 -1 14 -1 14 -1 14 -1 14 -1 14 -1 14 -1 14 -1 14 -1 14 -1 14 -1 14 -1 14 -1 14 -1 14 -1 14 -1 14 -1 14 -1 14 -1 14 -1 14 -1 14 -1 14 -1 14 -1 14 -1 -2
14 -1 14 -1 14 -1 -2
14 -1 14 -1 14 -1 14 -1 14 -1 14 -1 14 -1 14 -1 14 -1 14 -1 14 -1 14 -1 14 -1 14 -1 14 -1 -2
14 -1 14 -1 14 -1 14 -1 14 -1 14 -1 14 -1 14 -1 14 -1 14 -1 14 -1 14 -1 14 -1 14 -1 14 -1 14 -1 14 -1 14 -1 14 -1 14 -1 14 -1 14 -1 -2
14 -1 14 -1 14 -1 14 -1 14 -1 14 -1 14 -1 14 -1 14 -1 14 -1 14 -1 14 -1 14 -1 14 -1 14 -1 14 -1 14 -1 14 -1 14 -1 14 -1 14 -1 14 -1 14 -1 14 -1 -2
14 -1 14 -1 14 -1 14 -1 14 -1 -2
14 -1 -2
14 -1 14 -1 14 -1 14 -1 14 -1 14 -1 14 -1 14 -1 14 -1 14 -1 14 -1 14 -1 14 -1 14 -1 14 -1 14 -1 14 -1 -2
14 -1 14 -1 14 -1 -2
12 -1 12 -1 14 -1 14 -1 14 -1 14 -1 14 -1 14 -1 -2
14 -1 -2
14 -1 14 -1 14 -1 14 -1 14 -1 14 -1 14 -1 14 -1 14 -1 14 -1 14 -1 14 -1 14 -1 14 -1 14 -1 14 -1 14 -1 14 -1 14 -1 14 -1 14 -1 14 -1 14 -1 14 -1 14 -1 14 -1 14 -1 14 -1 14 -1 14 -1 14 -1 14 -1 14 -1 14 -1 14 -1 14 -1 14 -1 14 -1 14 -1 14 -1 14 -1 14 -1 14 -1 14 -1 14 -1 14 -1 14 -1 14 -1 14 -1 14 -1 14 -1 14 -1 14 -1 14 -1 14 -1 14 -1 14 -1 14 -1 14 -1 14 -1 14 -1 14 -1 14 -1 14 -1 14 -1 14 -1 14 -1 14 -1 14 -1 14 -1 14 -1 14 -1 -2
14 -1 14 -1 12 -1 12 -1 14 -1 14 -1 14 -1 14 -1 14 -1 14 -1 14 -1 14 -1 14 -1 14 -1 14 -1 14 -1 14 -1 14 -1 14 -1 14 -1 14 -1 14 -1 12 -1 14 -1 14 -1 14 -1 14 -1 14 -1 14 -1 14 -1 14 -1 14 -1 14 -1 14 -1 14 -1 14 -1 12 -1 14 -1 14 -1 14 -1 14 -1 14 -1 14 -1 14 -1 14 -1 14 -1 14 -1 12 -1 14 -1 14 -1 14 -1 14 -1 14 -1 14 -1 14 -1 14 -1 14 -1 14 -1 14 -1 14 -1 14 -1 14 -1 14 -1 14 -1 14 -1 14 -1 14 -1 8 -1 14 -1 14 -1 14 -1 14 -1 14 -1 14 -1 14 -1 14 -1 14 -1 14 -1 14 -1 14 -1 14 -1 14 -1 14 -1 14 -1 14 -1 14 -1 14 -1 12 -1 14 -1 14 -1 14 -1 -2
14 -1 14 -1 -2
14 -1 -2
