66 -1 62 -1 60 -1 60 -1 60 -1 60 -1 60 -1 -2
66 -1 60 -1 60 -1 60 -1 60 -1 60 -1 -2
66 -1 62 -1 60 -1 60 -1 60 -1 -2
66 -1 60 -1 70 -1 60 -1 70 -1 70 -1 60 -1 60 -1 -2
66 -1 62 -1 60 -1 60 -1 60 -1 60 -1 60 -1 -2
66 -1 62 -1 60 -1 60 -1 60 -1 -2
66 -1 62 -1 60 -1 60 -1 60 -1 -2
66 -1 60 -1 60 -1 60 -1 60 -1 -2
66 -1 62 -1 60 -1 60 -1 60 -1 -2
66 -1 60 -1 70 -1 60 -1 60 -1 70 -1 70 -1 60 -1 -2
62 -1 60 -1 60 -1 60 -1 60 -1 -2
62 -1 60 -1 60 -1 60 -1 60 -1 -2
62 -1 62 -1 60 -1 60 -1 60 -1 60 -1 -2
66 -1 62 -1 60 -1 60 -1 60 -1 -2
66 -1 60 -1 60 -1 60 -1 60 -1 -2
66 -1 62 -1 60 -1 60 -1 60 -1 60 -1 -2
66 -1 60 -1 60 -1 60 -1 60 -1 60 -1 60 -1 60 -1 -2
66 -1 60 -1 60 -1 60 -1 60 -1 -2
66 -1 60 -1 60 -1 60 -1 60 -1 -2
66 -1 60 -1 60 -1 60 -1 60 -1 60 -1 -2
66 -1 60 -1 60 -1 60 -1 60 -1 60 -1 -2
66 -1 62 -1 62 -1 60 -1 60 -1 60 -1 60 -1 -2
66 -1 60 -1 60 -1 60 -1 60 -1 -2
66 -1 60 -1 60 -1 60 -1 60 -1 60 -1 60 -1 60 -1 -2
66 -1 60 -1 60 -1 60 -1 60 -1 60 -1 -2
66 -1 60 -1 60 -1 60 -1 60 -1 -2
66 -1 62 -1 60 -1 60 -1 60 -1 60 -1 60 -1 -2
66 -1 60 -1 60 -1 60 -1 60 -1 -2
66 -1 60 -1 60 -1 60 -1 60 -1 60 -1 -2
66 -1 60 -1 60 -1 60 -1 60 -1 -2
62 -1 60 -1 60 -1 60 -1 60 -1 -2
66 -1 60 -1 60 -1 60 -1 60 -1 60 -1 -2
66 -1 60 -1 60 -1 60 -1 60 -1 -2
66 -1 60 -1 60 -1 60 -1 60 -1 60 -1 -2
66 -1 60 -1 70 -1 60 -1 60 -1 60 -1 -2
66 -1 62 -1 60 -1 60 -1 60 -1 60 -1 60 -1 60 -1 60 -1 -2
66 -1 60 -1 60 -1 60 -1 60 -1 -2
66 -1 60 -1 60 -1 60 -1 60 -1 60 -1 -2
66 -1 62 -1 60 -1 60 -1 60 -1 -2
66 -1 62 -1 60 -1 60 -1 60 -1 60 -1 -2
66 -1 60 -1 60 -1 60 -1 60 -1 -2
66 -1 62 -1 60 -1 60 -1 60 -1 60 -1 60 -1 -2
66 -1 62 -1 62 -1 60 -1 60 -1 60 -1 60 -1 60 -1 60 -1 60 -1 -2
66 -1 60 -1 60 -1 60 -1 60 -1 -2
66 -1 62 -1 60 -1 60 -1 60 -1 60 -1 60 -1 -2
66 -1 60 -1 70 -1 60 -1 60 -1 70 -1 60 -1 60 -1 -2
66 -1 62 -1 60 -1 60 -1 60 -1 -2
66 -1 60 -1 70 -1 60 -1 70 -1 70 -1 60 -1 60 -1 60 -1 -2
66 -1 60 -1 60 -1 60 -1 60 -1 -2
66 -1 60 -1 60 -1 60 -1 60 -1 60 -1 -2
66 -1 62 -1 60 -1 60 -1 60 -1 60 -1 60 -1 -2
66 -1 60 -1 60 -1 60 -1 60 -1 60 -1 -2
66 -1 60 -1 60 -1 60 -1 60 -1 -2
66 -1 60 -1 60 -1 60 -1 60 -1 -2
66 -1 62 -1 60 -1 60 -1 60 -1 -2
66 -1 60 -1 60 -1 60 -1 60 -1 -2
66 -1 62 -1 60 -1 60 -1 60 -1 -2
66 -1 60 -1 60 -1 60 -1 60 -1 -2
66 -1 60 -1 60 -1 60 -1 60 -1 60 -1 -2
66 -1 60 -1 60 -1 60 -1 70 -1 60 -1 -2
66 -1 62 -1 60 -1 60 -1 60 -1 -2
66 -1 60 -1 60 -1 60 -1 60 -1 -2
66 -1 62 -1 60 -1 66 -1 66 -1 66 -1 66 -1 66 -1 60 -1 60 -1 -2
66 -1 62 -1 60 -1 60 -1 60 -1 -2
66 -1 60 -1 60 -1 60 -1 60 -1 -2
66 -1 62 -1 60 -1 60 -1 60 -1 60 -1 -2
66 -1 62 -1 60 -1 60 -1 60 -1 60 -1 -2
66 -1 60 -1 60 -1 60 -1 60 -1 -2
66 -1 60 -1 60 -1 60 -1 60 -1 -2
66 -1 60 -1 60 -1 60 -1 60 -1 -2
66 -1 62 -1 60 -1 60 -1 74 -1 69 -1 60 -1 60 -1 60 -1 60 -1 -2
66 -1 62 -1 60 -1 74 -1 69 -1 60 -1 60 -1 60 -1 60 -1 -2
66 -1 60 -1 70 -1 60 -1 60 -1 60 -1 60 -1 -2
66 -1 62 -1 60 -1 74 -1 69 -1 60 -1 60 -1 60 -1 60 -1 -2
66 -1 60 -1 60 -1 60 -1 60 -1 60 -1 -2
66 -1 62 -1 60 -1 60 -1 60 -1 -2
66 -1 62 -1 60 -1 60 -1 60 -1 60 -1 60 -1 -2
62 -1 60 -1 60 -1 60 -1 60 -1 -2
66 -1 62 -1 60 -1 60 -1 74 -1 69 -1 60 -1 69 -1 69 -1 60 -1 60 -1 60 -1 60 -1 -2
66 -1 62 -1 60 -1 60 -1 60 -1 60 -1 -2
66 -1 60 -1 60 -1 60 -1 60 -1 60 -1 60 -1 60 -1 -2
66 -1 60 -1 60 -1 60 -1 60 -1 60 -1 60 -1 60 -1 60 -1 60 -1 60 -1 60 -1 60 -1 -2
66 -1 60 -1 60 -1 60 -1 60 -1 60 -1 60 -1 60 -1 60 -1 60 -1 66 -1 66 -1 66 -1 66 -1 66 -1 66 -1 66 -1 66 -1 66 -1 66 -1 66 -1 60 -1 66 -1 60 -1 60 -1 60 -1 60 -1 60 -1 60 -1 60 -1 60 -1 60 -1 60 -1 60 -1 60 -1 -2
66 -1 62 -1 60 -1 60 -1 60 -1 -2
66 -1 62 -1 60 -1 60 -1 60 -1 60 -1 -2
66 -1 60 -1 60 -1 60 -1 60 -1 60 -1 60 -1 -2
66 -1 60 -1 60 -1 66 -1 60 -1 60 -1 60 -1 60 -1 60 -1 60 -1 60 -1 60 -1 60 -1 66 -1 66 -1 66 -1 66 -1 66 -1 66 -1 66 -1 66 -1 66 -1 66 -1 60 -1 60 -1 60 -1 60 -1 60 -1 60 -1 60 -1 60 -1 -2
66 -1 60 -1 60 -1 60 -1 60 -1 -2
66 -1 60 -1 60 -1 60 -1 60 -1 -2
66 -1 60 -1 60 -1 60 -1 60 -1 -2
66 -1 60 -1 60 -1 60 -1 60 -1 -2
66 -1 60 -1 66 -1 60 -1 60 -1 -2
66 -1 60 -1 60 -1 60 -1 60 -1 60 -1 -2
66 -1 60 -1 60 -1 60 -1 60 -1 -2
66 -1 60 -1 60 -1 60 -1 60 -1 -2
66 -1 60 -1 60 -1 66 -1 60 -1 60 -1 -2
66 -1 62 -1 60 -1 60 -1 60 -1 -2
66 -1 62 -1 60 -1 60 -1 60 -1 -2
66 -1 60 -1 60 -1 60 -1 60 -1 -2
66 -1 62 -1 60 -1 74 -1 69 -1 60 -1 60 -1 60 -1 60 -1 60 -1 60 -1 -2
66 -1 62 -1 60 -1 74 -1 69 -1 60 -1 60 -1 60 -1 60 -1 -2
66 -1 62 -1 60 -1 74 -1 69 -1 60 -1 60 -1 60 -1 60 -1 60 -1 60 -1 -2
66 -1 62 -1 60 -1 74 -1 69 -1 60 -1 60 -1 60 -1 60 -1 -2
66 -1 62 -1 60 -1 60 -1 60 -1 -2
66 -1 60 -1 60 -1 60 -1 60 -1 -2
66 -1 62 -1 60 -1 60 -1 60 -1 -2
66 -1 62 -1 60 -1 60 -1 74 -1 69 -1 60 -1 60 -1 60 -1 60 -1 -2
66 -1 62 -1 60 -1 74 -1 69 -1 60 -1 60 -1 60 -1 60 -1 60 -1 60 -1 60 -1 60 -1 -2
66 -1 62 -1 60 -1 60 -1 60 -1 60 -1 -2
66 -1 60 -1 70 -1 60 -1 60 -1 60 -1 60 -1 -2
66 -1 62 -1 60 -1 60 -1 60 -1 60 -1 -2
66 -1 62 -1 60 -1 74 -1 69 -1 60 -1 60 -1 60 -1 60 -1 60 -1 60 -1 60 -1 -2
66 -1 60 -1 60 -1 60 -1 60 -1 -2
66 -1 60 -1 60 -1 60 -1 60 -1 -2
66 -1 62 -1 60 -1 74 -1 69 -1 60 -1 60 -1 60 -1 60 -1 60 -1 60 -1 -2
66 -1 62 -1 62 -1 60 -1 74 -1 69 -1 60 -1 60 -1 60 -1 60 -1 -2
66 -1 60 -1 60 -1 60 -1 60 -1 -2
66 -1 62 -1 60 -1 60 -1 60 -1 -2
66 -1 60 -1 60 -1 60 -1 60 -1 -2
66 -1 60 -1 60 -1 60 -1 60 -1 -2
66 -1 62 -1 60 -1 74 -1 69 -1 60 -1 60 -1 60 -1 60 -1 -2
66 -1 62 -1 60 -1 74 -1 69 -1 60 -1 60 -1 60 -1 60 -1 -2
66 -1 62 -1 60 -1 74 -1 69 -1 60 -1 60 -1 60 -1 60 -1 -2
66 -1 62 -1 60 -1 74 -1 69 -1 60 -1 60 -1 60 -1 60 -1 -2
66 -1 60 -1 60 -1 60 -1 60 -1 60 -1 -2
66 -1 60 -1 60 -1 60 -1 60 -1 60 -1 -2
66 -1 62 -1 60 -1 60 -1 60 -1 60 -1 60 -1 -2
66 -1 62 -1 60 -1 74 -1 60 -1 74 -1 69 -1 60 -1 60 -1 60 -1 60 -1 60 -1 60 -1 -2
66 -1 60 -1 60 -1 70 -1 70 -1 60 -1 60 -1 -2
66 -1 60 -1 60 -1 60 -1 60 -1 -2
66 -1 60 -1 70 -1 60 -1 60 -1 60 -1 -2
66 -1 62 -1 60 -1 60 -1 60 -1 -2
66 -1 62 -1 60 -1 74 -1 69 -1 60 -1 60 -1 60 -1 60 -1 -2
66 -1 62 -1 60 -1 60 -1 60 -1 60 -1 -2
66 -1 60 -1 60 -1 60 -1 60 -1 -2
66 -1 60 -1 60 -1 60 -1 60 -1 -2
66 -1 60 -1 60 -1 60 -1 60 -1 -2
66 -1 62 -1 60 -1 60 -1 74 -1 69 -1 60 -1 69 -1 60 -1 60 -1 60 -1 60 -1 -2
66 -1 62 -1 60 -1 74 -1 69 -1 60 -1 60 -1 60 -1 60 -1 60 -1 60 -1 -2
66 -1 60 -1 60 -1 60 -1 60 -1 60 -1 -2
66 -1 60 -1 60 -1 60 -1 60 -1 -2
66 -1 62 -1 60 -1 74 -1 69 -1 60 -1 60 -1 60 -1 60 -1 -2
66 -1 60 -1 60 -1 60 -1 60 -1 60 -1 -2
66 -1 62 -1 60 -1 60 -1 60 -1 -2
66 -1 60 -1 60 -1 60 -1 60 -1 -2
66 -1 62 -1 60 -1 60 -1 60 -1 -2
66 -1 60 -1 60 -1 60 -1 60 -1 -2
66 -1 62 -1 60 -1 74 -1 69 -1 60 -1 60 -1 60 -1 60 -1 -2
66 -1 60 -1 60 -1 60 -1 60 -1 60 -1 -2
66 -1 62 -1 60 -1 74 -1 69 -1 60 -1 60 -1 60 -1 60 -1 60 -1 -2
66 -1 62 -1 60 -1 74 -1 69 -1 60 -1 60 -1 60 -1 60 -1 60 -1 60 -1 -2
66 -1 62 -1 60 -1 74 -1 69 -1 60 -1 60 -1 60 -1 60 -1 -2
66 -1 62 -1 60 -1 74 -1 69 -1 60 -1 60 -1 60 -1 60 -1 60 -1 -2
66 -1 60 -1 60 -1 60 -1 60 -1 60 -1 60 -1 -2
66 -1 62 -1 60 -1 60 -1 60 -1 -2
66 -1 62 -1 60 -1 74 -1 69 -1 60 -1 60 -1 60 -1 60 -1 -2
66 -1 60 -1 60 -1 60 -1 60 -1 -2
66 -1 62 -1 60 -1 60 -1 60 -1 -2
66 -1 60 -1 60 -1 60 -1 60 -1 -2
66 -1 62 -1 60 -1 74 -1 69 -1 60 -1 60 -1 60 -1 60 -1 -2
66 -1 62 -1 60 -1 60 -1 60 -1 -2
62 -1 60 -1 60 -1 60 -1 60 -1 -2
66 -1 62 -1 60 -1 74 -1 69 -1 60 -1 60 -1 60 -1 60 -1 -2
66 -1 60 -1 60 -1 60 -1 60 -1 -2
66 -1 62 -1 60 -1 74 -1 69 -1 60 -1 60 -1 60 -1 60 -1 -2
66 -1 62 -1 60 -1 74 -1 69 -1 60 -1 60 -1 60 -1 60 -1 -2
66 -1 62 -1 60 -1 60 -1 60 -1 -2
66 -1 62 -1 60 -1 60 -1 60 -1 -2
66 -1 60 -1 60 -1 60 -1 60 -1 60 -1 60 -1 -2
66 -1 62 -1 60 -1 74 -1 69 -1 60 -1 60 -1 60 -1 60 -1 -2
66 -1 62 -1 60 -1 74 -1 69 -1 60 -1 60 -1 60 -1 60 -1 -2
66 -1 62 -1 60 -1 74 -1 69 -1 60 -1 60 -1 60 -1 60 -1 -2
66 -1 62 -1 60 -1 74 -1 69 -1 60 -1 60 -1 60 -1 60 -1 -2
66 -1 62 -1 60 -1 74 -1 69 -1 60 -1 60 -1 60 -1 60 -1 -2
66 -1 62 -1 60 -1 74 -1 69 -1 60 -1 60 -1 60 -1 60 -1 60 -1 60 -1 -2
66 -1 62 -1 60 -1 74 -1 69 -1 60 -1 60 -1 60 -1 60 -1 -2
66 -1 62 -1 60 -1 74 -1 69 -1 60 -1 60 -1 60 -1 60 -1 -2
66 -1 62 -1 60 -1 60 -1 60 -1 60 -1 -2
66 -1 60 -1 70 -1 60 -1 60 -1 60 -1 -2
66 -1 62 -1 60 -1 74 -1 69 -1 60 -1 60 -1 60 -1 60 -1 -2
66 -1 60 -1 60 -1 60 -1 60 -1 -2
66 -1 62 -1 60 -1 60 -1 60 -1 60 -1 -2
66 -1 62 -1 60 -1 74 -1 69 -1 60 -1 60 -1 60 -1 60 -1 -2
66 -1 62 -1 60 -1 74 -1 69 -1 60 -1 60 -1 60 -1 60 -1 -2
66 -1 60 -1 60 -1 60 -1 60 -1 -2
66 -1 62 -1 60 -1 60 -1 60 -1 -2
66 -1 60 -1 60 -1 60 -1 60 -1 -2
66 -1 62 -1 60 -1 74 -1 69 -1 60 -1 60 -1 60 -1 60 -1 -2
66 -1 62 -1 60 -1 60 -1 60 -1 -2
66 -1 60 -1 60 -1 60 -1 60 -1 -2
66 -1 62 -1 60 -1 60 -1 60 -1 -2
66 -1 60 -1 60 -1 60 -1 60 -1 -2
66 -1 62 -1 60 -1 60 -1 60 -1 -2
66 -1 62 -1 60 -1 74 -1 69 -1 60 -1 60 -1 60 -1 60 -1 -2
66 -1 62 -1 60 -1 60 -1 60 -1 60 -1 60 -1 -2
66 -1 62 -1 60 -1 74 -1 69 -1 60 -1 60 -1 60 -1 60 -1 -2
66 -1 62 -1 60 -1 74 -1 69 -1 60 -1 60 -1 60 -1 60 -1 -2
66 -1 60 -1 60 -1 60 -1 60 -1 -2
66 -1 60 -1 60 -1 60 -1 60 -1 -2
66 -1 62 -1 60 -1 60 -1 60 -1 -2
66 -1 60 -1 60 -1 60 -1 60 -1 -2
66 -1 62 -1 60 -1 74 -1 69 -1 60 -1 60 -1 60 -1 60 -1 -2
66 -1 60 -1 60 -1 60 -1 60 -1 60 -1 60 -1 -2
66 -1 60 -1 70 -1 60 -1 70 -1 70 -1 60 -1 -2
66 -1 62 -1 60 -1 60 -1 60 -1 60 -1 -2
66 -1 62 -1 60 -1 74 -1 69 -1 60 -1 60 -1 60 -1 60 -1 -2
66 -1 60 -1 70 -1 60 -1 60 -1 60 -1 -2
66 -1 62 -1 60 -1 60 -1 60 -1 -2
66 -1 62 -1 60 -1 74 -1 69 -1 60 -1 60 -1 60 -1 60 -1 -2
66 -1 62 -1 60 -1 60 -1 60 -1 -2
66 -1 62 -1 60 -1 74 -1 69 -1 60 -1 60 -1 60 -1 60 -1 60 -1 60 -1 -2
66 -1 62 -1 60 -1 74 -1 69 -1 60 -1 60 -1 60 -1 60 -1 -2
66 -1 60 -1 60 -1 60 -1 60 -1 60 -1 -2
66 -1 60 -1 70 -1 60 -1 60 -1 60 -1 -2
66 -1 60 -1 60 -1 60 -1 60 -1 60 -1 60 -1 60 -1 -2
66 -1 62 -1 60 -1 60 -1 60 -1 -2
66 -1 60 -1 60 -1 60 -1 60 -1 -2
66 -1 60 -1 60 -1 60 -1 60 -1 -2
66 -1 62 -1 60 -1 74 -1 69 -1 60 -1 60 -1 60 -1 60 -1 -2
66 -1 62 -1 60 -1 60 -1 60 -1 -2
66 -1 60 -1 60 -1 60 -1 60 -1 -2
66 -1 62 -1 60 -1 74 -1 69 -1 60 -1 60 -1 60 -1 60 -1 -2
66 -1 60 -1 60 -1 60 -1 60 -1 -2
66 -1 62 -1 60 -1 74 -1 69 -1 60 -1 60 -1 60 -1 60 -1 -2
66 -1 62 -1 60 -1 74 -1 69 -1 60 -1 60 -1 60 -1 60 -1 -2
66 -1 62 -1 60 -1 74 -1 69 -1 60 -1 60 -1 60 -1 60 -1 -2
66 -1 62 -1 60 -1 60 -1 60 -1 60 -1 60 -1 -2
66 -1 62 -1 60 -1 60 -1 60 -1 -2
66 -1 60 -1 60 -1 60 -1 60 -1 -2
62 -1 60 -1 66 -1 66 -1 66 -1 60 -1 60 -1 60 -1 60 -1 -2
66 -1 60 -1 70 -1 60 -1 60 -1 60 -1 -2
66 -1 62 -1 60 -1 60 -1 60 -1 -2
66 -1 60 -1 60 -1 60 -1 60 -1 -2
66 -1 62 -1 60 -1 60 -1 60 -1 -2
66 -1 62 -1 60 -1 60 -1 60 -1 -2
66 -1 60 -1 60 -1 60 -1 60 -1 60 -1 -2
66 -1 62 -1 60 -1 60 -1 60 -1 60 -1 60 -1 -2
62 -1 60 -1 60 -1 60 -1 60 -1 -2
66 -1 62 -1 60 -1 74 -1 69 -1 60 -1 60 -1 60 -1 60 -1 60 -1 60 -1 -2
66 -1 60 -1 60 -1 60 -1 60 -1 -2
66 -1 62 -1 62 -1 60 -1 60 -1 60 -1 60 -1 -2
66 -1 62 -1 60 -1 74 -1 69 -1 60 -1 60 -1 60 -1 60 -1 -2
66 -1 62 -1 60 -1 74 -1 69 -1 60 -1 60 -1 60 -1 60 -1 -2
66 -1 60 -1 60 -1 60 -1 60 -1 -2
66 -1 62 -1 60 -1 74 -1 69 -1 60 -1 60 -1 60 -1 60 -1 -2
66 -1 62 -1 60 -1 60 -1 60 -1 60 -1 -2
66 -1 60 -1 60 -1 60 -1 60 -1 60 -1 -2
66 -1 62 -1 60 -1 60 -1 60 -1 -2
66 -1 62 -1 60 -1 60 -1 60 -1 60 -1 -2
66 -1 62 -1 60 -1 74 -1 69 -1 60 -1 60 -1 60 -1 60 -1 -2
66 -1 62 -1 60 -1 74 -1 69 -1 60 -1 60 -1 60 -1 60 -1 -2
66 -1 60 -1 60 -1 60 -1 60 -1 -2
66 -1 60 -1 60 -1 60 -1 60 -1 -2
66 -1 62 -1 60 -1 74 -1 69 -1 60 -1 69 -1 60 -1 60 -1 60 -1 60 -1 -2
66 -1 62 -1 60 -1 74 -1 69 -1 60 -1 60 -1 60 -1 60 -1 60 -1 60 -1 -2
66 -1 62 -1 60 -1 60 -1 60 -1 60 -1 60 -1 -2
66 -1 62 -1 60 -1 74 -1 69 -1 60 -1 60 -1 60 -1 60 -1 -2
66 -1 62 -1 60 -1 74 -1 69 -1 60 -1 60 -1 60 -1 60 -1 -2
66 -1 60 -1 60 -1 60 -1 60 -1 -2
66 -1 62 -1 60 -1 74 -1 69 -1 60 -1 60 -1 60 -1 60 -1 -2
66 -1 62 -1 60 -1 60 -1 60 -1 60 -1 -2
66 -1 60 -1 60 -1 60 -1 60 -1 -2
66 -1 62 -1 60 -1 74 -1 69 -1 60 -1 60 -1 60 -1 60 -1 -2
66 -1 62 -1 60 -1 74 -1 69 -1 60 -1 60 -1 60 -1 60 -1 -2
66 -1 62 -1 60 -1 74 -1 69 -1 60 -1 60 -1 60 -1 60 -1 -2
66 -1 62 -1 60 -1 74 -1 69 -1 60 -1 60 -1 60 -1 60 -1 -2
66 -1 60 -1 70 -1 60 -1 60 -1 60 -1 -2
66 -1 60 -1 60 -1 60 -1 60 -1 -2
66 -1 60 -1 60 -1 60 -1 60 -1 60 -1 -2
66 -1 62 -1 60 -1 74 -1 69 -1 60 -1 60 -1 60 -1 60 -1 -2
66 -1 60 -1 60 -1 60 -1 60 -1 -2
66 -1 62 -1 60 -1 74 -1 69 -1 60 -1 60 -1 60 -1 60 -1 -2
66 -1 62 -1 60 -1 60 -1 60 -1 -2
66 -1 60 -1 60 -1 60 -1 60 -1 -2
66 -1 60 -1 60 -1 60 -1 60 -1 60 -1 -2
66 -1 60 -1 60 -1 60 -1 60 -1 60 -1 -2
66 -1 62 -1 60 -1 60 -1 74 -1 69 -1 60 -1 60 -1 60 -1 60 -1 -2
66 -1 62 -1 60 -1 74 -1 69 -1 60 -1 60 -1 60 -1 60 -1 -2
66 -1 62 -1 60 -1 60 -1 60 -1 60 -1 60 -1 -2
66 -1 62 -1 60 -1 60 -1 60 -1 -2
66 -1 60 -1 60 -1 60 -1 60 -1 -2
66 -1 62 -1 60 -1 60 -1 60 -1 60 -1 -2
66 -1 62 -1 60 -1 74 -1 69 -1 60 -1 60 -1 60 -1 60 -1 -2
66 -1 60 -1 60 -1 60 -1 60 -1 -2
66 -1 62 -1 60 -1 74 -1 69 -1 60 -1 60 -1 60 -1 60 -1 -2
66 -1 62 -1 60 -1 74 -1 69 -1 60 -1 60 -1 60 -1 60 -1 -2
66 -1 62 -1 60 -1 60 -1 60 -1 -2
66 -1 62 -1 60 -1 60 -1 60 -1 60 -1 -2
66 -1 62 -1 60 -1 60 -1 60 -1 -2
66 -1 62 -1 60 -1 74 -1 69 -1 60 -1 60 -1 60 -1 60 -1 -2
66 -1 60 -1 60 -1 60 -1 60 -1 -2
66 -1 60 -1 60 -1 60 -1 60 -1 -2
66 -1 62 -1 60 -1 60 -1 74 -1 69 -1 60 -1 60 -1 60 -1 60 -1 -2
66 -1 62 -1 60 -1 60 -1 60 -1 -2
66 -1 62 -1 60 -1 60 -1 60 -1 -2
66 -1 62 -1 60 -1 74 -1 69 -1 60 -1 60 -1 60 -1 60 -1 -2
66 -1 60 -1 60 -1 60 -1 60 -1 -2
66 -1 62 -1 60 -1 74 -1 69 -1 60 -1 60 -1 60 -1 60 -1 -2
66 -1 60 -1 60 -1 60 -1 60 -1 60 -1 60 -1 60 -1 -2
66 -1 62 -1 60 -1 74 -1 69 -1 60 -1 60 -1 60 -1 60 -1 -2
66 -1 62 -1 60 -1 60 -1 60 -1 -2
66 -1 62 -1 60 -1 60 -1 60 -1 -2
66 -1 60 -1 60 -1 60 -1 60 -1 -2
66 -1 60 -1 60 -1 60 -1 60 -1 60 -1 -2
66 -1 62 -1 60 -1 60 -1 60 -1 60 -1 -2
66 -1 62 -1 60 -1 60 -1 60 -1 60 -1 -2
66 -1 62 -1 60 -1 60 -1 60 -1 60 -1 -2
66 -1 62 -1 60 -1 74 -1 69 -1 60 -1 60 -1 60 -1 60 -1 -2
66 -1 60 -1 60 -1 60 -1 60 -1 -2
66 -1 60 -1 70 -1 60 -1 60 -1 60 -1 -2
66 -1 62 -1 60 -1 74 -1 69 -1 60 -1 60 -1 60 -1 60 -1 -2
66 -1 62 -1 60 -1 60 -1 60 -1 60 -1 -2
66 -1 62 -1 60 -1 74 -1 69 -1 60 -1 60 -1 60 -1 60 -1 -2
66 -1 62 -1 62 -1 60 -1 74 -1 69 -1 60 -1 60 -1 60 -1 60 -1 -2
66 -1 62 -1 60 -1 60 -1 60 -1 -2
66 -1 60 -1 60 -1 60 -1 60 -1 -2
66 -1 62 -1 60 -1 60 -1 60 -1 -2
66 -1 62 -1 62 -1 60 -1 74 -1 69 -1 60 -1 60 -1 60 -1 60 -1 -2
66 -1 60 -1 60 -1 60 -1 60 -1 -2
66 -1 60 -1 60 -1 60 -1 60 -1 -2
66 -1 60 -1 60 -1 60 -1 60 -1 60 -1 60 -1 -2
66 -1 60 -1 60 -1 60 -1 60 -1 -2
66 -1 62 -1 60 -1 74 -1 69 -1 60 -1 60 -1 60 -1 60 -1 -2
66 -1 60 -1 60 -1 60 -1 60 -1 60 -1 -2
66 -1 60 -1 70 -1 60 -1 70 -1 70 -1 60 -1 60 -1 -2
66 -1 62 -1 60 -1 74 -1 69 -1 60 -1 60 -1 60 -1 60 -1 -2
66 -1 62 -1 60 -1 60 -1 74 -1 69 -1 60 -1 60 -1 60 -1 60 -1 -2
66 -1 60 -1 60 -1 60 -1 60 -1 -2
66 -1 60 -1 60 -1 60 -1 60 -1 -2
66 -1 62 -1 60 -1 60 -1 60 -1 -2
66 -1 60 -1 60 -1 60 -1 60 -1 -2
66 -1 60 -1 60 -1 60 -1 60 -1 -2
66 -1 62 -1 60 -1 60 -1 60 -1 -2
66 -1 60 -1 60 -1 60 -1 60 -1 -2
66 -1 62 -1 62 -1 60 -1 60 -1 60 -1 60 -1 -2
66 -1 62 -1 60 -1 60 -1 60 -1 60 -1 60 -1 -2
66 -1 62 -1 60 -1 60 -1 60 -1 60 -1 -2
66 -1 62 -1 60 -1 60 -1 60 -1 -2
66 -1 60 -1 60 -1 60 -1 60 -1 60 -1 -2
66 -1 60 -1 60 -1 60 -1 60 -1 -2
66 -1 62 -1 60 -1 60 -1 74 -1 69 -1 60 -1 60 -1 60 -1 60 -1 -2
66 -1 62 -1 60 -1 60 -1 60 -1 60 -1 60 -1 60 -1 60 -1 -2
62 -1 60 -1 66 -1 66 -1 66 -1 66 -1 66 -1 60 -1 -2
66 -1 62 -1 60 -1 74 -1 69 -1 60 -1 60 -1 60 -1 60 -1 -2
66 -1 62 -1 60 -1 60 -1 60 -1 60 -1 60 -1 -2
66 -1 60 -1 60 -1 60 -1 60 -1 -2
66 -1 62 -1 60 -1 74 -1 69 -1 60 -1 60 -1 60 -1 60 -1 -2
66 -1 60 -1 70 -1 60 -1 60 -1 60 -1 60 -1 -2
66 -1 62 -1 60 -1 74 -1 69 -1 60 -1 60 -1 60 -1 60 -1 -2
66 -1 62 -1 60 -1 60 -1 60 -1 60 -1 60 -1 -2
66 -1 60 -1 60 -1 60 -1 60 -1 -2
66 -1 62 -1 60 -1 74 -1 69 -1 60 -1 60 -1 60 -1 60 -1 -2
66 -1 62 -1 60 -1 60 -1 60 -1 -2
66 -1 60 -1 60 -1 60 -1 60 -1 -2
66 -1 62 -1 60 -1 74 -1 69 -1 60 -1 69 -1 60 -1 60 -1 60 -1 60 -1 -2
66 -1 60 -1 60 -1 60 -1 60 -1 -2
66 -1 62 -1 60 -1 74 -1 69 -1 60 -1 60 -1 60 -1 60 -1 60 -1 60 -1 -2
66 -1 62 -1 60 -1 60 -1 60 -1 60 -1 60 -1 -2
66 -1 62 -1 60 -1 74 -1 69 -1 60 -1 60 -1 60 -1 60 -1 -2
66 -1 60 -1 60 -1 60 -1 60 -1 60 -1 -2
66 -1 60 -1 70 -1 60 -1 70 -1 70 -1 60 -1 -2
66 -1 62 -1 60 -1 74 -1 69 -1 60 -1 60 -1 60 -1 60 -1 -2
66 -1 62 -1 60 -1 60 -1 60 -1 60 -1 -2
66 -1 62 -1 60 -1 74 -1 69 -1 60 -1 60 -1 60 -1 60 -1 -2
66 -1 60 -1 60 -1 60 -1 60 -1 -2
66 -1 60 -1 60 -1 60 -1 60 -1 -2
66 -1 60 -1 60 -1 60 -1 70 -1 70 -1 60 -1 -2
66 -1 62 -1 60 -1 60 -1 60 -1 -2
66 -1 60 -1 60 -1 60 -1 60 -1 -2
66 -1 62 -1 60 -1 60 -1 60 -1 60 -1 -2
66 -1 62 -1 60 -1 60 -1 60 -1 -2
66 -1 62 -1 60 -1 74 -1 69 -1 60 -1 60 -1 60 -1 60 -1 -2
66 -1 62 -1 60 -1 60 -1 60 -1 -2
66 -1 62 -1 60 -1 74 -1 69 -1 60 -1 60 -1 60 -1 60 -1 60 -1 60 -1 -2
66 -1 62 -1 60 -1 60 -1 60 -1 -2
66 -1 60 -1 60 -1 60 -1 60 -1 -2
66 -1 62 -1 60 -1 74 -1 69 -1 60 -1 60 -1 60 -1 60 -1 -2
66 -1 62 -1 60 -1 60 -1 60 -1 -2
66 -1 60 -1 60 -1 60 -1 60 -1 -2
66 -1 62 -1 60 -1 60 -1 60 -1 60 -1 60 -1 -2
66 -1 62 -1 62 -1 60 -1 60 -1 60 -1 60 -1 60 -1 -2
66 -1 60 -1 60 -1 60 -1 60 -1 -2
66 -1 62 -1 60 -1 74 -1 69 -1 60 -1 60 -1 60 -1 60 -1 -2
66 -1 60 -1 60 -1 60 -1 60 -1 -2
66 -1 62 -1 60 -1 74 -1 69 -1 60 -1 60 -1 60 -1 60 -1 -2
66 -1 60 -1 60 -1 60 -1 60 -1 -2
66 -1 62 -1 60 -1 74 -1 69 -1 60 -1 60 -1 60 -1 60 -1 -2
66 -1 62 -1 60 -1 60 -1 60 -1 -2
66 -1 60 -1 60 -1 60 -1 60 -1 -2
66 -1 60 -1 70 -1 60 -1 70 -1 70 -1 60 -1 60 -1 -2
66 -1 60 -1 70 -1 60 -1 60 -1 -2
66 -1 62 -1 60 -1 60 -1 60 -1 60 -1 -2
66 -1 62 -1 60 -1 74 -1 69 -1 60 -1 60 -1 60 -1 60 -1 -2
66 -1 62 -1 60 -1 74 -1 69 -1 60 -1 60 -1 60 -1 60 -1 -2
66 -1 60 -1 60 -1 60 -1 60 -1 -2
66 -1 62 -1 60 -1 74 -1 69 -1 60 -1 60 -1 60 -1 60 -1 -2
66 -1 62 -1 60 -1 60 -1 60 -1 -2
66 -1 60 -1 60 -1 60 -1 60 -1 -2
66 -1 62 -1 60 -1 60 -1 60 -1 -2
66 -1 62 -1 60 -1 74 -1 69 -1 60 -1 60 -1 60 -1 60 -1 60 -1 60 -1 -2
66 -1 62 -1 60 -1 74 -1 69 -1 60 -1 60 -1 60 -1 60 -1 -2
66 -1 62 -1 60 -1 74 -1 69 -1 60 -1 60 -1 60 -1 60 -1 60 -1 60 -1 -2
66 -1 60 -1 60 -1 60 -1 60 -1 60 -1 -2
66 -1 60 -1 60 -1 60 -1 60 -1 -2
66 -1 62 -1 60 -1 74 -1 69 -1 60 -1 60 -1 60 -1 60 -1 -2
66 -1 62 -1 60 -1 74 -1 69 -1 60 -1 60 -1 60 -1 60 -1 -2
66 -1 62 -1 60 -1 60 -1 60 -1 -2
66 -1 60 -1 60 -1 60 -1 60 -1 -2
66 -1 60 -1 60 -1 60 -1 60 -1 -2
66 -1 60 -1 70 -1 60 -1 70 -1 70 -1 60 -1 60 -1 -2
66 -1 60 -1 60 -1 60 -1 60 -1 60 -1 60 -1 -2
66 -1 62 -1 60 -1 74 -1 69 -1 60 -1 60 -1 60 -1 60 -1 -2
66 -1 62 -1 60 -1 60 -1 60 -1 -2
66 -1 60 -1 60 -1 60 -1 60 -1 -2
66 -1 62 -1 60 -1 74 -1 69 -1 60 -1 60 -1 60 -1 60 -1 -2
66 -1 62 -1 60 -1 60 -1 60 -1 -2
66 -1 60 -1 60 -1 60 -1 60 -1 -2
66 -1 62 -1 60 -1 74 -1 69 -1 60 -1 60 -1 60 -1 60 -1 -2
66 -1 62 -1 60 -1 74 -1 69 -1 60 -1 60 -1 60 -1 60 -1 -2
66 -1 62 -1 60 -1 74 -1 69 -1 60 -1 60 -1 60 -1 60 -1 -2
66 -1 60 -1 60 -1 60 -1 60 -1 60 -1 -2
66 -1 60 -1 60 -1 60 -1 60 -1 60 -1 -2
66 -1 62 -1 60 -1 60 -1 60 -1 -2
66 -1 62 -1 60 -1 60 -1 60 -1 -2
66 -1 60 -1 60 -1 60 -1 60 -1 60 -1 -2
66 -1 62 -1 60 -1 60 -1 60 -1 60 -1 -2
66 -1 60 -1 60 -1 60 -1 60 -1 -2
66 -1 62 -1 60 -1 60 -1 60 -1 60 -1 -2
62 -1 60 -1 60 -1 60 -1 60 -1 60 -1 60 -1 60 -1 -2
66 -1 60 -1 60 -1 60 -1 60 -1 -2
66 -1 62 -1 60 -1 60 -1 60 -1 -2
66 -1 62 -1 60 -1 60 -1 60 -1 60 -1 60 -1 -2
66 -1 62 -1 60 -1 60 -1 60 -1 -2
66 -1 60 -1 60 -1 60 -1 60 -1 -2
66 -1 62 -1 60 -1 60 -1 60 -1 -2
66 -1 60 -1 60 -1 60 -1 60 -1 -2
66 -1 60 -1 60 -1 60 -1 60 -1 60 -1 -2
66 -1 62 -1 60 -1 60 -1 60 -1 -2
