62 -1 60 -1 176 -1 368 -1 77 -1 60 -1 -2
62 -1 60 -1 176 -1 368 -1 77 -1 60 -1 -2
62 -1 60 -1 176 -1 368 -1 77 -1 60 -1 -2
62 -1 60 -1 1080 -1 97 -1 368 -1 77 -1 60 -1 -2
62 -1 60 -1 1080 -1 97 -1 368 -1 77 -1 60 -1 -2
62 -1 60 -1 176 -1 368 -1 77 -1 60 -1 -2
62 -1 60 -1 176 -1 368 -1 77 -1 60 -1 -2
62 -1 60 -1 1080 -1 97 -1 368 -1 77 -1 60 -1 -2
62 -1 60 -1 176 -1 368 -1 77 -1 60 -1 -2
62 -1 60 -1 176 -1 368 -1 77 -1 60 -1 -2
62 -1 60 -1 176 -1 368 -1 77 -1 60 -1 -2
62 -1 60 -1 1080 -1 97 -1 368 -1 77 -1 60 -1 -2
62 -1 60 -1 1080 -1 97 -1 368 -1 77 -1 60 -1 -2
62 -1 60 -1 176 -1 368 -1 77 -1 60 -1 -2
62 -1 60 -1 347 -1 60 -1 60 -1 -2
62 -1 60 -1 347 -1 60 -1 60 -1 -2
62 -1 60 -1 347 -1 60 -1 60 -1 -2
62 -1 60 -1 347 -1 60 -1 60 -1 -2
62 -1 60 -1 347 -1 60 -1 60 -1 -2
62 -1 60 -1 347 -1 60 -1 60 -1 -2
62 -1 60 -1 347 -1 60 -1 60 -1 -2
62 -1 60 -1 347 -1 60 -1 60 -1 -2
62 -1 60 -1 347 -1 60 -1 60 -1 -2
62 -1 60 -1 347 -1 60 -1 60 -1 -2
62 -1 60 -1 347 -1 60 -1 60 -1 -2
62 -1 60 -1 347 -1 60 -1 60 -1 -2
62 -1 60 -1 347 -1 60 -1 60 -1 -2
62 -1 60 -1 347 -1 60 -1 60 -1 -2
62 -1 60 -1 347 -1 60 -1 60 -1 -2
62 -1 60 -1 347 -1 60 -1 60 -1 -2
62 -1 60 -1 347 -1 60 -1 60 -1 -2
62 -1 60 -1 347 -1 60 -1 60 -1 -2
62 -1 60 -1 347 -1 60 -1 60 -1 -2
62 -1 60 -1 347 -1 60 -1 60 -1 -2
62 -1 60 -1 347 -1 60 -1 60 -1 -2
62 -1 60 -1 347 -1 60 -1 60 -1 -2
62 -1 60 -1 347 -1 60 -1 60 -1 -2
62 -1 60 -1 347 -1 60 -1 60 -1 -2
62 -1 60 -1 347 -1 60 -1 60 -1 -2
62 -1 60 -1 347 -1 60 -1 60 -1 -2
62 -1 60 -1 347 -1 60 -1 60 -1 -2
62 -1 60 -1 347 -1 60 -1 60 -1 -2
62 -1 60 -1 347 -1 60 -1 60 -1 -2
62 -1 60 -1 347 -1 60 -1 60 -1 -2
62 -1 60 -1 347 -1 60 -1 60 -1 -2
62 -1 60 -1 347 -1 60 -1 60 -1 -2
62 -1 60 -1 347 -1 60 -1 60 -1 -2
62 -1 60 -1 347 -1 60 -1 60 -1 -2
62 -1 60 -1 347 -1 60 -1 60 -1 -2
62 -1 60 -1 347 -1 60 -1 60 -1 -2
62 -1 60 -1 347 -1 60 -1 60 -1 -2
62 -1 60 -1 347 -1 60 -1 60 -1 -2
62 -1 60 -1 347 -1 60 -1 60 -1 -2
62 -1 60 -1 347 -1 60 -1 60 -1 -2
62 -1 60 -1 347 -1 60 -1 60 -1 -2
