9 -1 9 -1 -2
9 -1 -2
9 -1 -2
9 -1 9 -1 9 -1 9 -1 9 -1 9 -1 9 -1 9 -1 9 -1 9 -1 9 -1 -2
9 -1 9 -1 9 -1 9 -1 9 -1 9 -1 9 -1 9 -1 9 -1 9 -1 9 -1 9 -1 9 -1 9 -1 9 -1 9 -1 9 -1 9 -1 9 -1 9 -1 9 -1 9 -1 9 -1 9 -1 9 -1 9 -1 9 -1 9 -1 9 -1 9 -1 9 -1 9 -1 9 -1 9 -1 9 -1 9 -1 9 -1 9 -1 9 -1 9 -1 9 -1 9 -1 9 -1 9 -1 9 -1 9 -1 9 -1 9 -1 9 -1 9 -1 9 -1 9 -1 9 -1 9 -1 9 -1 9 -1 9 -1 9 -1 9 -1 9 -1 9 -1 9 -1 9 -1 9 -1 9 -1 9 -1 9 -1 9 -1 9 -1 9 -1 9 -1 9 -1 9 -1 9 -1 9 -1 9 -1 9 -1 9 -1 9 -1 9 -1 9 -1 9 -1 9 -1 9 -1 9 -1 9 -1 9 -1 9 -1 9 -1 9 -1 9 -1 9 -1 9 -1 9 -1 9 -1 9 -1 9 -1 9 -1 9 -1 9 -1 9 -1 9 -1 9 -1 9 -1 9 -1 6 -1 9 -1 9 -1 9 -1 9 -1 9 -1 9 -1 9 -1 9 -1 9 -1 9 -1 9 -1 9 -1 9 -1 9 -1 9 -1 9 -1 9 -1 9 -1 9 -1 9 -1 9 -1 9 -1 9 -1 9 -1 9 -1 9 -1 9 -1 9 -1 9 -1 9 -1 9 -1 9 -1 9 -1 9 -1 9 -1 9 -1 9 -1 9 -1 9 -1 9 -1 9 -1 9 -1 9 -1 9 -1 9 -1 9 -1 9 -1 9 -1 9 -1 9 -1 9 -1 9 -1 9 -1 9 -1 9 -1 9 -1 9 -1 9 -1 9 -1 9 -1 9 -1 9 -1 9 -1 9 -1 9 -1 9 -1 9 -1 9 -1 9 -1 9 -1 9 -1 9 -1 9 -1 9 -1 9 -1 9 -1 9 -1 9 -1 9 -1 9 -1 9 -1 9 -1 9 -1 9 -1 9 -1 9 -1 9 -1 9 -1 9 -1 9 -1 9 -1 9 -1 9 -1 9 -1 9 -1 9 -1 9 -1 9 -1 9 -1 9 -1 9 -1 9 -1 9 -1 9 -1 9 -1 9 -1 9 -1 9 -1 9 -1 9 -1 9 -1 9 -1 9 -1 9 -1 9 -1 9 -1 9 -1 9 -1 9 -1 9 -1 9 -1 9 -1 9 -1 9 -1 9 -1 9 -1 9 -1 9 -1 9 -1 9 -1 9 -1 9 -1 9 -1 9 -1 9 -1 9 -1 9 -1 9 -1 9 -1 9 -1 9 -1 9 -1 9 -1 9 -1 9 -1 9 -1 9 -1 9 -1 9 -1 9 -1 9 -1 9 -1 9 -1 9 -1 9 -1 9 -1 9 -1 9 -1 9 -1 9 -1 9 -1 9 -1 9 -1 9 -1 9 -1 9 -1 9 -1 9 -1 9 -1 9 -1 9 -1 9 -1 9 -1 9 -1 9 -1 9 -1 9 -1 9 -1 9 -1 9 -1 9 -1 9 -1 9 -1 9 -1 9 -1 9 -1 9 -1 9 -1 9 -1 9 -1 9 -1 9 -1 9 -1 9 -1 9 -1 9 -1 9 -1 9 -1 9 -1 9 -1 9 -1 9 -1 9 -1 9 -1 9 -1 9 -1 9 -1 9 -1 9 -1 9 -1 9 -1 9 -1 9 -1 9 -1 9 -1 9 -1 9 -1 9 -1 9 -1 9 -1 9 -1 9 -1 9 -1 9 -1 9 -1 9 -1 9 -1 9 -1 9 -1 9 -1 9 -1 9 -1 9 -1 9 -1 9 -1 9 -1 9 -1 9 -1 9 -1 9 -1 9 -1 9 -1 9 -1 9 -1 9 -1 9 -1 9 -1 9 -1 9 -1 9 -1 9 -1 9 -1 9 -1 9 -1 9 -1 9 -1 9 -1 9 -1 9 -1 9 -1 9 -1 9 -1 9 -1 9 -1 9 -1 9 -1 9 -1 9 -1 9 -1 9 -1 9 -1 9 -1 9 -1 9 -1 9 -1 9 -1 9 -1 9 -1 9 -1 9 -1 9 -1 9 -1 9 -1 9 -1 9 -1 9 -1 9 -1 9 -1 9 -1 9 -1 9 -1 9 -1 9 -1 9 -1 9 -1 9 -1 9 -1 3 -1 9 -1 9 -1 9 -1 9 -1 9 -1 9 -1 9 -1 9 -1 9 -1 9 -1 9 -1 9 -1 9 -1 9 -1 9 -1 9 -1 9 -1 9 -1 9 -1 9 -1 9 -1 9 -1 9 -1 9 -1 9 -1 9 -1 9 -1 9 -1 9 -1 9 -1 9 -1 9 -1 9 -1 9 -1 9 -1 9 -1 9 -1 9 -1 9 -1 9 -1 9 -1 9 -1 9 -1 9 -1 9 -1 9 -1 9 -1 9 -1 9 -1 9 -1 9 -1 9 -1 9 -1 9 -1 9 -1 9 -1 9 -1 9 -1 9 -1 9 -1 9 -1 9 -1 9 -1 9 -1 9 -1 9 -1 9 -1 9 -1 9 -1 9 -1 9 -1 9 -1 9 -1 9 -1 9 -1 9 -1 9 -1 9 -1 9 -1 9 -1 9 -1 9 -1 9 -1 9 -1 9 -1 9 -1 9 -1 9 -1 9 -1 9 -1 9 -1 9 -1 9 -1 9 -1 9 -1 9 -1 9 -1 9 -1 9 -1 9 -1 9 -1 9 -1 9 -1 9 -1 9 -1 9 -1 9 -1 9 -1 9 -1 9 -1 9 -1 9 -1 9 -1 9 -1 9 -1 9 -1 9 -1 9 -1 9 -1 9 -1 9 -1 9 -1 9 -1 9 -1 9 -1 9 -1 9 -1 9 -1 9 -1 9 -1 9 -1 9 -1 9 -1 9 -1 9 -1 9 -1 9 -1 9 -1 9 -1 9 -1 9 -1 9 -1 9 -1 9 -1 9 -1 9 -1 9 -1 9 -1 9 -1 9 -1 9 -1 9 -1 9 -1 9 -1 9 -1 9 -1 9 -1 9 -1 9 -1 9 -1 9 -1 9 -1 9 -1 9 -1 9 -1 9 -1 9 -1 9 -1 9 -1 9 -1 9 -1 9 -1 9 -1 9 -1 9 -1 9 -1 9 -1 9 -1 9 -1 9 -1 9 -1 9 -1 9 -1 9 -1 9 -1 9 -1 9 -1 9 -1 9 -1 9 -1 9 -1 9 -1 9 -1 9 -1 9 -1 9 -1 9 -1 9 -1 9 -1 9 -1 9 -1 9 -1 9 -1 9 -1 9 -1 9 -1 9 -1 9 -1 9 -1 9 -1 9 -1 9 -1 9 -1 9 -1 9 -1 9 -1 9 -1 9 -1 9 -1 9 -1 9 -1 9 -1 9 -1 9 -1 9 -1 9 -1 9 -1 9 -1 9 -1 9 -1 9 -1 9 -1 9 -1 9 -1 9 -1 9 -1 9 -1 9 -1 9 -1 9 -1 9 -1 9 -1 9 -1 9 -1 9 -1 9 -1 9 -1 9 -1 9 -1 9 -1 9 -1 9 -1 9 -1 9 -1 9 -1 9 -1 9 -1 9 -1 9 -1 9 -1 9 -1 9 -1 9 -1 9 -1 9 -1 9 -1 9 -1 9 -1 9 -1 9 -1 9 -1 9 -1 9 -1 9 -1 9 -1 9 -1 9 -1 9 -1 9 -1 9 -1 9 -1 9 -1 9 -1 9 -1 9 -1 9 -1 9 -1 9 -1 9 -1 9 -1 9 -1 9 -1 9 -1 9 -1 9 -1 9 -1 9 -1 9 -1 9 -1 9 -1 9 -1 9 -1 9 -1 9 -1 9 -1 9 -1 9 -1 9 -1 9 -1 9 -1 9 -1 9 -1 9 -1 9 -1 9 -1 9 -1 9 -1 9 -1 9 -1 9 -1 9 -1 9 -1 9 -1 9 -1 9 -1 9 -1 9 -1 9 -1 9 -1 9 -1 9 -1 9 -1 9 -1 9 -1 9 -1 9 -1 9 -1 9 -1 9 -1 9 -1 9 -1 9 -1 9 -1 9 -1 9 -1 9 -1 9 -1 9 -1 9 -1 9 -1 9 -1 9 -1 9 -1 9 -1 9 -1 9 -1 9 -1 9 -1 9 -1 9 -1 9 -1 9 -1 9 -1 9 -1 9 -1 -2
9 -1 9 -1 9 -1 9 -1 9 -1 9 -1 9 -1 9 -1 9 -1 9 -1 9 -1 9 -1 -2
9 -1 9 -1 9 -1 9 -1 9 -1 9 -1 9 -1 9 -1 9 -1 9 -1 9 -1 9 -1 9 -1 9 -1 9 -1 9 -1 9 -1 9 -1 9 -1 9 -1 9 -1 9 -1 9 -1 9 -1 9 -1 9 -1 9 -1 9 -1 9 -1 9 -1 9 -1 9 -1 9 -1 9 -1 9 -1 9 -1 9 -1 9 -1 9 -1 9 -1 9 -1 9 -1 9 -1 9 -1 9 -1 9 -1 9 -1 9 -1 9 -1 9 -1 9 -1 9 -1 9 -1 9 -1 9 -1 9 -1 9 -1 9 -1 9 -1 9 -1 9 -1 9 -1 9 -1 9 -1 9 -1 9 -1 9 -1 9 -1 9 -1 9 -1 9 -1 9 -1 9 -1 9 -1 9 -1 9 -1 9 -1 9 -1 9 -1 9 -1 9 -1 9 -1 9 -1 9 -1 9 -1 9 -1 9 -1 9 -1 9 -1 9 -1 9 -1 9 -1 9 -1 9 -1 9 -1 9 -1 9 -1 9 -1 9 -1 9 -1 9 -1 9 -1 9 -1 9 -1 9 -1 9 -1 9 -1 9 -1 9 -1 9 -1 9 -1 9 -1 9 -1 9 -1 9 -1 9 -1 9 -1 9 -1 9 -1 9 -1 9 -1 9 -1 9 -1 9 -1 9 -1 9 -1 9 -1 9 -1 9 -1 9 -1 9 -1 9 -1 9 -1 9 -1 9 -1 9 -1 9 -1 9 -1 9 -1 9 -1 9 -1 9 -1 9 -1 9 -1 9 -1 9 -1 9 -1 9 -1 -2
9 -1 9 -1 9 -1 9 -1 9 -1 9 -1 9 -1 9 -1 9 -1 9 -1 9 -1 9 -1 -2
9 -1 9 -1 -2
9 -1 -2
9 -1 9 -1 9 -1 -2
9 -1 9 -1 9 -1 9 -1 9 -1 9 -1 9 -1 9 -1 9 -1 9 -1 9 -1 9 -1 9 -1 9 -1 9 -1 9 -1 9 -1 9 -1 9 -1 9 -1 9 -1 9 -1 9 -1 9 -1 9 -1 9 -1 9 -1 9 -1 9 -1 9 -1 9 -1 9 -1 9 -1 9 -1 9 -1 9 -1 9 -1 9 -1 9 -1 9 -1 9 -1 9 -1 9 -1 9 -1 9 -1 9 -1 9 -1 9 -1 9 -1 9 -1 9 -1 9 -1 9 -1 9 -1 -2
9 -1 9 -1 9 -1 9 -1 9 -1 9 -1 9 -1 9 -1 -2
3 -1 3 -1 3 -1 3 -1 3 -1 3 -1 3 -1 3 -1 3 -1 3 -1 3 -1 3 -1 3 -1 3 -1 3 -1 3 -1 3 -1 -2
3 -1 3 -1 3 -1 3 -1 3 -1 3 -1 3 -1 3 -1 3 -1 3 -1 3 -1 3 -1 -2
3 -1 3 -1 3 -1 3 -1 -2
9 -1 -2
3 -1 3 -1 3 -1 3 -1 3 -1 3 -1 3 -1 3 -1 3 -1 3 -1 3 -1 3 -1 -2
9 -1 9 -1 9 -1 9 -1 9 -1 9 -1 9 -1 9 -1 9 -1 9 -1 9 -1 9 -1 9 -1 9 -1 9 -1 9 -1 9 -1 9 -1 9 -1 9 -1 9 -1 9 -1 9 -1 9 -1 9 -1 9 -1 9 -1 9 -1 9 -1 9 -1 9 -1 9 -1 9 -1 9 -1 9 -1 9 -1 9 -1 9 -1 9 -1 9 -1 9 -1 9 -1 9 -1 9 -1 9 -1 9 -1 9 -1 9 -1 9 -1 9 -1 9 -1 9 -1 9 -1 9 -1 9 -1 9 -1 9 -1 9 -1 9 -1 9 -1 9 -1 9 -1 9 -1 9 -1 9 -1 9 -1 9 -1 9 -1 9 -1 9 -1 9 -1 9 -1 9 -1 9 -1 9 -1 9 -1 9 -1 9 -1 9 -1 9 -1 9 -1 9 -1 9 -1 9 -1 9 -1 9 -1 9 -1 9 -1 9 -1 9 -1 9 -1 9 -1 9 -1 9 -1 9 -1 9 -1 9 -1 9 -1 9 -1 9 -1 9 -1 9 -1 9 -1 9 -1 9 -1 9 -1 9 -1 9 -1 9 -1 9 -1 9 -1 9 -1 9 -1 9 -1 9 -1 9 -1 9 -1 9 -1 9 -1 9 -1 9 -1 9 -1 9 -1 9 -1 9 -1 9 -1 9 -1 9 -1 9 -1 9 -1 9 -1 9 -1 9 -1 9 -1 9 -1 9 -1 9 -1 9 -1 9 -1 9 -1 9 -1 9 -1 9 -1 9 -1 9 -1 9 -1 9 -1 9 -1 9 -1 9 -1 9 -1 9 -1 9 -1 9 -1 9 -1 9 -1 9 -1 9 -1 9 -1 9 -1 9 -1 9 -1 9 -1 9 -1 9 -1 9 -1 9 -1 9 -1 9 -1 9 -1 9 -1 9 -1 9 -1 9 -1 9 -1 9 -1 9 -1 9 -1 9 -1 9 -1 9 -1 9 -1 9 -1 9 -1 9 -1 9 -1 9 -1 9 -1 9 -1 9 -1 9 -1 9 -1 9 -1 9 -1 9 -1 9 -1 9 -1 9 -1 9 -1 9 -1 9 -1 9 -1 9 -1 9 -1 9 -1 9 -1 9 -1 9 -1 9 -1 9 -1 9 -1 9 -1 9 -1 9 -1 9 -1 9 -1 9 -1 9 -1 9 -1 -2
9 -1 -2
9 -1 9 -1 9 -1 9 -1 9 -1 9 -1 9 -1 9 -1 9 -1 9 -1 9 -1 9 -1 -2
