70 -1 70 -1 70 -1 70 -1 70 -1 70 -1 70 -1 70 -1 70 -1 70 -1 -2
71 -1 71 -1 71 -1 71 -1 71 -1 71 -1 71 -1 71 -1 -2
71 -1 71 -1 71 -1 71 -1 71 -1 71 -1 71 -1 71 -1 71 -1 71 -1 -2
71 -1 71 -1 71 -1 71 -1 71 -1 71 -1 71 -1 71 -1 71 -1 71 -1 -2
71 -1 71 -1 71 -1 71 -1 71 -1 71 -1 -2
71 -1 71 -1 71 -1 71 -1 71 -1 71 -1 71 -1 71 -1 -2
71 -1 71 -1 71 -1 71 -1 71 -1 71 -1 -2
62 -1 62 -1 60 -1 60 -1 260 -1 260 -1 60 -1 60 -1 60 -1 60 -1 -2
62 -1 62 -1 60 -1 60 -1 199 -1 199 -1 60 -1 60 -1 60 -1 60 -1 60 -1 60 -1 -2
62 -1 62 -1 60 -1 60 -1 254 -1 254 -1 60 -1 60 -1 60 -1 60 -1 60 -1 60 -1 -2
62 -1 62 -1 60 -1 60 -1 236 -1 236 -1 60 -1 60 -1 60 -1 60 -1 -2
62 -1 62 -1 60 -1 60 -1 315 -1 315 -1 60 -1 60 -1 60 -1 60 -1 -2
62 -1 62 -1 60 -1 60 -1 254 -1 254 -1 60 -1 60 -1 60 -1 60 -1 60 -1 60 -1 -2
62 -1 62 -1 60 -1 60 -1 60 -1 60 -1 60 -1 60 -1 -2
62 -1 62 -1 60 -1 60 -1 287 -1 287 -1 60 -1 60 -1 60 -1 60 -1 -2
62 -1 62 -1 60 -1 60 -1 254 -1 254 -1 60 -1 60 -1 60 -1 60 -1 60 -1 60 -1 -2
62 -1 62 -1 60 -1 60 -1 287 -1 287 -1 60 -1 60 -1 60 -1 60 -1 -2
62 -1 62 -1 60 -1 60 -1 315 -1 315 -1 60 -1 60 -1 60 -1 60 -1 -2
62 -1 62 -1 60 -1 60 -1 254 -1 254 -1 60 -1 60 -1 60 -1 60 -1 60 -1 60 -1 -2
62 -1 62 -1 60 -1 60 -1 174 -1 174 -1 60 -1 60 -1 60 -1 60 -1 174 -1 174 -1 254 -1 254 -1 60 -1 60 -1 60 -1 60 -1 -2
60 -1 60 -1 60 -1 60 -1 60 -1 60 -1 60 -1 60 -1 60 -1 60 -1 60 -1 60 -1 60 -1 60 -1 60 -1 60 -1 60 -1 60 -1 60 -1 60 -1 60 -1 60 -1 60 -1 60 -1 60 -1 60 -1 60 -1 60 -1 60 -1 239 -1 239 -1 239 -1 239 -1 60 -1 60 -1 -2
62 -1 62 -1 62 -1 62 -1 60 -1 60 -1 357 -1 357 -1 60 -1 60 -1 60 -1 60 -1 -2
62 -1 62 -1 60 -1 60 -1 192 -1 192 -1 60 -1 60 -1 60 -1 60 -1 -2
62 -1 62 -1 62 -1 62 -1 62 -1 62 -1 -2
62 -1 62 -1 62 -1 62 -1 62 -1 62 -1 -2
62 -1 62 -1 62 -1 62 -1 62 -1 62 -1 -2
62 -1 62 -1 60 -1 60 -1 174 -1 174 -1 238 -1 238 -1 902 -1 902 -1 60 -1 60 -1 60 -1 60 -1 -2
62 -1 62 -1 60 -1 60 -1 174 -1 174 -1 236 -1 236 -1 902 -1 902 -1 60 -1 60 -1 60 -1 60 -1 -2
62 -1 62 -1 60 -1 174 -1 60 -1 174 -1 256 -1 902 -1 256 -1 902 -1 60 -1 60 -1 60 -1 60 -1 -2
62 -1 62 -1 60 -1 60 -1 174 -1 174 -1 256 -1 902 -1 256 -1 902 -1 60 -1 60 -1 60 -1 60 -1 -2
62 -1 62 -1 60 -1 174 -1 60 -1 174 -1 256 -1 902 -1 256 -1 902 -1 60 -1 60 -1 60 -1 60 -1 -2
62 -1 62 -1 60 -1 60 -1 174 -1 174 -1 256 -1 902 -1 256 -1 902 -1 60 -1 60 -1 60 -1 60 -1 -2
62 -1 62 -1 60 -1 60 -1 174 -1 174 -1 236 -1 902 -1 236 -1 902 -1 60 -1 60 -1 60 -1 60 -1 -2
62 -1 62 -1 60 -1 174 -1 60 -1 174 -1 236 -1 902 -1 236 -1 902 -1 60 -1 60 -1 60 -1 60 -1 -2
62 -1 62 -1 60 -1 60 -1 60 -1 60 -1 60 -1 60 -1 -2
62 -1 62 -1 60 -1 60 -1 60 -1 60 -1 60 -1 60 -1 -2
62 -1 62 -1 60 -1 60 -1 174 -1 174 -1 256 -1 256 -1 902 -1 902 -1 60 -1 60 -1 60 -1 60 -1 -2
62 -1 62 -1 60 -1 60 -1 174 -1 174 -1 238 -1 238 -1 902 -1 902 -1 60 -1 60 -1 60 -1 60 -1 -2
62 -1 62 -1 60 -1 60 -1 174 -1 174 -1 236 -1 236 -1 902 -1 902 -1 60 -1 60 -1 60 -1 60 -1 -2
62 -1 62 -1 60 -1 60 -1 174 -1 174 -1 256 -1 902 -1 256 -1 902 -1 60 -1 60 -1 60 -1 60 -1 -2
62 -1 62 -1 60 -1 60 -1 174 -1 174 -1 256 -1 902 -1 256 -1 902 -1 60 -1 60 -1 60 -1 60 -1 -2
60 -1 60 -1 60 -1 60 -1 60 -1 -2
60 -1 60 -1 60 -1 60 -1 60 -1 -2
60 -1 60 -1 60 -1 60 -1 60 -1 -2
62 -1 62 -1 62 -1 62 -1 62 -1 62 -1 -2
62 -1 62 -1 62 -1 62 -1 62 -1 62 -1 -2
92 -1 92 -1 92 -1 92 -1 92 -1 -2
62 -1 62 -1 60 -1 60 -1 126 -1 126 -1 78 -1 78 -1 78 -1 78 -1 78 -1 78 -1 78 -1 78 -1 78 -1 78 -1 78 -1 78 -1 78 -1 78 -1 78 -1 78 -1 78 -1 78 -1 78 -1 78 -1 78 -1 78 -1 78 -1 78 -1 78 -1 78 -1 78 -1 78 -1 60 -1 60 -1 60 -1 60 -1 -2
62 -1 62 -1 60 -1 60 -1 174 -1 174 -1 256 -1 256 -1 902 -1 902 -1 60 -1 60 -1 60 -1 60 -1 60 -1 60 -1 -2
62 -1 62 -1 60 -1 60 -1 174 -1 174 -1 256 -1 256 -1 902 -1 902 -1 60 -1 60 -1 60 -1 60 -1 -2
62 -1 62 -1 60 -1 60 -1 174 -1 174 -1 256 -1 256 -1 902 -1 902 -1 60 -1 60 -1 60 -1 60 -1 -2
62 -1 62 -1 60 -1 60 -1 174 -1 174 -1 256 -1 256 -1 902 -1 902 -1 60 -1 60 -1 60 -1 60 -1 -2
62 -1 62 -1 60 -1 60 -1 174 -1 174 -1 256 -1 256 -1 902 -1 902 -1 60 -1 60 -1 60 -1 60 -1 60 -1 60 -1 -2
62 -1 62 -1 60 -1 60 -1 174 -1 174 -1 256 -1 256 -1 902 -1 902 -1 60 -1 60 -1 60 -1 60 -1 -2
62 -1 62 -1 60 -1 60 -1 174 -1 174 -1 256 -1 256 -1 902 -1 902 -1 60 -1 60 -1 60 -1 60 -1 -2
62 -1 62 -1 60 -1 60 -1 174 -1 174 -1 236 -1 236 -1 902 -1 902 -1 60 -1 60 -1 60 -1 60 -1 -2
62 -1 62 -1 60 -1 60 -1 174 -1 174 -1 236 -1 236 -1 902 -1 902 -1 60 -1 60 -1 60 -1 60 -1 60 -1 60 -1 -2
60 -1 60 -1 60 -1 60 -1 60 -1 -2
60 -1 60 -1 60 -1 60 -1 60 -1 -2
60 -1 60 -1 60 -1 60 -1 60 -1 -2
60 -1 60 -1 60 -1 60 -1 60 -1 -2
60 -1 60 -1 60 -1 60 -1 60 -1 -2
62 -1 62 -1 62 -1 62 -1 62 -1 62 -1 -2
62 -1 62 -1 60 -1 60 -1 174 -1 174 -1 238 -1 238 -1 902 -1 902 -1 60 -1 60 -1 60 -1 60 -1 -2
62 -1 62 -1 60 -1 60 -1 174 -1 174 -1 256 -1 256 -1 902 -1 902 -1 60 -1 60 -1 60 -1 60 -1 60 -1 60 -1 -2
60 -1 60 -1 60 -1 60 -1 60 -1 -2
62 -1 62 -1 60 -1 60 -1 60 -1 60 -1 60 -1 60 -1 -2
60 -1 60 -1 60 -1 60 -1 60 -1 -2
62 -1 62 -1 60 -1 60 -1 266 -1 266 -1 60 -1 60 -1 60 -1 60 -1 -2
62 -1 62 -1 62 -1 62 -1 62 -1 62 -1 -2
62 -1 62 -1 60 -1 60 -1 60 -1 60 -1 60 -1 60 -1 -2
62 -1 62 -1 60 -1 60 -1 174 -1 174 -1 256 -1 256 -1 902 -1 902 -1 60 -1 60 -1 60 -1 60 -1 -2
62 -1 62 -1 60 -1 60 -1 174 -1 174 -1 238 -1 238 -1 902 -1 902 -1 60 -1 60 -1 60 -1 60 -1 -2
62 -1 62 -1 60 -1 174 -1 60 -1 174 -1 256 -1 902 -1 256 -1 902 -1 60 -1 60 -1 60 -1 60 -1 -2
62 -1 62 -1 60 -1 60 -1 174 -1 174 -1 256 -1 902 -1 256 -1 902 -1 60 -1 60 -1 60 -1 60 -1 -2
62 -1 62 -1 60 -1 60 -1 174 -1 174 -1 256 -1 902 -1 256 -1 902 -1 60 -1 60 -1 60 -1 60 -1 -2
62 -1 62 -1 60 -1 60 -1 174 -1 174 -1 256 -1 902 -1 256 -1 902 -1 60 -1 60 -1 60 -1 60 -1 -2
62 -1 62 -1 60 -1 60 -1 174 -1 174 -1 256 -1 902 -1 256 -1 902 -1 60 -1 60 -1 60 -1 60 -1 -2
62 -1 62 -1 60 -1 60 -1 174 -1 174 -1 256 -1 902 -1 256 -1 902 -1 60 -1 60 -1 60 -1 60 -1 -2
62 -1 62 -1 60 -1 60 -1 174 -1 174 -1 256 -1 902 -1 256 -1 902 -1 60 -1 60 -1 60 -1 60 -1 -2
62 -1 62 -1 60 -1 60 -1 174 -1 174 -1 236 -1 902 -1 236 -1 902 -1 60 -1 60 -1 60 -1 60 -1 -2
62 -1 62 -1 60 -1 60 -1 126 -1 126 -1 78 -1 78 -1 78 -1 78 -1 78 -1 78 -1 78 -1 78 -1 78 -1 78 -1 78 -1 78 -1 78 -1 78 -1 78 -1 78 -1 78 -1 78 -1 78 -1 78 -1 78 -1 78 -1 78 -1 78 -1 78 -1 78 -1 78 -1 78 -1 60 -1 60 -1 60 -1 60 -1 -2
62 -1 62 -1 60 -1 60 -1 174 -1 174 -1 238 -1 238 -1 902 -1 902 -1 60 -1 60 -1 60 -1 60 -1 -2
62 -1 62 -1 60 -1 60 -1 174 -1 174 -1 236 -1 236 -1 902 -1 902 -1 60 -1 60 -1 60 -1 60 -1 -2
62 -1 62 -1 60 -1 60 -1 174 -1 174 -1 256 -1 256 -1 902 -1 902 -1 60 -1 60 -1 60 -1 60 -1 60 -1 60 -1 -2
62 -1 62 -1 60 -1 60 -1 174 -1 174 -1 256 -1 256 -1 902 -1 902 -1 60 -1 60 -1 60 -1 60 -1 -2
62 -1 62 -1 60 -1 60 -1 174 -1 174 -1 256 -1 256 -1 902 -1 902 -1 60 -1 60 -1 60 -1 60 -1 -2
62 -1 62 -1 60 -1 60 -1 174 -1 174 -1 256 -1 256 -1 902 -1 902 -1 60 -1 60 -1 60 -1 60 -1 -2
62 -1 62 -1 60 -1 60 -1 174 -1 174 -1 236 -1 236 -1 902 -1 902 -1 60 -1 60 -1 60 -1 60 -1 -2
62 -1 62 -1 60 -1 60 -1 174 -1 174 -1 236 -1 236 -1 902 -1 902 -1 60 -1 60 -1 60 -1 60 -1 -2
62 -1 62 -1 60 -1 60 -1 60 -1 60 -1 60 -1 60 -1 -2
62 -1 62 -1 62 -1 62 -1 62 -1 62 -1 -2
62 -1 62 -1 60 -1 60 -1 126 -1 126 -1 78 -1 78 -1 78 -1 78 -1 78 -1 78 -1 78 -1 78 -1 78 -1 78 -1 78 -1 78 -1 78 -1 78 -1 78 -1 78 -1 78 -1 78 -1 78 -1 78 -1 78 -1 78 -1 78 -1 78 -1 78 -1 78 -1 78 -1 78 -1 60 -1 60 -1 60 -1 60 -1 -2
62 -1 62 -1 60 -1 60 -1 174 -1 174 -1 256 -1 256 -1 902 -1 902 -1 60 -1 60 -1 60 -1 60 -1 60 -1 60 -1 -2
62 -1 62 -1 60 -1 60 -1 174 -1 174 -1 236 -1 236 -1 902 -1 902 -1 60 -1 60 -1 60 -1 60 -1 -2
62 -1 62 -1 60 -1 60 -1 174 -1 174 -1 256 -1 902 -1 256 -1 902 -1 60 -1 60 -1 60 -1 60 -1 -2
62 -1 62 -1 60 -1 60 -1 174 -1 174 -1 256 -1 902 -1 256 -1 902 -1 60 -1 60 -1 60 -1 60 -1 -2
62 -1 62 -1 60 -1 60 -1 174 -1 174 -1 256 -1 902 -1 256 -1 902 -1 60 -1 60 -1 60 -1 60 -1 -2
62 -1 62 -1 60 -1 60 -1 174 -1 174 -1 256 -1 902 -1 256 -1 902 -1 60 -1 60 -1 60 -1 60 -1 -2
62 -1 62 -1 60 -1 60 -1 174 -1 174 -1 256 -1 902 -1 256 -1 902 -1 60 -1 60 -1 60 -1 60 -1 -2
62 -1 62 -1 60 -1 60 -1 174 -1 174 -1 236 -1 902 -1 236 -1 902 -1 60 -1 60 -1 60 -1 60 -1 -2
62 -1 62 -1 60 -1 60 -1 174 -1 174 -1 236 -1 902 -1 236 -1 902 -1 60 -1 60 -1 60 -1 60 -1 -2
62 -1 62 -1 60 -1 60 -1 126 -1 126 -1 78 -1 78 -1 60 -1 60 -1 78 -1 78 -1 78 -1 78 -1 78 -1 78 -1 78 -1 78 -1 78 -1 78 -1 78 -1 78 -1 78 -1 78 -1 78 -1 78 -1 78 -1 78 -1 78 -1 78 -1 78 -1 78 -1 78 -1 78 -1 78 -1 78 -1 60 -1 60 -1 60 -1 60 -1 -2
62 -1 62 -1 60 -1 60 -1 174 -1 174 -1 256 -1 256 -1 902 -1 902 -1 60 -1 60 -1 60 -1 60 -1 -2
62 -1 62 -1 60 -1 60 -1 174 -1 174 -1 238 -1 238 -1 902 -1 902 -1 60 -1 60 -1 60 -1 60 -1 -2
62 -1 62 -1 60 -1 60 -1 174 -1 174 -1 236 -1 236 -1 902 -1 902 -1 60 -1 60 -1 60 -1 60 -1 -2
62 -1 62 -1 60 -1 60 -1 174 -1 174 -1 256 -1 256 -1 902 -1 902 -1 60 -1 60 -1 60 -1 60 -1 -2
62 -1 62 -1 60 -1 60 -1 174 -1 174 -1 256 -1 256 -1 902 -1 902 -1 60 -1 60 -1 60 -1 60 -1 -2
62 -1 62 -1 60 -1 60 -1 174 -1 174 -1 256 -1 256 -1 902 -1 902 -1 60 -1 60 -1 60 -1 60 -1 -2
62 -1 62 -1 60 -1 60 -1 174 -1 174 -1 256 -1 256 -1 902 -1 902 -1 60 -1 60 -1 60 -1 60 -1 -2
62 -1 62 -1 60 -1 60 -1 174 -1 174 -1 256 -1 256 -1 902 -1 902 -1 60 -1 60 -1 60 -1 60 -1 -2
62 -1 62 -1 60 -1 60 -1 174 -1 174 -1 256 -1 256 -1 902 -1 902 -1 60 -1 60 -1 60 -1 60 -1 -2
62 -1 62 -1 60 -1 60 -1 174 -1 174 -1 236 -1 236 -1 902 -1 902 -1 60 -1 60 -1 60 -1 60 -1 -2
62 -1 62 -1 60 -1 60 -1 174 -1 174 -1 236 -1 236 -1 902 -1 902 -1 60 -1 60 -1 60 -1 60 -1 -2
62 -1 62 -1 60 -1 60 -1 174 -1 174 -1 236 -1 236 -1 902 -1 902 -1 60 -1 60 -1 60 -1 60 -1 -2
60 -1 60 -1 60 -1 60 -1 60 -1 -2
60 -1 60 -1 60 -1 60 -1 60 -1 -2
60 -1 60 -1 60 -1 60 -1 60 -1 -2
62 -1 62 -1 62 -1 62 -1 62 -1 62 -1 -2
62 -1 62 -1 62 -1 62 -1 62 -1 62 -1 -2
62 -1 62 -1 60 -1 60 -1 126 -1 126 -1 78 -1 78 -1 78 -1 78 -1 78 -1 78 -1 78 -1 78 -1 78 -1 78 -1 78 -1 78 -1 78 -1 78 -1 78 -1 78 -1 78 -1 78 -1 78 -1 78 -1 78 -1 78 -1 78 -1 78 -1 78 -1 78 -1 78 -1 78 -1 78 -1 78 -1 60 -1 60 -1 60 -1 60 -1 -2
62 -1 62 -1 60 -1 60 -1 174 -1 174 -1 256 -1 256 -1 902 -1 902 -1 60 -1 60 -1 60 -1 60 -1 -2
62 -1 62 -1 60 -1 60 -1 126 -1 126 -1 870 -1 870 -1 60 -1 60 -1 60 -1 60 -1 -2
62 -1 62 -1 60 -1 174 -1 60 -1 174 -1 238 -1 902 -1 238 -1 902 -1 60 -1 60 -1 60 -1 60 -1 -2
62 -1 62 -1 60 -1 174 -1 60 -1 174 -1 256 -1 902 -1 256 -1 902 -1 60 -1 60 -1 60 -1 60 -1 -2
62 -1 62 -1 60 -1 174 -1 60 -1 174 -1 256 -1 902 -1 256 -1 902 -1 60 -1 60 -1 60 -1 60 -1 -2
62 -1 62 -1 60 -1 174 -1 60 -1 174 -1 256 -1 902 -1 256 -1 902 -1 60 -1 60 -1 60 -1 60 -1 -2
62 -1 62 -1 60 -1 174 -1 60 -1 174 -1 256 -1 902 -1 256 -1 902 -1 60 -1 60 -1 60 -1 60 -1 -2
62 -1 62 -1 60 -1 174 -1 60 -1 174 -1 256 -1 902 -1 256 -1 902 -1 60 -1 60 -1 60 -1 60 -1 -2
62 -1 62 -1 60 -1 174 -1 60 -1 174 -1 236 -1 902 -1 236 -1 902 -1 60 -1 60 -1 60 -1 60 -1 -2
62 -1 62 -1 60 -1 60 -1 126 -1 126 -1 78 -1 78 -1 78 -1 78 -1 78 -1 78 -1 78 -1 78 -1 78 -1 78 -1 78 -1 78 -1 78 -1 78 -1 78 -1 78 -1 78 -1 78 -1 78 -1 78 -1 78 -1 78 -1 78 -1 78 -1 78 -1 78 -1 78 -1 78 -1 60 -1 60 -1 60 -1 60 -1 -2
62 -1 62 -1 60 -1 174 -1 60 -1 174 -1 256 -1 902 -1 256 -1 902 -1 60 -1 60 -1 60 -1 60 -1 -2
62 -1 62 -1 60 -1 174 -1 60 -1 174 -1 256 -1 902 -1 256 -1 902 -1 60 -1 60 -1 60 -1 60 -1 -2
62 -1 62 -1 60 -1 174 -1 60 -1 174 -1 256 -1 902 -1 256 -1 902 -1 60 -1 60 -1 60 -1 60 -1 -2
62 -1 62 -1 60 -1 174 -1 60 -1 174 -1 256 -1 902 -1 256 -1 902 -1 60 -1 60 -1 60 -1 60 -1 -2
62 -1 62 -1 60 -1 174 -1 60 -1 174 -1 256 -1 902 -1 256 -1 902 -1 60 -1 60 -1 60 -1 60 -1 -2
62 -1 62 -1 60 -1 174 -1 60 -1 174 -1 236 -1 902 -1 236 -1 902 -1 60 -1 60 -1 60 -1 60 -1 -2
62 -1 62 -1 60 -1 60 -1 174 -1 174 -1 236 -1 902 -1 236 -1 902 -1 60 -1 60 -1 60 -1 60 -1 -2
62 -1 62 -1 60 -1 60 -1 126 -1 126 -1 78 -1 78 -1 78 -1 78 -1 78 -1 78 -1 78 -1 78 -1 78 -1 78 -1 78 -1 78 -1 78 -1 78 -1 78 -1 78 -1 78 -1 78 -1 78 -1 78 -1 78 -1 78 -1 78 -1 78 -1 78 -1 78 -1 78 -1 78 -1 60 -1 60 -1 60 -1 60 -1 -2
62 -1 62 -1 60 -1 60 -1 174 -1 174 -1 256 -1 256 -1 902 -1 902 -1 60 -1 60 -1 60 -1 60 -1 -2
62 -1 62 -1 60 -1 60 -1 174 -1 174 -1 256 -1 256 -1 902 -1 902 -1 60 -1 60 -1 60 -1 60 -1 -2
62 -1 62 -1 60 -1 60 -1 174 -1 174 -1 256 -1 256 -1 902 -1 902 -1 60 -1 60 -1 60 -1 60 -1 -2
62 -1 62 -1 60 -1 60 -1 174 -1 174 -1 236 -1 236 -1 902 -1 902 -1 60 -1 60 -1 60 -1 60 -1 -2
60 -1 60 -1 60 -1 60 -1 60 -1 -2
60 -1 60 -1 60 -1 60 -1 60 -1 -2
60 -1 60 -1 60 -1 60 -1 60 -1 -2
60 -1 60 -1 60 -1 60 -1 60 -1 -2
62 -1 62 -1 60 -1 60 -1 266 -1 266 -1 60 -1 60 -1 60 -1 60 -1 60 -1 60 -1 -2
62 -1 62 -1 62 -1 62 -1 62 -1 62 -1 -2
62 -1 62 -1 60 -1 60 -1 174 -1 174 -1 256 -1 256 -1 902 -1 902 -1 60 -1 60 -1 60 -1 60 -1 -2
62 -1 62 -1 60 -1 60 -1 174 -1 174 -1 256 -1 256 -1 902 -1 902 -1 60 -1 60 -1 60 -1 60 -1 -2
62 -1 62 -1 60 -1 60 -1 174 -1 174 -1 256 -1 256 -1 902 -1 902 -1 60 -1 60 -1 60 -1 60 -1 -2
62 -1 62 -1 60 -1 60 -1 174 -1 174 -1 256 -1 256 -1 902 -1 902 -1 60 -1 60 -1 60 -1 60 -1 -2
62 -1 62 -1 60 -1 60 -1 174 -1 174 -1 236 -1 236 -1 902 -1 902 -1 60 -1 60 -1 60 -1 60 -1 -2
62 -1 62 -1 60 -1 60 -1 174 -1 174 -1 236 -1 236 -1 902 -1 902 -1 60 -1 60 -1 60 -1 60 -1 -2
62 -1 62 -1 60 -1 60 -1 219 -1 219 -1 60 -1 60 -1 219 -1 219 -1 60 -1 60 -1 60 -1 60 -1 -2
62 -1 62 -1 62 -1 62 -1 62 -1 62 -1 -2
62 -1 62 -1 62 -1 62 -1 62 -1 62 -1 -2
62 -1 62 -1 60 -1 60 -1 60 -1 60 -1 60 -1 60 -1 -2
62 -1 62 -1 62 -1 62 -1 62 -1 62 -1 -2
214 -1 214 -1 214 -1 214 -1 214 -1 214 -1 214 -1 214 -1 214 -1 214 -1 214 -1 686 -1 686 -1 -2
214 -1 214 -1 214 -1 214 -1 214 -1 214 -1 214 -1 214 -1 214 -1 -2
214 -1 214 -1 214 -1 214 -1 214 -1 214 -1 214 -1 214 -1 214 -1 214 -1 214 -1 214 -1 214 -1 214 -1 214 -1 214 -1 214 -1 214 -1 214 -1 214 -1 214 -1 214 -1 214 -1 214 -1 214 -1 214 -1 214 -1 214 -1 214 -1 214 -1 214 -1 -2
214 -1 214 -1 214 -1 214 -1 214 -1 214 -1 214 -1 214 -1 214 -1 214 -1 214 -1 214 -1 214 -1 214 -1 214 -1 214 -1 214 -1 214 -1 214 -1 686 -1 686 -1 -2
214 -1 214 -1 214 -1 214 -1 214 -1 214 -1 214 -1 214 -1 214 -1 214 -1 214 -1 214 -1 214 -1 214 -1 214 -1 214 -1 214 -1 214 -1 214 -1 686 -1 686 -1 -2
214 -1 214 -1 214 -1 214 -1 214 -1 214 -1 214 -1 -2
214 -1 214 -1 214 -1 214 -1 214 -1 214 -1 214 -1 214 -1 214 -1 214 -1 214 -1 686 -1 686 -1 -2
214 -1 214 -1 214 -1 214 -1 214 -1 214 -1 214 -1 214 -1 214 -1 214 -1 214 -1 214 -1 214 -1 214 -1 214 -1 214 -1 214 -1 -2
214 -1 214 -1 214 -1 214 -1 214 -1 214 -1 214 -1 214 -1 214 -1 214 -1 214 -1 214 -1 214 -1 214 -1 214 -1 214 -1 214 -1 214 -1 214 -1 214 -1 214 -1 214 -1 214 -1 686 -1 686 -1 -2
214 -1 214 -1 214 -1 214 -1 214 -1 214 -1 214 -1 214 -1 214 -1 214 -1 214 -1 214 -1 214 -1 214 -1 214 -1 214 -1 214 -1 -2
214 -1 214 -1 214 -1 214 -1 214 -1 214 -1 214 -1 214 -1 214 -1 214 -1 214 -1 214 -1 214 -1 214 -1 214 -1 214 -1 214 -1 214 -1 214 -1 686 -1 686 -1 -2
214 -1 214 -1 214 -1 214 -1 214 -1 214 -1 214 -1 214 -1 214 -1 214 -1 214 -1 214 -1 214 -1 -2
214 -1 214 -1 214 -1 214 -1 214 -1 214 -1 214 -1 214 -1 214 -1 214 -1 214 -1 214 -1 214 -1 214 -1 214 -1 214 -1 214 -1 214 -1 214 -1 214 -1 214 -1 214 -1 214 -1 214 -1 214 -1 686 -1 686 -1 -2
214 -1 214 -1 214 -1 214 -1 214 -1 -2
214 -1 214 -1 214 -1 214 -1 214 -1 214 -1 214 -1 214 -1 214 -1 214 -1 214 -1 214 -1 214 -1 214 -1 214 -1 214 -1 214 -1 214 -1 214 -1 686 -1 686 -1 -2
214 -1 214 -1 214 -1 214 -1 214 -1 214 -1 214 -1 214 -1 214 -1 214 -1 214 -1 214 -1 214 -1 214 -1 214 -1 214 -1 214 -1 214 -1 214 -1 -2
62 -1 62 -1 60 -1 60 -1 60 -1 60 -1 60 -1 60 -1 -2
62 -1 62 -1 60 -1 60 -1 60 -1 60 -1 60 -1 60 -1 -2
62 -1 62 -1 60 -1 60 -1 174 -1 174 -1 236 -1 236 -1 902 -1 902 -1 60 -1 60 -1 60 -1 60 -1 -2
62 -1 62 -1 60 -1 60 -1 174 -1 174 -1 256 -1 902 -1 256 -1 902 -1 60 -1 60 -1 60 -1 60 -1 -2
62 -1 62 -1 60 -1 60 -1 174 -1 174 -1 256 -1 902 -1 256 -1 902 -1 60 -1 60 -1 60 -1 60 -1 -2
62 -1 62 -1 60 -1 60 -1 174 -1 174 -1 256 -1 902 -1 256 -1 902 -1 60 -1 60 -1 60 -1 60 -1 -2
62 -1 62 -1 60 -1 60 -1 174 -1 174 -1 256 -1 902 -1 256 -1 902 -1 60 -1 60 -1 60 -1 60 -1 -2
62 -1 62 -1 60 -1 60 -1 174 -1 174 -1 256 -1 902 -1 256 -1 902 -1 60 -1 60 -1 60 -1 60 -1 -2
62 -1 62 -1 60 -1 60 -1 126 -1 126 -1 78 -1 78 -1 60 -1 60 -1 78 -1 78 -1 78 -1 78 -1 78 -1 78 -1 78 -1 78 -1 78 -1 78 -1 78 -1 78 -1 78 -1 78 -1 78 -1 78 -1 78 -1 78 -1 78 -1 78 -1 78 -1 78 -1 78 -1 78 -1 78 -1 78 -1 60 -1 60 -1 60 -1 60 -1 -2
62 -1 62 -1 60 -1 60 -1 174 -1 174 -1 256 -1 256 -1 902 -1 902 -1 60 -1 60 -1 60 -1 60 -1 -2
62 -1 62 -1 60 -1 60 -1 174 -1 174 -1 256 -1 256 -1 902 -1 902 -1 60 -1 60 -1 60 -1 60 -1 -2
62 -1 62 -1 60 -1 60 -1 174 -1 174 -1 256 -1 256 -1 902 -1 902 -1 60 -1 60 -1 60 -1 60 -1 -2
62 -1 62 -1 60 -1 60 -1 174 -1 174 -1 256 -1 256 -1 902 -1 902 -1 60 -1 60 -1 60 -1 60 -1 -2
62 -1 62 -1 60 -1 60 -1 174 -1 174 -1 256 -1 256 -1 902 -1 902 -1 60 -1 60 -1 60 -1 60 -1 -2
62 -1 62 -1 60 -1 60 -1 174 -1 174 -1 256 -1 256 -1 902 -1 902 -1 60 -1 60 -1 60 -1 60 -1 -2
62 -1 62 -1 60 -1 60 -1 174 -1 174 -1 256 -1 256 -1 902 -1 902 -1 60 -1 60 -1 60 -1 60 -1 -2
62 -1 62 -1 60 -1 60 -1 174 -1 174 -1 236 -1 236 -1 902 -1 902 -1 60 -1 60 -1 60 -1 60 -1 -2
62 -1 62 -1 60 -1 60 -1 174 -1 174 -1 236 -1 236 -1 902 -1 902 -1 60 -1 60 -1 60 -1 60 -1 -2
62 -1 62 -1 60 -1 60 -1 60 -1 60 -1 60 -1 60 -1 -2
62 -1 62 -1 62 -1 62 -1 62 -1 62 -1 -2
62 -1 62 -1 60 -1 60 -1 60 -1 60 -1 60 -1 60 -1 -2
62 -1 62 -1 60 -1 60 -1 174 -1 174 -1 256 -1 256 -1 902 -1 902 -1 60 -1 60 -1 60 -1 60 -1 -2
62 -1 62 -1 60 -1 60 -1 174 -1 174 -1 256 -1 256 -1 902 -1 902 -1 60 -1 60 -1 60 -1 60 -1 -2
62 -1 62 -1 60 -1 60 -1 174 -1 174 -1 256 -1 256 -1 902 -1 902 -1 60 -1 60 -1 60 -1 60 -1 -2
62 -1 62 -1 60 -1 60 -1 174 -1 174 -1 256 -1 256 -1 902 -1 902 -1 60 -1 60 -1 60 -1 60 -1 -2
62 -1 62 -1 60 -1 60 -1 174 -1 174 -1 236 -1 236 -1 902 -1 902 -1 60 -1 60 -1 60 -1 60 -1 -2
62 -1 62 -1 60 -1 60 -1 174 -1 174 -1 236 -1 236 -1 902 -1 902 -1 60 -1 60 -1 60 -1 60 -1 -2
60 -1 60 -1 60 -1 60 -1 60 -1 -2
60 -1 60 -1 60 -1 60 -1 60 -1 -2
60 -1 60 -1 60 -1 60 -1 60 -1 -2
62 -1 62 -1 62 -1 62 -1 62 -1 62 -1 -2
62 -1 62 -1 62 -1 62 -1 62 -1 62 -1 -2
62 -1 62 -1 60 -1 60 -1 60 -1 60 -1 60 -1 60 -1 -2
62 -1 62 -1 60 -1 60 -1 174 -1 174 -1 236 -1 902 -1 236 -1 902 -1 60 -1 60 -1 60 -1 60 -1 -2
62 -1 62 -1 60 -1 174 -1 60 -1 174 -1 256 -1 902 -1 256 -1 902 -1 60 -1 60 -1 60 -1 60 -1 -2
62 -1 62 -1 60 -1 174 -1 60 -1 174 -1 256 -1 902 -1 256 -1 902 -1 60 -1 60 -1 60 -1 60 -1 -2
62 -1 62 -1 60 -1 174 -1 60 -1 174 -1 256 -1 902 -1 256 -1 902 -1 60 -1 60 -1 60 -1 60 -1 -2
62 -1 62 -1 60 -1 174 -1 60 -1 174 -1 256 -1 902 -1 256 -1 902 -1 60 -1 60 -1 60 -1 60 -1 -2
62 -1 62 -1 60 -1 60 -1 174 -1 174 -1 256 -1 902 -1 256 -1 902 -1 60 -1 60 -1 60 -1 60 -1 -2
62 -1 62 -1 60 -1 174 -1 60 -1 174 -1 236 -1 902 -1 236 -1 902 -1 60 -1 60 -1 60 -1 60 -1 -2
62 -1 62 -1 60 -1 60 -1 174 -1 174 -1 256 -1 902 -1 256 -1 902 -1 60 -1 60 -1 60 -1 60 -1 -2
62 -1 62 -1 60 -1 60 -1 174 -1 174 -1 256 -1 902 -1 256 -1 902 -1 60 -1 60 -1 60 -1 60 -1 -2
62 -1 62 -1 60 -1 60 -1 174 -1 174 -1 256 -1 902 -1 256 -1 902 -1 60 -1 60 -1 60 -1 60 -1 -2
62 -1 62 -1 60 -1 174 -1 60 -1 174 -1 236 -1 902 -1 236 -1 902 -1 60 -1 60 -1 60 -1 60 -1 -2
62 -1 62 -1 60 -1 60 -1 174 -1 174 -1 256 -1 256 -1 902 -1 902 -1 60 -1 60 -1 60 -1 60 -1 -2
62 -1 62 -1 60 -1 60 -1 174 -1 174 -1 256 -1 256 -1 902 -1 902 -1 60 -1 60 -1 60 -1 60 -1 60 -1 60 -1 -2
62 -1 62 -1 60 -1 60 -1 174 -1 174 -1 256 -1 256 -1 902 -1 902 -1 60 -1 60 -1 60 -1 60 -1 -2
62 -1 62 -1 60 -1 60 -1 174 -1 174 -1 236 -1 236 -1 902 -1 902 -1 60 -1 60 -1 60 -1 60 -1 -2
62 -1 62 -1 60 -1 60 -1 174 -1 174 -1 236 -1 236 -1 902 -1 902 -1 60 -1 60 -1 60 -1 60 -1 -2
60 -1 60 -1 60 -1 60 -1 60 -1 -2
60 -1 60 -1 60 -1 60 -1 60 -1 -2
62 -1 62 -1 62 -1 62 -1 62 -1 62 -1 -2
62 -1 62 -1 62 -1 62 -1 62 -1 62 -1 -2
62 -1 62 -1 62 -1 62 -1 62 -1 62 -1 -2
62 -1 62 -1 60 -1 60 -1 126 -1 126 -1 78 -1 78 -1 78 -1 78 -1 78 -1 78 -1 78 -1 78 -1 78 -1 78 -1 78 -1 78 -1 78 -1 78 -1 78 -1 78 -1 78 -1 78 -1 78 -1 78 -1 78 -1 78 -1 78 -1 78 -1 78 -1 78 -1 78 -1 78 -1 60 -1 60 -1 60 -1 60 -1 -2
62 -1 62 -1 60 -1 60 -1 174 -1 174 -1 256 -1 256 -1 902 -1 902 -1 60 -1 60 -1 60 -1 60 -1 -2
62 -1 62 -1 60 -1 60 -1 174 -1 174 -1 236 -1 236 -1 902 -1 902 -1 60 -1 60 -1 60 -1 60 -1 -2
62 -1 62 -1 60 -1 174 -1 60 -1 174 -1 256 -1 902 -1 256 -1 902 -1 60 -1 60 -1 60 -1 60 -1 -2
62 -1 62 -1 60 -1 60 -1 174 -1 174 -1 256 -1 902 -1 256 -1 902 -1 60 -1 60 -1 60 -1 60 -1 -2
62 -1 62 -1 60 -1 174 -1 60 -1 174 -1 256 -1 902 -1 256 -1 902 -1 60 -1 60 -1 60 -1 60 -1 -2
62 -1 62 -1 60 -1 174 -1 60 -1 174 -1 256 -1 902 -1 256 -1 902 -1 60 -1 60 -1 60 -1 60 -1 -2
62 -1 62 -1 60 -1 174 -1 60 -1 174 -1 256 -1 902 -1 256 -1 902 -1 60 -1 60 -1 60 -1 60 -1 -2
62 -1 62 -1 60 -1 60 -1 174 -1 174 -1 236 -1 902 -1 236 -1 902 -1 60 -1 60 -1 60 -1 60 -1 -2
62 -1 62 -1 60 -1 174 -1 60 -1 174 -1 236 -1 902 -1 236 -1 902 -1 60 -1 60 -1 60 -1 60 -1 -2
62 -1 62 -1 60 -1 60 -1 174 -1 174 -1 238 -1 238 -1 902 -1 902 -1 60 -1 60 -1 60 -1 60 -1 -2
62 -1 62 -1 60 -1 60 -1 174 -1 174 -1 256 -1 256 -1 902 -1 902 -1 60 -1 60 -1 60 -1 60 -1 -2
62 -1 62 -1 60 -1 60 -1 174 -1 174 -1 256 -1 902 -1 256 -1 902 -1 60 -1 60 -1 60 -1 60 -1 -2
62 -1 62 -1 60 -1 60 -1 174 -1 174 -1 256 -1 256 -1 902 -1 902 -1 60 -1 60 -1 60 -1 60 -1 -2
62 -1 62 -1 60 -1 60 -1 174 -1 174 -1 236 -1 236 -1 902 -1 902 -1 60 -1 60 -1 60 -1 60 -1 -2
62 -1 62 -1 60 -1 60 -1 174 -1 174 -1 236 -1 902 -1 236 -1 902 -1 60 -1 60 -1 60 -1 60 -1 -2
62 -1 62 -1 60 -1 60 -1 60 -1 60 -1 60 -1 60 -1 -2
60 -1 60 -1 60 -1 60 -1 60 -1 -2
62 -1 62 -1 60 -1 60 -1 126 -1 126 -1 78 -1 78 -1 78 -1 78 -1 78 -1 78 -1 78 -1 78 -1 78 -1 78 -1 78 -1 78 -1 78 -1 78 -1 78 -1 78 -1 78 -1 78 -1 78 -1 78 -1 78 -1 78 -1 78 -1 78 -1 78 -1 78 -1 78 -1 78 -1 60 -1 60 -1 60 -1 60 -1 -2
62 -1 62 -1 60 -1 60 -1 174 -1 174 -1 256 -1 256 -1 902 -1 902 -1 60 -1 60 -1 60 -1 60 -1 -2
62 -1 62 -1 60 -1 60 -1 174 -1 174 -1 256 -1 256 -1 902 -1 902 -1 60 -1 60 -1 60 -1 60 -1 -2
62 -1 62 -1 60 -1 60 -1 174 -1 174 -1 256 -1 256 -1 902 -1 902 -1 60 -1 60 -1 60 -1 60 -1 -2
62 -1 62 -1 60 -1 60 -1 174 -1 174 -1 256 -1 256 -1 902 -1 902 -1 60 -1 60 -1 60 -1 60 -1 -2
62 -1 62 -1 60 -1 60 -1 174 -1 174 -1 256 -1 256 -1 902 -1 902 -1 60 -1 60 -1 60 -1 60 -1 60 -1 60 -1 -2
62 -1 62 -1 60 -1 60 -1 174 -1 174 -1 256 -1 256 -1 902 -1 902 -1 60 -1 60 -1 60 -1 60 -1 -2
62 -1 62 -1 60 -1 60 -1 174 -1 174 -1 236 -1 236 -1 902 -1 902 -1 60 -1 60 -1 60 -1 60 -1 -2
62 -1 62 -1 60 -1 60 -1 174 -1 174 -1 236 -1 236 -1 902 -1 902 -1 60 -1 60 -1 60 -1 60 -1 -2
214 -1 214 -1 214 -1 214 -1 214 -1 214 -1 214 -1 214 -1 214 -1 214 -1 214 -1 214 -1 214 -1 214 -1 214 -1 214 -1 214 -1 214 -1 214 -1 214 -1 214 -1 214 -1 214 -1 214 -1 214 -1 214 -1 214 -1 214 -1 214 -1 214 -1 214 -1 214 -1 214 -1 214 -1 214 -1 214 -1 214 -1 214 -1 214 -1 214 -1 214 -1 686 -1 686 -1 -2
214 -1 214 -1 214 -1 214 -1 214 -1 214 -1 214 -1 214 -1 214 -1 214 -1 214 -1 214 -1 214 -1 214 -1 214 -1 214 -1 214 -1 214 -1 214 -1 214 -1 214 -1 214 -1 214 -1 214 -1 214 -1 214 -1 214 -1 214 -1 214 -1 214 -1 214 -1 214 -1 214 -1 214 -1 214 -1 214 -1 214 -1 686 -1 686 -1 -2
214 -1 214 -1 214 -1 214 -1 214 -1 214 -1 214 -1 214 -1 214 -1 214 -1 214 -1 214 -1 214 -1 686 -1 686 -1 -2
214 -1 214 -1 214 -1 214 -1 214 -1 214 -1 214 -1 214 -1 214 -1 214 -1 214 -1 214 -1 214 -1 214 -1 214 -1 214 -1 214 -1 214 -1 214 -1 214 -1 214 -1 214 -1 214 -1 214 -1 214 -1 214 -1 214 -1 214 -1 214 -1 -2
214 -1 214 -1 214 -1 214 -1 214 -1 214 -1 214 -1 214 -1 214 -1 214 -1 214 -1 214 -1 214 -1 214 -1 214 -1 214 -1 214 -1 214 -1 214 -1 214 -1 214 -1 214 -1 214 -1 214 -1 214 -1 -2
214 -1 214 -1 214 -1 214 -1 214 -1 214 -1 214 -1 -2
214 -1 214 -1 214 -1 214 -1 214 -1 214 -1 214 -1 214 -1 214 -1 214 -1 214 -1 214 -1 214 -1 214 -1 214 -1 214 -1 214 -1 214 -1 214 -1 214 -1 214 -1 -2
214 -1 214 -1 214 -1 214 -1 214 -1 214 -1 214 -1 214 -1 214 -1 214 -1 214 -1 214 -1 214 -1 214 -1 214 -1 214 -1 214 -1 686 -1 686 -1 -2
214 -1 214 -1 214 -1 214 -1 214 -1 214 -1 214 -1 214 -1 214 -1 214 -1 214 -1 214 -1 214 -1 214 -1 214 -1 686 -1 686 -1 -2
214 -1 214 -1 214 -1 214 -1 214 -1 214 -1 214 -1 214 -1 214 -1 214 -1 214 -1 214 -1 214 -1 214 -1 214 -1 -2
214 -1 214 -1 214 -1 214 -1 214 -1 214 -1 214 -1 214 -1 214 -1 214 -1 214 -1 214 -1 214 -1 214 -1 214 -1 214 -1 214 -1 214 -1 214 -1 214 -1 214 -1 686 -1 686 -1 -2
214 -1 214 -1 214 -1 214 -1 214 -1 214 -1 214 -1 214 -1 214 -1 214 -1 214 -1 214 -1 214 -1 214 -1 214 -1 214 -1 214 -1 214 -1 214 -1 214 -1 214 -1 686 -1 686 -1 -2
214 -1 214 -1 214 -1 214 -1 214 -1 214 -1 214 -1 214 -1 214 -1 214 -1 214 -1 214 -1 214 -1 214 -1 214 -1 214 -1 214 -1 214 -1 214 -1 214 -1 214 -1 686 -1 686 -1 -2
214 -1 214 -1 214 -1 214 -1 214 -1 214 -1 214 -1 214 -1 214 -1 214 -1 214 -1 214 -1 214 -1 686 -1 686 -1 -2
214 -1 214 -1 214 -1 214 -1 214 -1 214 -1 214 -1 214 -1 214 -1 214 -1 214 -1 214 -1 214 -1 214 -1 214 -1 214 -1 214 -1 214 -1 214 -1 214 -1 214 -1 214 -1 214 -1 214 -1 214 -1 214 -1 214 -1 686 -1 686 -1 -2
214 -1 214 -1 214 -1 214 -1 214 -1 214 -1 214 -1 214 -1 214 -1 214 -1 214 -1 -2
214 -1 214 -1 214 -1 214 -1 214 -1 214 -1 214 -1 214 -1 214 -1 214 -1 214 -1 214 -1 214 -1 214 -1 214 -1 214 -1 214 -1 214 -1 214 -1 214 -1 214 -1 214 -1 214 -1 686 -1 686 -1 686 -1 686 -1 -2
214 -1 214 -1 214 -1 214 -1 214 -1 214 -1 214 -1 214 -1 214 -1 214 -1 214 -1 214 -1 214 -1 214 -1 214 -1 214 -1 214 -1 214 -1 214 -1 214 -1 214 -1 214 -1 214 -1 214 -1 214 -1 214 -1 214 -1 214 -1 214 -1 214 -1 214 -1 214 -1 214 -1 214 -1 214 -1 214 -1 214 -1 214 -1 214 -1 214 -1 214 -1 214 -1 214 -1 686 -1 686 -1 -2
214 -1 214 -1 214 -1 214 -1 214 -1 214 -1 214 -1 214 -1 214 -1 214 -1 214 -1 214 -1 214 -1 -2
214 -1 214 -1 214 -1 214 -1 214 -1 214 -1 214 -1 214 -1 214 -1 214 -1 214 -1 214 -1 214 -1 214 -1 214 -1 214 -1 214 -1 214 -1 214 -1 214 -1 214 -1 214 -1 214 -1 214 -1 214 -1 214 -1 214 -1 214 -1 214 -1 214 -1 214 -1 214 -1 214 -1 214 -1 214 -1 214 -1 214 -1 214 -1 214 -1 214 -1 214 -1 214 -1 214 -1 -2
214 -1 214 -1 214 -1 214 -1 214 -1 214 -1 214 -1 214 -1 214 -1 214 -1 214 -1 214 -1 214 -1 214 -1 214 -1 214 -1 214 -1 214 -1 214 -1 214 -1 214 -1 214 -1 214 -1 214 -1 214 -1 -2
214 -1 214 -1 214 -1 214 -1 214 -1 214 -1 214 -1 214 -1 214 -1 214 -1 214 -1 214 -1 214 -1 214 -1 214 -1 214 -1 214 -1 214 -1 214 -1 214 -1 214 -1 214 -1 214 -1 214 -1 214 -1 214 -1 214 -1 214 -1 214 -1 -2
62 -1 62 -1 62 -1 62 -1 62 -1 62 -1 -2
62 -1 62 -1 60 -1 60 -1 126 -1 126 -1 78 -1 78 -1 60 -1 60 -1 78 -1 78 -1 78 -1 78 -1 78 -1 78 -1 78 -1 78 -1 78 -1 78 -1 78 -1 78 -1 78 -1 78 -1 78 -1 78 -1 78 -1 78 -1 78 -1 78 -1 78 -1 78 -1 78 -1 78 -1 78 -1 78 -1 60 -1 60 -1 60 -1 60 -1 -2
62 -1 62 -1 60 -1 60 -1 174 -1 174 -1 236 -1 236 -1 902 -1 902 -1 60 -1 60 -1 60 -1 60 -1 -2
62 -1 62 -1 60 -1 60 -1 174 -1 174 -1 256 -1 256 -1 902 -1 902 -1 60 -1 60 -1 60 -1 60 -1 -2
62 -1 62 -1 60 -1 60 -1 174 -1 174 -1 236 -1 236 -1 902 -1 902 -1 60 -1 60 -1 60 -1 60 -1 -2
62 -1 62 -1 60 -1 60 -1 60 -1 60 -1 60 -1 60 -1 -2
60 -1 60 -1 60 -1 60 -1 60 -1 -2
60 -1 60 -1 60 -1 60 -1 60 -1 -2
60 -1 60 -1 60 -1 60 -1 60 -1 -2
62 -1 62 -1 62 -1 62 -1 62 -1 62 -1 -2
62 -1 62 -1 60 -1 60 -1 126 -1 126 -1 870 -1 870 -1 60 -1 60 -1 60 -1 60 -1 -2
62 -1 62 -1 60 -1 60 -1 174 -1 174 -1 236 -1 236 -1 902 -1 902 -1 60 -1 60 -1 60 -1 60 -1 -2
62 -1 62 -1 60 -1 60 -1 174 -1 174 -1 256 -1 902 -1 256 -1 902 -1 60 -1 60 -1 60 -1 60 -1 -2
62 -1 62 -1 60 -1 60 -1 174 -1 174 -1 256 -1 902 -1 256 -1 902 -1 60 -1 60 -1 60 -1 60 -1 -2
62 -1 62 -1 60 -1 60 -1 174 -1 174 -1 256 -1 902 -1 256 -1 902 -1 60 -1 60 -1 60 -1 60 -1 -2
62 -1 62 -1 60 -1 174 -1 60 -1 174 -1 256 -1 902 -1 256 -1 902 -1 60 -1 60 -1 60 -1 60 -1 -2
62 -1 62 -1 60 -1 60 -1 174 -1 174 -1 256 -1 902 -1 256 -1 902 -1 60 -1 60 -1 60 -1 60 -1 -2
62 -1 62 -1 60 -1 174 -1 60 -1 174 -1 256 -1 902 -1 256 -1 902 -1 60 -1 60 -1 60 -1 60 -1 -2
62 -1 62 -1 60 -1 60 -1 174 -1 174 -1 236 -1 902 -1 236 -1 902 -1 60 -1 60 -1 60 -1 60 -1 -2
62 -1 62 -1 60 -1 60 -1 126 -1 126 -1 78 -1 78 -1 78 -1 78 -1 78 -1 78 -1 78 -1 78 -1 78 -1 78 -1 78 -1 78 -1 78 -1 78 -1 78 -1 78 -1 78 -1 78 -1 78 -1 78 -1 78 -1 78 -1 78 -1 78 -1 78 -1 78 -1 78 -1 78 -1 60 -1 60 -1 60 -1 60 -1 -2
62 -1 62 -1 60 -1 60 -1 174 -1 174 -1 256 -1 256 -1 902 -1 902 -1 60 -1 60 -1 60 -1 60 -1 -2
62 -1 62 -1 60 -1 60 -1 174 -1 174 -1 236 -1 902 -1 236 -1 902 -1 60 -1 60 -1 60 -1 60 -1 -2
62 -1 62 -1 60 -1 174 -1 60 -1 174 -1 256 -1 902 -1 256 -1 902 -1 60 -1 60 -1 60 -1 60 -1 -2
62 -1 62 -1 60 -1 60 -1 174 -1 174 -1 236 -1 236 -1 902 -1 902 -1 60 -1 60 -1 60 -1 60 -1 -2
62 -1 62 -1 60 -1 174 -1 60 -1 174 -1 236 -1 902 -1 236 -1 902 -1 60 -1 60 -1 60 -1 60 -1 -2
62 -1 62 -1 60 -1 60 -1 126 -1 126 -1 78 -1 78 -1 60 -1 60 -1 78 -1 78 -1 78 -1 78 -1 78 -1 78 -1 78 -1 78 -1 78 -1 78 -1 78 -1 78 -1 78 -1 78 -1 78 -1 78 -1 78 -1 78 -1 78 -1 78 -1 78 -1 78 -1 78 -1 78 -1 78 -1 78 -1 60 -1 60 -1 60 -1 60 -1 -2
62 -1 62 -1 60 -1 60 -1 174 -1 174 -1 256 -1 256 -1 902 -1 902 -1 60 -1 60 -1 60 -1 60 -1 -2
62 -1 62 -1 60 -1 60 -1 174 -1 174 -1 238 -1 238 -1 902 -1 902 -1 60 -1 60 -1 60 -1 60 -1 -2
62 -1 62 -1 60 -1 60 -1 174 -1 174 -1 256 -1 902 -1 256 -1 902 -1 60 -1 60 -1 60 -1 60 -1 -2
62 -1 62 -1 60 -1 60 -1 174 -1 174 -1 256 -1 256 -1 902 -1 902 -1 60 -1 60 -1 60 -1 60 -1 -2
62 -1 62 -1 60 -1 60 -1 174 -1 174 -1 256 -1 256 -1 902 -1 902 -1 60 -1 60 -1 60 -1 60 -1 60 -1 60 -1 -2
62 -1 60 -1 60 -1 60 -1 60 -1 60 -1 60 -1 -2
62 -1 62 -1 60 -1 60 -1 174 -1 174 -1 256 -1 256 -1 902 -1 902 -1 60 -1 60 -1 60 -1 60 -1 -2
62 -1 62 -1 60 -1 60 -1 174 -1 174 -1 256 -1 256 -1 902 -1 902 -1 60 -1 60 -1 60 -1 60 -1 -2
62 -1 62 -1 60 -1 60 -1 174 -1 174 -1 256 -1 256 -1 902 -1 902 -1 60 -1 60 -1 60 -1 60 -1 -2
62 -1 62 -1 60 -1 60 -1 174 -1 174 -1 256 -1 256 -1 902 -1 902 -1 60 -1 60 -1 60 -1 60 -1 -2
62 -1 62 -1 60 -1 60 -1 174 -1 174 -1 236 -1 902 -1 236 -1 902 -1 60 -1 60 -1 60 -1 60 -1 -2
62 -1 62 -1 60 -1 60 -1 174 -1 174 -1 236 -1 902 -1 236 -1 902 -1 60 -1 60 -1 60 -1 60 -1 -2
62 -1 62 -1 62 -1 62 -1 62 -1 62 -1 -2
62 -1 62 -1 62 -1 62 -1 62 -1 62 -1 -2
62 -1 62 -1 60 -1 60 -1 174 -1 174 -1 238 -1 238 -1 902 -1 902 -1 60 -1 60 -1 60 -1 60 -1 -2
62 -1 62 -1 60 -1 60 -1 174 -1 174 -1 236 -1 236 -1 902 -1 902 -1 60 -1 60 -1 60 -1 60 -1 -2
62 -1 62 -1 60 -1 60 -1 174 -1 174 -1 256 -1 256 -1 902 -1 902 -1 60 -1 60 -1 60 -1 60 -1 60 -1 60 -1 -2
62 -1 62 -1 60 -1 60 -1 174 -1 174 -1 256 -1 256 -1 902 -1 902 -1 60 -1 60 -1 60 -1 60 -1 -2
62 -1 62 -1 60 -1 60 -1 174 -1 174 -1 256 -1 256 -1 902 -1 902 -1 60 -1 60 -1 60 -1 60 -1 -2
62 -1 60 -1 60 -1 60 -1 60 -1 60 -1 60 -1 -2
62 -1 62 -1 60 -1 60 -1 174 -1 174 -1 256 -1 256 -1 902 -1 902 -1 60 -1 60 -1 60 -1 60 -1 -2
62 -1 62 -1 60 -1 60 -1 174 -1 174 -1 256 -1 256 -1 902 -1 902 -1 60 -1 60 -1 60 -1 60 -1 -2
62 -1 62 -1 60 -1 60 -1 174 -1 174 -1 236 -1 236 -1 902 -1 902 -1 60 -1 60 -1 60 -1 60 -1 -2
62 -1 62 -1 60 -1 60 -1 174 -1 174 -1 236 -1 236 -1 902 -1 902 -1 60 -1 60 -1 60 -1 60 -1 -2
62 -1 62 -1 60 -1 60 -1 174 -1 174 -1 236 -1 236 -1 902 -1 902 -1 60 -1 60 -1 60 -1 60 -1 -2
62 -1 62 -1 60 -1 60 -1 60 -1 60 -1 60 -1 60 -1 -2
62 -1 62 -1 60 -1 60 -1 397 -1 397 -1 60 -1 60 -1 -2
62 -1 62 -1 62 -1 62 -1 62 -1 62 -1 -2
62 -1 62 -1 60 -1 60 -1 60 -1 60 -1 60 -1 60 -1 -2
62 -1 62 -1 60 -1 60 -1 62 -1 62 -1 65 -1 65 -1 65 -1 65 -1 60 -1 60 -1 379 -1 379 -1 379 -1 379 -1 -2
62 -1 62 -1 60 -1 60 -1 60 -1 60 -1 60 -1 60 -1 -2
62 -1 62 -1 60 -1 60 -1 174 -1 174 -1 256 -1 256 -1 902 -1 902 -1 60 -1 60 -1 60 -1 60 -1 -2
62 -1 62 -1 60 -1 60 -1 174 -1 174 -1 256 -1 902 -1 256 -1 902 -1 60 -1 60 -1 60 -1 60 -1 -2
62 -1 62 -1 60 -1 60 -1 174 -1 174 -1 256 -1 902 -1 256 -1 902 -1 60 -1 60 -1 60 -1 60 -1 -2
62 -1 62 -1 60 -1 60 -1 174 -1 174 -1 236 -1 902 -1 236 -1 902 -1 60 -1 60 -1 60 -1 60 -1 -2
62 -1 62 -1 60 -1 60 -1 126 -1 126 -1 78 -1 78 -1 78 -1 78 -1 78 -1 78 -1 78 -1 78 -1 78 -1 78 -1 78 -1 78 -1 78 -1 78 -1 78 -1 78 -1 78 -1 78 -1 78 -1 78 -1 78 -1 78 -1 78 -1 78 -1 78 -1 78 -1 78 -1 78 -1 60 -1 60 -1 60 -1 60 -1 -2
62 -1 62 -1 60 -1 60 -1 174 -1 174 -1 256 -1 256 -1 902 -1 902 -1 60 -1 60 -1 60 -1 60 -1 -2
62 -1 62 -1 60 -1 60 -1 174 -1 174 -1 256 -1 256 -1 902 -1 902 -1 60 -1 60 -1 60 -1 60 -1 -2
62 -1 62 -1 60 -1 60 -1 174 -1 174 -1 256 -1 256 -1 902 -1 902 -1 60 -1 60 -1 60 -1 60 -1 -2
62 -1 62 -1 60 -1 60 -1 174 -1 174 -1 256 -1 256 -1 902 -1 902 -1 60 -1 60 -1 60 -1 60 -1 -2
62 -1 62 -1 60 -1 60 -1 174 -1 174 -1 256 -1 256 -1 902 -1 902 -1 60 -1 60 -1 60 -1 60 -1 -2
62 -1 62 -1 60 -1 60 -1 174 -1 174 -1 236 -1 236 -1 902 -1 902 -1 60 -1 60 -1 60 -1 60 -1 -2
62 -1 62 -1 60 -1 60 -1 174 -1 174 -1 236 -1 902 -1 236 -1 902 -1 60 -1 60 -1 60 -1 60 -1 -2
62 -1 62 -1 60 -1 60 -1 266 -1 266 -1 60 -1 60 -1 60 -1 60 -1 -2
62 -1 62 -1 60 -1 60 -1 60 -1 60 -1 60 -1 60 -1 -2
62 -1 62 -1 62 -1 62 -1 62 -1 62 -1 -2
62 -1 62 -1 62 -1 62 -1 62 -1 62 -1 -2
60 -1 60 -1 60 -1 60 -1 60 -1 -2
62 -1 60 -1 60 -1 60 -1 60 -1 60 -1 60 -1 -2
62 -1 62 -1 60 -1 60 -1 174 -1 174 -1 238 -1 238 -1 902 -1 902 -1 60 -1 60 -1 60 -1 60 -1 -2
62 -1 62 -1 60 -1 60 -1 174 -1 174 -1 236 -1 902 -1 236 -1 902 -1 60 -1 60 -1 60 -1 60 -1 -2
62 -1 62 -1 60 -1 60 -1 174 -1 174 -1 256 -1 902 -1 256 -1 902 -1 60 -1 60 -1 60 -1 60 -1 -2
62 -1 62 -1 60 -1 174 -1 60 -1 174 -1 256 -1 902 -1 256 -1 902 -1 60 -1 60 -1 60 -1 60 -1 -2
62 -1 62 -1 60 -1 60 -1 174 -1 174 -1 256 -1 902 -1 256 -1 902 -1 60 -1 60 -1 60 -1 60 -1 -2
62 -1 62 -1 60 -1 174 -1 60 -1 174 -1 256 -1 902 -1 256 -1 902 -1 60 -1 60 -1 60 -1 60 -1 -2
62 -1 62 -1 60 -1 60 -1 174 -1 174 -1 256 -1 902 -1 256 -1 902 -1 60 -1 60 -1 60 -1 60 -1 -2
62 -1 62 -1 60 -1 60 -1 174 -1 174 -1 256 -1 902 -1 256 -1 902 -1 60 -1 60 -1 60 -1 60 -1 -2
62 -1 62 -1 60 -1 60 -1 174 -1 174 -1 236 -1 902 -1 236 -1 902 -1 60 -1 60 -1 60 -1 60 -1 -2
62 -1 62 -1 60 -1 60 -1 174 -1 174 -1 236 -1 902 -1 236 -1 902 -1 60 -1 60 -1 60 -1 60 -1 -2
62 -1 62 -1 60 -1 60 -1 126 -1 126 -1 78 -1 78 -1 78 -1 78 -1 78 -1 78 -1 78 -1 78 -1 78 -1 78 -1 78 -1 78 -1 78 -1 78 -1 78 -1 78 -1 78 -1 78 -1 78 -1 78 -1 78 -1 78 -1 78 -1 78 -1 78 -1 78 -1 78 -1 78 -1 60 -1 60 -1 60 -1 60 -1 -2
62 -1 62 -1 60 -1 60 -1 174 -1 174 -1 256 -1 256 -1 902 -1 902 -1 60 -1 60 -1 60 -1 60 -1 -2
62 -1 62 -1 60 -1 60 -1 174 -1 174 -1 238 -1 238 -1 902 -1 902 -1 60 -1 60 -1 60 -1 60 -1 -2
62 -1 62 -1 60 -1 60 -1 174 -1 174 -1 256 -1 256 -1 902 -1 902 -1 60 -1 60 -1 60 -1 60 -1 -2
62 -1 62 -1 60 -1 60 -1 174 -1 174 -1 256 -1 256 -1 902 -1 902 -1 60 -1 60 -1 60 -1 60 -1 60 -1 60 -1 -2
62 -1 62 -1 60 -1 60 -1 174 -1 174 -1 256 -1 256 -1 902 -1 902 -1 60 -1 60 -1 60 -1 60 -1 -2
62 -1 62 -1 60 -1 60 -1 174 -1 174 -1 236 -1 236 -1 902 -1 902 -1 60 -1 60 -1 60 -1 60 -1 -2
62 -1 62 -1 60 -1 60 -1 174 -1 174 -1 236 -1 236 -1 902 -1 902 -1 60 -1 60 -1 60 -1 60 -1 60 -1 60 -1 -2
62 -1 62 -1 60 -1 60 -1 174 -1 174 -1 236 -1 236 -1 902 -1 902 -1 60 -1 60 -1 60 -1 60 -1 -2
62 -1 62 -1 60 -1 60 -1 126 -1 126 -1 78 -1 78 -1 78 -1 78 -1 78 -1 78 -1 78 -1 78 -1 78 -1 78 -1 78 -1 78 -1 78 -1 78 -1 78 -1 78 -1 78 -1 78 -1 78 -1 78 -1 78 -1 78 -1 78 -1 78 -1 78 -1 78 -1 78 -1 78 -1 60 -1 60 -1 60 -1 60 -1 -2
62 -1 62 -1 60 -1 60 -1 174 -1 174 -1 256 -1 256 -1 902 -1 902 -1 60 -1 60 -1 60 -1 60 -1 -2
62 -1 62 -1 60 -1 60 -1 174 -1 174 -1 238 -1 238 -1 902 -1 902 -1 60 -1 60 -1 60 -1 60 -1 -2
62 -1 62 -1 60 -1 60 -1 174 -1 174 -1 236 -1 236 -1 902 -1 902 -1 60 -1 60 -1 60 -1 60 -1 -2
62 -1 62 -1 60 -1 174 -1 60 -1 174 -1 256 -1 902 -1 256 -1 902 -1 60 -1 60 -1 60 -1 60 -1 -2
62 -1 62 -1 60 -1 174 -1 60 -1 174 -1 256 -1 902 -1 256 -1 902 -1 60 -1 60 -1 60 -1 60 -1 -2
60 -1 60 -1 60 -1 60 -1 60 -1 60 -1 60 -1 -2
62 -1 62 -1 60 -1 174 -1 60 -1 174 -1 256 -1 902 -1 256 -1 902 -1 60 -1 60 -1 60 -1 60 -1 -2
62 -1 62 -1 60 -1 174 -1 60 -1 174 -1 256 -1 902 -1 256 -1 902 -1 60 -1 60 -1 60 -1 60 -1 -2
62 -1 62 -1 60 -1 174 -1 60 -1 174 -1 256 -1 902 -1 256 -1 902 -1 60 -1 60 -1 60 -1 60 -1 -2
62 -1 62 -1 62 -1 62 -1 62 -1 62 -1 -2
62 -1 62 -1 60 -1 174 -1 60 -1 174 -1 236 -1 902 -1 236 -1 902 -1 60 -1 60 -1 60 -1 60 -1 -2
62 -1 62 -1 60 -1 174 -1 60 -1 174 -1 236 -1 902 -1 236 -1 902 -1 60 -1 60 -1 60 -1 60 -1 -2
62 -1 62 -1 62 -1 62 -1 62 -1 62 -1 -2
62 -1 62 -1 60 -1 60 -1 174 -1 174 -1 256 -1 256 -1 902 -1 902 -1 60 -1 60 -1 60 -1 60 -1 60 -1 60 -1 -2
62 -1 62 -1 60 -1 60 -1 174 -1 174 -1 238 -1 238 -1 902 -1 902 -1 60 -1 60 -1 60 -1 60 -1 60 -1 60 -1 -2
62 -1 62 -1 60 -1 60 -1 174 -1 174 -1 236 -1 236 -1 902 -1 902 -1 60 -1 60 -1 60 -1 60 -1 -2
62 -1 62 -1 60 -1 60 -1 174 -1 174 -1 256 -1 256 -1 902 -1 902 -1 60 -1 60 -1 60 -1 60 -1 -2
62 -1 62 -1 62 -1 62 -1 62 -1 62 -1 -2
62 -1 62 -1 60 -1 60 -1 174 -1 174 -1 256 -1 256 -1 902 -1 902 -1 60 -1 60 -1 60 -1 60 -1 -2
62 -1 62 -1 60 -1 60 -1 174 -1 174 -1 256 -1 256 -1 902 -1 902 -1 60 -1 60 -1 60 -1 60 -1 -2
62 -1 62 -1 60 -1 60 -1 174 -1 174 -1 256 -1 256 -1 902 -1 902 -1 60 -1 60 -1 60 -1 60 -1 -2
62 -1 62 -1 60 -1 60 -1 174 -1 174 -1 256 -1 256 -1 902 -1 902 -1 60 -1 60 -1 60 -1 60 -1 -2
62 -1 62 -1 60 -1 60 -1 174 -1 174 -1 256 -1 256 -1 902 -1 902 -1 60 -1 60 -1 60 -1 60 -1 -2
62 -1 62 -1 60 -1 60 -1 174 -1 174 -1 256 -1 256 -1 902 -1 902 -1 60 -1 60 -1 60 -1 60 -1 -2
62 -1 62 -1 60 -1 60 -1 174 -1 174 -1 236 -1 236 -1 902 -1 902 -1 60 -1 60 -1 60 -1 60 -1 -2
62 -1 62 -1 60 -1 60 -1 174 -1 174 -1 236 -1 236 -1 902 -1 902 -1 60 -1 60 -1 60 -1 60 -1 -2
62 -1 62 -1 62 -1 62 -1 62 -1 62 -1 -2
62 -1 62 -1 126 -1 126 -1 191 -1 191 -1 294 -1 294 -1 330 -1 330 -1 150 -1 150 -1 176 -1 176 -1 97 -1 97 -1 93 -1 93 -1 60 -1 60 -1 60 -1 60 -1 -2
62 -1 62 -1 60 -1 60 -1 126 -1 126 -1 78 -1 78 -1 78 -1 78 -1 78 -1 78 -1 78 -1 78 -1 78 -1 78 -1 78 -1 78 -1 78 -1 78 -1 78 -1 78 -1 78 -1 78 -1 78 -1 78 -1 78 -1 78 -1 78 -1 78 -1 78 -1 78 -1 78 -1 78 -1 78 -1 78 -1 60 -1 60 -1 60 -1 60 -1 -2
62 -1 62 -1 60 -1 60 -1 174 -1 174 -1 256 -1 256 -1 902 -1 902 -1 60 -1 60 -1 60 -1 60 -1 -2
62 -1 62 -1 60 -1 60 -1 174 -1 174 -1 256 -1 902 -1 256 -1 902 -1 60 -1 60 -1 60 -1 60 -1 -2
62 -1 62 -1 60 -1 60 -1 174 -1 174 -1 256 -1 902 -1 256 -1 902 -1 60 -1 60 -1 60 -1 60 -1 -2
62 -1 62 -1 60 -1 60 -1 174 -1 174 -1 236 -1 902 -1 236 -1 902 -1 60 -1 60 -1 60 -1 60 -1 -2
62 -1 62 -1 60 -1 60 -1 174 -1 174 -1 236 -1 902 -1 236 -1 902 -1 60 -1 60 -1 60 -1 60 -1 -2
62 -1 62 -1 60 -1 60 -1 126 -1 126 -1 78 -1 78 -1 78 -1 78 -1 78 -1 78 -1 78 -1 78 -1 78 -1 78 -1 78 -1 78 -1 78 -1 78 -1 78 -1 78 -1 78 -1 78 -1 78 -1 78 -1 78 -1 78 -1 78 -1 78 -1 78 -1 78 -1 78 -1 78 -1 60 -1 60 -1 60 -1 60 -1 -2
62 -1 62 -1 60 -1 60 -1 174 -1 174 -1 238 -1 238 -1 902 -1 902 -1 60 -1 60 -1 60 -1 60 -1 -2
62 -1 62 -1 60 -1 60 -1 174 -1 174 -1 236 -1 236 -1 902 -1 902 -1 60 -1 60 -1 60 -1 60 -1 -2
62 -1 62 -1 60 -1 60 -1 174 -1 174 -1 256 -1 902 -1 256 -1 902 -1 60 -1 60 -1 60 -1 60 -1 -2
62 -1 62 -1 60 -1 60 -1 174 -1 174 -1 256 -1 902 -1 256 -1 902 -1 60 -1 60 -1 60 -1 60 -1 -2
62 -1 62 -1 60 -1 60 -1 174 -1 174 -1 256 -1 902 -1 256 -1 902 -1 60 -1 60 -1 60 -1 60 -1 -2
62 -1 62 -1 60 -1 60 -1 174 -1 174 -1 256 -1 902 -1 256 -1 902 -1 60 -1 60 -1 60 -1 60 -1 -2
62 -1 62 -1 60 -1 60 -1 219 -1 219 -1 60 -1 60 -1 60 -1 60 -1 -2
62 -1 62 -1 60 -1 60 -1 126 -1 126 -1 78 -1 78 -1 78 -1 78 -1 78 -1 78 -1 78 -1 78 -1 78 -1 78 -1 78 -1 78 -1 78 -1 78 -1 78 -1 78 -1 78 -1 78 -1 78 -1 78 -1 78 -1 78 -1 78 -1 78 -1 78 -1 78 -1 78 -1 78 -1 60 -1 60 -1 60 -1 60 -1 -2
62 -1 62 -1 60 -1 60 -1 174 -1 174 -1 256 -1 256 -1 902 -1 902 -1 60 -1 60 -1 60 -1 60 -1 60 -1 60 -1 -2
62 -1 62 -1 60 -1 60 -1 174 -1 174 -1 238 -1 238 -1 902 -1 902 -1 60 -1 60 -1 60 -1 60 -1 -2
62 -1 62 -1 60 -1 60 -1 174 -1 174 -1 236 -1 236 -1 902 -1 902 -1 60 -1 60 -1 60 -1 60 -1 -2
62 -1 62 -1 60 -1 60 -1 174 -1 174 -1 256 -1 902 -1 256 -1 902 -1 60 -1 60 -1 60 -1 60 -1 -2
62 -1 62 -1 60 -1 60 -1 174 -1 174 -1 256 -1 902 -1 256 -1 902 -1 60 -1 60 -1 60 -1 60 -1 -2
62 -1 62 -1 60 -1 60 -1 174 -1 174 -1 256 -1 902 -1 256 -1 902 -1 60 -1 60 -1 60 -1 60 -1 -2
62 -1 62 -1 60 -1 174 -1 60 -1 174 -1 256 -1 902 -1 256 -1 902 -1 60 -1 60 -1 60 -1 60 -1 -2
62 -1 62 -1 60 -1 60 -1 174 -1 174 -1 256 -1 902 -1 256 -1 902 -1 60 -1 60 -1 60 -1 60 -1 -2
62 -1 62 -1 60 -1 60 -1 174 -1 174 -1 256 -1 902 -1 256 -1 902 -1 60 -1 60 -1 60 -1 60 -1 -2
62 -1 62 -1 60 -1 60 -1 174 -1 174 -1 256 -1 902 -1 256 -1 902 -1 60 -1 60 -1 60 -1 60 -1 -2
62 -1 62 -1 60 -1 60 -1 174 -1 174 -1 236 -1 902 -1 236 -1 902 -1 60 -1 60 -1 60 -1 60 -1 -2
62 -1 62 -1 60 -1 174 -1 60 -1 174 -1 236 -1 902 -1 236 -1 902 -1 60 -1 60 -1 60 -1 60 -1 -2
62 -1 62 -1 60 -1 60 -1 174 -1 174 -1 236 -1 902 -1 236 -1 902 -1 60 -1 60 -1 60 -1 60 -1 -2
62 -1 62 -1 60 -1 60 -1 126 -1 126 -1 78 -1 78 -1 78 -1 78 -1 78 -1 78 -1 78 -1 78 -1 78 -1 78 -1 78 -1 78 -1 78 -1 78 -1 78 -1 78 -1 78 -1 78 -1 78 -1 78 -1 78 -1 78 -1 78 -1 78 -1 78 -1 78 -1 78 -1 78 -1 60 -1 60 -1 60 -1 60 -1 -2
62 -1 62 -1 126 -1 126 -1 191 -1 191 -1 294 -1 294 -1 330 -1 330 -1 150 -1 150 -1 176 -1 176 -1 97 -1 97 -1 93 -1 93 -1 60 -1 60 -1 60 -1 60 -1 -2
62 -1 62 -1 60 -1 60 -1 174 -1 174 -1 256 -1 256 -1 902 -1 902 -1 60 -1 60 -1 60 -1 60 -1 -2
62 -1 62 -1 60 -1 60 -1 174 -1 174 -1 238 -1 238 -1 902 -1 902 -1 60 -1 60 -1 60 -1 60 -1 -2
62 -1 62 -1 60 -1 60 -1 174 -1 174 -1 236 -1 236 -1 902 -1 902 -1 60 -1 60 -1 60 -1 60 -1 -2
62 -1 62 -1 60 -1 60 -1 60 -1 60 -1 60 -1 60 -1 -2
62 -1 62 -1 60 -1 60 -1 174 -1 174 -1 256 -1 256 -1 902 -1 902 -1 60 -1 60 -1 60 -1 60 -1 -2
62 -1 62 -1 60 -1 60 -1 174 -1 174 -1 256 -1 902 -1 256 -1 902 -1 60 -1 60 -1 60 -1 60 -1 -2
62 -1 62 -1 62 -1 62 -1 62 -1 62 -1 -2
62 -1 62 -1 60 -1 60 -1 174 -1 174 -1 256 -1 902 -1 256 -1 902 -1 60 -1 60 -1 60 -1 60 -1 -2
62 -1 62 -1 60 -1 60 -1 174 -1 174 -1 256 -1 256 -1 902 -1 902 -1 60 -1 60 -1 60 -1 60 -1 -2
62 -1 62 -1 60 -1 60 -1 174 -1 174 -1 256 -1 256 -1 902 -1 902 -1 60 -1 60 -1 60 -1 60 -1 -2
62 -1 62 -1 62 -1 62 -1 62 -1 62 -1 -2
62 -1 62 -1 60 -1 60 -1 174 -1 174 -1 256 -1 256 -1 902 -1 902 -1 60 -1 60 -1 60 -1 60 -1 -2
62 -1 62 -1 60 -1 60 -1 174 -1 174 -1 236 -1 902 -1 236 -1 902 -1 60 -1 60 -1 60 -1 60 -1 -2
62 -1 62 -1 60 -1 60 -1 174 -1 174 -1 236 -1 902 -1 236 -1 902 -1 60 -1 60 -1 60 -1 60 -1 -2
62 -1 62 -1 62 -1 62 -1 62 -1 62 -1 -2
62 -1 62 -1 60 -1 60 -1 174 -1 174 -1 236 -1 236 -1 902 -1 902 -1 60 -1 60 -1 60 -1 60 -1 -2
62 -1 62 -1 62 -1 62 -1 62 -1 62 -1 -2
62 -1 62 -1 60 -1 60 -1 174 -1 174 -1 256 -1 256 -1 902 -1 902 -1 60 -1 60 -1 60 -1 60 -1 -2
62 -1 62 -1 60 -1 60 -1 174 -1 174 -1 236 -1 236 -1 902 -1 902 -1 60 -1 60 -1 60 -1 60 -1 -2
60 -1 60 -1 60 -1 60 -1 60 -1 -2
60 -1 60 -1 60 -1 60 -1 60 -1 -2
60 -1 60 -1 60 -1 60 -1 60 -1 -2
62 -1 62 -1 60 -1 60 -1 60 -1 60 -1 60 -1 60 -1 -2
62 -1 62 -1 60 -1 174 -1 60 -1 174 -1 256 -1 902 -1 256 -1 902 -1 60 -1 60 -1 60 -1 60 -1 -2
62 -1 62 -1 60 -1 174 -1 60 -1 174 -1 256 -1 902 -1 256 -1 902 -1 60 -1 60 -1 60 -1 60 -1 -2
62 -1 62 -1 60 -1 174 -1 60 -1 174 -1 256 -1 902 -1 256 -1 902 -1 60 -1 60 -1 60 -1 60 -1 -2
62 -1 62 -1 60 -1 174 -1 60 -1 174 -1 256 -1 902 -1 256 -1 902 -1 60 -1 60 -1 60 -1 60 -1 -2
62 -1 62 -1 60 -1 60 -1 174 -1 174 -1 256 -1 902 -1 256 -1 902 -1 60 -1 60 -1 60 -1 60 -1 -2
62 -1 62 -1 60 -1 60 -1 174 -1 174 -1 236 -1 902 -1 236 -1 902 -1 60 -1 60 -1 60 -1 60 -1 -2
62 -1 62 -1 60 -1 60 -1 174 -1 174 -1 236 -1 902 -1 236 -1 902 -1 60 -1 60 -1 60 -1 60 -1 -2
62 -1 62 -1 60 -1 60 -1 174 -1 174 -1 236 -1 902 -1 236 -1 902 -1 60 -1 60 -1 60 -1 60 -1 -2
62 -1 62 -1 62 -1 62 -1 62 -1 62 -1 -2
62 -1 62 -1 60 -1 60 -1 126 -1 126 -1 78 -1 78 -1 78 -1 78 -1 78 -1 78 -1 78 -1 78 -1 78 -1 78 -1 78 -1 78 -1 78 -1 78 -1 78 -1 78 -1 78 -1 78 -1 78 -1 78 -1 78 -1 78 -1 78 -1 78 -1 78 -1 78 -1 78 -1 78 -1 60 -1 60 -1 60 -1 60 -1 -2
62 -1 62 -1 62 -1 62 -1 62 -1 62 -1 -2
62 -1 62 -1 60 -1 60 -1 174 -1 174 -1 238 -1 238 -1 902 -1 902 -1 60 -1 60 -1 60 -1 60 -1 -2
62 -1 62 -1 60 -1 60 -1 174 -1 174 -1 236 -1 236 -1 902 -1 902 -1 60 -1 60 -1 60 -1 60 -1 -2
62 -1 62 -1 60 -1 60 -1 174 -1 174 -1 256 -1 256 -1 902 -1 902 -1 60 -1 60 -1 60 -1 60 -1 -2
62 -1 62 -1 60 -1 60 -1 174 -1 174 -1 256 -1 256 -1 902 -1 902 -1 60 -1 60 -1 60 -1 60 -1 -2
62 -1 62 -1 60 -1 60 -1 174 -1 174 -1 256 -1 256 -1 902 -1 902 -1 60 -1 60 -1 60 -1 60 -1 -2
62 -1 62 -1 60 -1 60 -1 174 -1 174 -1 256 -1 256 -1 902 -1 902 -1 60 -1 60 -1 60 -1 60 -1 -2
62 -1 62 -1 60 -1 60 -1 174 -1 174 -1 236 -1 236 -1 902 -1 902 -1 60 -1 60 -1 60 -1 60 -1 -2
62 -1 62 -1 60 -1 60 -1 174 -1 174 -1 236 -1 236 -1 902 -1 902 -1 60 -1 60 -1 60 -1 60 -1 -2
62 -1 62 -1 60 -1 60 -1 174 -1 174 -1 236 -1 236 -1 902 -1 902 -1 60 -1 60 -1 60 -1 60 -1 -2
62 -1 62 -1 60 -1 60 -1 266 -1 266 -1 60 -1 60 -1 60 -1 60 -1 -2
62 -1 62 -1 62 -1 62 -1 62 -1 62 -1 -2
62 -1 62 -1 60 -1 60 -1 60 -1 60 -1 60 -1 60 -1 -2
62 -1 62 -1 60 -1 60 -1 174 -1 174 -1 238 -1 238 -1 902 -1 902 -1 60 -1 60 -1 60 -1 60 -1 -2
62 -1 62 -1 60 -1 60 -1 174 -1 174 -1 236 -1 236 -1 902 -1 902 -1 60 -1 60 -1 60 -1 60 -1 -2
62 -1 62 -1 60 -1 60 -1 174 -1 174 -1 256 -1 902 -1 256 -1 902 -1 60 -1 60 -1 60 -1 60 -1 -2
62 -1 62 -1 60 -1 60 -1 174 -1 174 -1 256 -1 902 -1 256 -1 902 -1 60 -1 60 -1 60 -1 60 -1 -2
62 -1 62 -1 60 -1 60 -1 174 -1 174 -1 236 -1 902 -1 236 -1 902 -1 60 -1 60 -1 60 -1 60 -1 -2
62 -1 62 -1 60 -1 60 -1 126 -1 126 -1 78 -1 78 -1 78 -1 78 -1 78 -1 78 -1 78 -1 78 -1 78 -1 78 -1 78 -1 78 -1 78 -1 78 -1 78 -1 78 -1 78 -1 78 -1 78 -1 78 -1 78 -1 78 -1 78 -1 78 -1 78 -1 78 -1 78 -1 78 -1 60 -1 60 -1 60 -1 60 -1 -2
62 -1 62 -1 60 -1 60 -1 174 -1 174 -1 236 -1 236 -1 902 -1 902 -1 60 -1 60 -1 60 -1 60 -1 -2
62 -1 62 -1 60 -1 60 -1 174 -1 174 -1 256 -1 902 -1 256 -1 902 -1 60 -1 60 -1 60 -1 60 -1 -2
62 -1 62 -1 60 -1 60 -1 174 -1 174 -1 256 -1 902 -1 256 -1 902 -1 60 -1 60 -1 60 -1 60 -1 -2
62 -1 62 -1 60 -1 60 -1 174 -1 174 -1 256 -1 902 -1 256 -1 902 -1 60 -1 60 -1 60 -1 60 -1 -2
62 -1 62 -1 60 -1 60 -1 174 -1 174 -1 256 -1 902 -1 256 -1 902 -1 60 -1 60 -1 60 -1 60 -1 -2
62 -1 62 -1 60 -1 60 -1 174 -1 174 -1 236 -1 902 -1 236 -1 902 -1 60 -1 60 -1 60 -1 60 -1 -2
62 -1 62 -1 60 -1 60 -1 174 -1 174 -1 236 -1 902 -1 236 -1 902 -1 60 -1 60 -1 60 -1 60 -1 -2
62 -1 62 -1 60 -1 60 -1 126 -1 126 -1 78 -1 78 -1 78 -1 78 -1 78 -1 78 -1 78 -1 78 -1 78 -1 78 -1 78 -1 78 -1 78 -1 78 -1 78 -1 78 -1 78 -1 78 -1 78 -1 78 -1 78 -1 78 -1 78 -1 78 -1 78 -1 78 -1 78 -1 78 -1 60 -1 60 -1 60 -1 60 -1 -2
62 -1 62 -1 60 -1 60 -1 174 -1 174 -1 256 -1 256 -1 902 -1 902 -1 60 -1 60 -1 60 -1 60 -1 -2
62 -1 62 -1 60 -1 60 -1 174 -1 174 -1 236 -1 902 -1 236 -1 902 -1 60 -1 60 -1 60 -1 60 -1 -2
62 -1 62 -1 60 -1 60 -1 174 -1 174 -1 256 -1 902 -1 256 -1 902 -1 60 -1 60 -1 60 -1 60 -1 -2
62 -1 62 -1 60 -1 60 -1 174 -1 174 -1 256 -1 902 -1 256 -1 902 -1 60 -1 60 -1 60 -1 60 -1 -2
60 -1 60 -1 60 -1 60 -1 60 -1 -2
62 -1 62 -1 60 -1 60 -1 174 -1 174 -1 256 -1 902 -1 256 -1 902 -1 60 -1 60 -1 60 -1 60 -1 -2
62 -1 62 -1 60 -1 60 -1 174 -1 174 -1 256 -1 902 -1 256 -1 902 -1 60 -1 60 -1 60 -1 60 -1 -2
62 -1 62 -1 60 -1 60 -1 174 -1 174 -1 256 -1 902 -1 256 -1 902 -1 60 -1 60 -1 60 -1 60 -1 -2
62 -1 62 -1 60 -1 60 -1 60 -1 60 -1 60 -1 60 -1 -2
62 -1 62 -1 60 -1 60 -1 174 -1 174 -1 256 -1 902 -1 256 -1 902 -1 60 -1 60 -1 60 -1 60 -1 -2
62 -1 62 -1 60 -1 60 -1 174 -1 174 -1 236 -1 902 -1 236 -1 902 -1 60 -1 60 -1 60 -1 60 -1 -2
62 -1 62 -1 60 -1 174 -1 60 -1 174 -1 236 -1 902 -1 236 -1 902 -1 60 -1 60 -1 60 -1 60 -1 -2
62 -1 62 -1 60 -1 60 -1 60 -1 60 -1 60 -1 60 -1 -2
62 -1 62 -1 60 -1 60 -1 174 -1 174 -1 256 -1 256 -1 902 -1 902 -1 60 -1 60 -1 60 -1 60 -1 -2
62 -1 62 -1 60 -1 60 -1 174 -1 174 -1 238 -1 238 -1 902 -1 902 -1 60 -1 60 -1 60 -1 60 -1 -2
62 -1 62 -1 60 -1 60 -1 174 -1 174 -1 236 -1 236 -1 902 -1 902 -1 60 -1 60 -1 60 -1 60 -1 60 -1 60 -1 -2
62 -1 62 -1 60 -1 60 -1 174 -1 174 -1 256 -1 256 -1 902 -1 902 -1 60 -1 60 -1 60 -1 60 -1 -2
62 -1 62 -1 60 -1 60 -1 174 -1 174 -1 256 -1 256 -1 902 -1 902 -1 60 -1 60 -1 60 -1 60 -1 -2
62 -1 62 -1 60 -1 60 -1 174 -1 174 -1 256 -1 256 -1 902 -1 902 -1 60 -1 60 -1 60 -1 60 -1 -2
62 -1 62 -1 60 -1 60 -1 174 -1 174 -1 256 -1 902 -1 256 -1 902 -1 60 -1 60 -1 60 -1 60 -1 -2
62 -1 62 -1 60 -1 60 -1 174 -1 174 -1 256 -1 256 -1 902 -1 902 -1 60 -1 60 -1 60 -1 60 -1 -2
62 -1 62 -1 60 -1 60 -1 174 -1 174 -1 256 -1 256 -1 902 -1 902 -1 60 -1 60 -1 60 -1 60 -1 -2
62 -1 62 -1 60 -1 60 -1 174 -1 174 -1 236 -1 236 -1 902 -1 902 -1 60 -1 60 -1 60 -1 60 -1 -2
62 -1 62 -1 60 -1 60 -1 174 -1 174 -1 236 -1 236 -1 902 -1 902 -1 60 -1 60 -1 60 -1 60 -1 60 -1 60 -1 -2
62 -1 62 -1 60 -1 60 -1 174 -1 174 -1 236 -1 236 -1 902 -1 902 -1 60 -1 60 -1 60 -1 60 -1 -2
62 -1 62 -1 60 -1 60 -1 266 -1 266 -1 60 -1 60 -1 60 -1 60 -1 60 -1 60 -1 -2
62 -1 62 -1 126 -1 126 -1 191 -1 191 -1 294 -1 294 -1 330 -1 330 -1 150 -1 150 -1 176 -1 176 -1 97 -1 97 -1 93 -1 93 -1 60 -1 60 -1 60 -1 60 -1 -2
62 -1 62 -1 62 -1 62 -1 62 -1 62 -1 -2
62 -1 62 -1 62 -1 62 -1 62 -1 62 -1 -2
62 -1 62 -1 62 -1 62 -1 62 -1 62 -1 -2
62 -1 62 -1 62 -1 62 -1 62 -1 62 -1 -2
62 -1 62 -1 60 -1 60 -1 60 -1 60 -1 60 -1 60 -1 -2
62 -1 62 -1 60 -1 60 -1 174 -1 174 -1 256 -1 256 -1 902 -1 902 -1 60 -1 60 -1 60 -1 60 -1 -2
62 -1 62 -1 60 -1 60 -1 174 -1 174 -1 236 -1 236 -1 902 -1 902 -1 60 -1 60 -1 60 -1 60 -1 60 -1 60 -1 -2
62 -1 62 -1 60 -1 60 -1 174 -1 174 -1 256 -1 256 -1 902 -1 902 -1 60 -1 60 -1 60 -1 60 -1 60 -1 60 -1 -2
62 -1 62 -1 60 -1 60 -1 174 -1 174 -1 256 -1 256 -1 902 -1 902 -1 60 -1 60 -1 60 -1 60 -1 -2
62 -1 62 -1 60 -1 60 -1 174 -1 174 -1 256 -1 256 -1 902 -1 902 -1 60 -1 60 -1 60 -1 60 -1 -2
62 -1 62 -1 60 -1 60 -1 174 -1 174 -1 256 -1 256 -1 902 -1 902 -1 60 -1 60 -1 60 -1 60 -1 -2
62 -1 62 -1 60 -1 60 -1 174 -1 174 -1 256 -1 256 -1 902 -1 902 -1 60 -1 60 -1 60 -1 60 -1 -2
62 -1 62 -1 60 -1 60 -1 174 -1 174 -1 236 -1 236 -1 902 -1 902 -1 60 -1 60 -1 60 -1 60 -1 -2
62 -1 62 -1 60 -1 60 -1 174 -1 174 -1 236 -1 236 -1 902 -1 902 -1 60 -1 60 -1 60 -1 60 -1 60 -1 60 -1 -2
60 -1 60 -1 60 -1 60 -1 60 -1 -2
60 -1 60 -1 60 -1 60 -1 60 -1 -2
62 -1 62 -1 60 -1 60 -1 266 -1 266 -1 60 -1 60 -1 60 -1 60 -1 -2
60 -1 60 -1 60 -1 60 -1 60 -1 -2
62 -1 62 -1 62 -1 62 -1 62 -1 62 -1 -2
62 -1 62 -1 60 -1 60 -1 60 -1 60 -1 60 -1 60 -1 -2
62 -1 62 -1 60 -1 60 -1 174 -1 174 -1 256 -1 256 -1 902 -1 902 -1 60 -1 60 -1 60 -1 60 -1 -2
62 -1 62 -1 60 -1 174 -1 60 -1 174 -1 256 -1 902 -1 256 -1 902 -1 60 -1 60 -1 60 -1 60 -1 -2
62 -1 62 -1 60 -1 60 -1 174 -1 174 -1 256 -1 902 -1 256 -1 902 -1 60 -1 60 -1 60 -1 60 -1 -2
62 -1 62 -1 60 -1 60 -1 174 -1 174 -1 256 -1 902 -1 256 -1 902 -1 60 -1 60 -1 60 -1 60 -1 -2
62 -1 62 -1 60 -1 174 -1 60 -1 174 -1 236 -1 902 -1 236 -1 902 -1 60 -1 60 -1 60 -1 60 -1 -2
62 -1 62 -1 60 -1 60 -1 174 -1 174 -1 236 -1 902 -1 236 -1 902 -1 60 -1 60 -1 60 -1 60 -1 -2
62 -1 62 -1 60 -1 60 -1 174 -1 174 -1 256 -1 902 -1 256 -1 902 -1 60 -1 60 -1 60 -1 60 -1 -2
62 -1 62 -1 60 -1 174 -1 60 -1 174 -1 256 -1 902 -1 256 -1 902 -1 60 -1 60 -1 60 -1 60 -1 -2
62 -1 62 -1 60 -1 174 -1 60 -1 174 -1 256 -1 902 -1 256 -1 902 -1 60 -1 60 -1 60 -1 60 -1 -2
62 -1 62 -1 60 -1 174 -1 60 -1 174 -1 236 -1 902 -1 236 -1 902 -1 60 -1 60 -1 60 -1 60 -1 -2
62 -1 62 -1 60 -1 60 -1 126 -1 126 -1 78 -1 78 -1 60 -1 60 -1 78 -1 78 -1 78 -1 78 -1 78 -1 78 -1 78 -1 78 -1 78 -1 78 -1 78 -1 78 -1 78 -1 78 -1 78 -1 78 -1 78 -1 78 -1 78 -1 78 -1 78 -1 78 -1 78 -1 78 -1 78 -1 78 -1 60 -1 60 -1 60 -1 60 -1 -2
62 -1 62 -1 60 -1 60 -1 174 -1 174 -1 236 -1 236 -1 902 -1 902 -1 60 -1 60 -1 60 -1 60 -1 -2
62 -1 62 -1 60 -1 60 -1 174 -1 174 -1 256 -1 256 -1 902 -1 902 -1 60 -1 60 -1 60 -1 60 -1 -2
62 -1 62 -1 60 -1 60 -1 174 -1 174 -1 256 -1 256 -1 902 -1 902 -1 60 -1 60 -1 60 -1 60 -1 -2
62 -1 62 -1 60 -1 60 -1 174 -1 174 -1 256 -1 256 -1 902 -1 902 -1 60 -1 60 -1 60 -1 60 -1 -2
62 -1 62 -1 60 -1 60 -1 174 -1 174 -1 256 -1 256 -1 902 -1 902 -1 60 -1 60 -1 60 -1 60 -1 -2
62 -1 62 -1 60 -1 60 -1 174 -1 174 -1 236 -1 236 -1 902 -1 902 -1 60 -1 60 -1 60 -1 60 -1 60 -1 60 -1 -2
62 -1 62 -1 60 -1 60 -1 174 -1 174 -1 236 -1 236 -1 902 -1 902 -1 60 -1 60 -1 60 -1 60 -1 60 -1 60 -1 -2
62 -1 62 -1 60 -1 60 -1 174 -1 174 -1 236 -1 236 -1 902 -1 902 -1 60 -1 60 -1 60 -1 60 -1 60 -1 60 -1 -2
60 -1 60 -1 60 -1 60 -1 60 -1 -2
60 -1 60 -1 60 -1 60 -1 60 -1 -2
62 -1 62 -1 60 -1 60 -1 266 -1 266 -1 266 -1 266 -1 60 -1 60 -1 60 -1 60 -1 -2
60 -1 60 -1 60 -1 60 -1 60 -1 -2
62 -1 62 -1 60 -1 60 -1 126 -1 126 -1 78 -1 78 -1 78 -1 78 -1 78 -1 78 -1 78 -1 78 -1 78 -1 78 -1 78 -1 78 -1 78 -1 78 -1 78 -1 78 -1 78 -1 78 -1 78 -1 78 -1 78 -1 78 -1 78 -1 78 -1 78 -1 78 -1 78 -1 78 -1 78 -1 78 -1 60 -1 60 -1 60 -1 60 -1 -2
62 -1 62 -1 62 -1 62 -1 62 -1 62 -1 -2
62 -1 62 -1 60 -1 174 -1 60 -1 174 -1 238 -1 902 -1 238 -1 902 -1 60 -1 60 -1 60 -1 60 -1 -2
62 -1 62 -1 60 -1 60 -1 174 -1 174 -1 236 -1 902 -1 236 -1 902 -1 60 -1 60 -1 60 -1 60 -1 -2
62 -1 62 -1 60 -1 60 -1 174 -1 174 -1 256 -1 902 -1 256 -1 902 -1 60 -1 60 -1 60 -1 60 -1 -2
62 -1 62 -1 60 -1 60 -1 174 -1 174 -1 256 -1 902 -1 256 -1 902 -1 60 -1 60 -1 60 -1 60 -1 -2
62 -1 62 -1 60 -1 174 -1 60 -1 174 -1 256 -1 902 -1 256 -1 902 -1 60 -1 60 -1 60 -1 60 -1 -2
62 -1 62 -1 60 -1 60 -1 174 -1 174 -1 236 -1 902 -1 236 -1 902 -1 60 -1 60 -1 60 -1 60 -1 -2
62 -1 62 -1 60 -1 174 -1 60 -1 174 -1 236 -1 902 -1 236 -1 902 -1 60 -1 60 -1 60 -1 60 -1 -2
62 -1 62 -1 60 -1 174 -1 60 -1 174 -1 256 -1 902 -1 256 -1 902 -1 60 -1 60 -1 60 -1 60 -1 -2
62 -1 62 -1 60 -1 174 -1 60 -1 174 -1 256 -1 902 -1 256 -1 902 -1 60 -1 60 -1 60 -1 60 -1 -2
62 -1 62 -1 60 -1 174 -1 60 -1 174 -1 256 -1 902 -1 256 -1 902 -1 60 -1 60 -1 60 -1 60 -1 -2
62 -1 62 -1 60 -1 174 -1 60 -1 174 -1 236 -1 902 -1 236 -1 902 -1 60 -1 60 -1 60 -1 60 -1 -2
62 -1 62 -1 60 -1 60 -1 174 -1 174 -1 256 -1 256 -1 902 -1 902 -1 60 -1 60 -1 60 -1 60 -1 -2
62 -1 62 -1 60 -1 60 -1 174 -1 174 -1 238 -1 238 -1 902 -1 902 -1 60 -1 60 -1 60 -1 60 -1 -2
60 -1 60 -1 60 -1 60 -1 60 -1 -2
62 -1 62 -1 60 -1 60 -1 174 -1 174 -1 256 -1 256 -1 902 -1 902 -1 60 -1 60 -1 60 -1 60 -1 -2
62 -1 62 -1 60 -1 60 -1 174 -1 174 -1 256 -1 256 -1 902 -1 902 -1 60 -1 60 -1 60 -1 60 -1 60 -1 60 -1 -2
62 -1 62 -1 60 -1 60 -1 174 -1 174 -1 256 -1 256 -1 902 -1 902 -1 60 -1 60 -1 60 -1 60 -1 -2
62 -1 62 -1 60 -1 60 -1 174 -1 174 -1 256 -1 256 -1 902 -1 902 -1 60 -1 60 -1 60 -1 60 -1 60 -1 60 -1 -2
62 -1 62 -1 60 -1 60 -1 174 -1 174 -1 256 -1 256 -1 902 -1 902 -1 60 -1 60 -1 60 -1 60 -1 -2
62 -1 62 -1 60 -1 60 -1 174 -1 174 -1 236 -1 236 -1 902 -1 902 -1 60 -1 60 -1 60 -1 60 -1 60 -1 60 -1 -2
62 -1 62 -1 60 -1 60 -1 174 -1 174 -1 236 -1 236 -1 902 -1 902 -1 60 -1 60 -1 60 -1 60 -1 60 -1 60 -1 -2
62 -1 62 -1 60 -1 60 -1 174 -1 174 -1 236 -1 236 -1 902 -1 902 -1 60 -1 60 -1 60 -1 60 -1 -2
62 -1 62 -1 62 -1 62 -1 62 -1 62 -1 -2
62 -1 62 -1 62 -1 62 -1 62 -1 62 -1 -2
