245 -1 60 -1 60 -1 60 -1 60 -1 60 -1 60 -1 60 -1 60 -1 60 -1 60 -1 60 -1 60 -1 60 -1 60 -1 60 -1 60 -1 60 -1 60 -1 60 -1 60 -1 245 -1 245 -1 60 -1 60 -1 60 -1 60 -1 60 -1 60 -1 60 -1 60 -1 60 -1 60 -1 60 -1 60 -1 60 -1 60 -1 60 -1 60 -1 60 -1 60 -1 60 -1 60 -1 60 -1 60 -1 60 -1 60 -1 60 -1 60 -1 60 -1 60 -1 60 -1 60 -1 60 -1 60 -1 60 -1 60 -1 -2
62 -1 62 -1 60 -1 60 -1 245 -1 245 -1 60 -1 60 -1 60 -1 60 -1 60 -1 60 -1 60 -1 60 -1 60 -1 60 -1 60 -1 60 -1 60 -1 60 -1 60 -1 60 -1 60 -1 60 -1 60 -1 60 -1 60 -1 60 -1 60 -1 60 -1 60 -1 60 -1 245 -1 245 -1 60 -1 60 -1 60 -1 60 -1 60 -1 60 -1 60 -1 60 -1 60 -1 60 -1 60 -1 60 -1 60 -1 60 -1 60 -1 60 -1 60 -1 60 -1 60 -1 60 -1 60 -1 60 -1 60 -1 60 -1 60 -1 60 -1 60 -1 60 -1 245 -1 245 -1 60 -1 60 -1 60 -1 60 -1 60 -1 60 -1 60 -1 60 -1 60 -1 60 -1 60 -1 60 -1 60 -1 60 -1 60 -1 60 -1 60 -1 60 -1 60 -1 60 -1 60 -1 60 -1 60 -1 60 -1 -2
245 -1 60 -1 60 -1 60 -1 60 -1 60 -1 60 -1 60 -1 60 -1 60 -1 60 -1 60 -1 60 -1 60 -1 60 -1 60 -1 60 -1 60 -1 60 -1 60 -1 60 -1 60 -1 60 -1 245 -1 245 -1 60 -1 60 -1 60 -1 60 -1 60 -1 60 -1 60 -1 60 -1 60 -1 60 -1 60 -1 60 -1 60 -1 60 -1 60 -1 60 -1 60 -1 60 -1 60 -1 60 -1 60 -1 60 -1 60 -1 60 -1 60 -1 60 -1 60 -1 60 -1 60 -1 60 -1 60 -1 60 -1 60 -1 60 -1 60 -1 60 -1 60 -1 60 -1 60 -1 60 -1 60 -1 60 -1 60 -1 60 -1 60 -1 60 -1 60 -1 60 -1 60 -1 60 -1 60 -1 60 -1 245 -1 245 -1 60 -1 60 -1 60 -1 60 -1 60 -1 60 -1 60 -1 60 -1 60 -1 60 -1 60 -1 60 -1 60 -1 60 -1 60 -1 60 -1 60 -1 60 -1 60 -1 60 -1 60 -1 60 -1 -2
245 -1 60 -1 60 -1 60 -1 60 -1 60 -1 60 -1 60 -1 60 -1 60 -1 60 -1 60 -1 60 -1 60 -1 60 -1 60 -1 60 -1 60 -1 60 -1 60 -1 60 -1 60 -1 60 -1 245 -1 245 -1 60 -1 60 -1 60 -1 60 -1 60 -1 60 -1 60 -1 60 -1 60 -1 60 -1 60 -1 60 -1 60 -1 60 -1 60 -1 60 -1 60 -1 60 -1 60 -1 60 -1 60 -1 60 -1 60 -1 60 -1 60 -1 60 -1 245 -1 245 -1 60 -1 60 -1 60 -1 60 -1 60 -1 60 -1 60 -1 60 -1 60 -1 60 -1 60 -1 60 -1 60 -1 60 -1 60 -1 60 -1 60 -1 60 -1 60 -1 60 -1 60 -1 60 -1 60 -1 60 -1 -2
245 -1 60 -1 60 -1 60 -1 60 -1 60 -1 60 -1 60 -1 60 -1 60 -1 60 -1 60 -1 60 -1 60 -1 60 -1 60 -1 60 -1 60 -1 60 -1 60 -1 60 -1 60 -1 60 -1 60 -1 60 -1 60 -1 60 -1 60 -1 60 -1 60 -1 60 -1 60 -1 60 -1 60 -1 60 -1 60 -1 60 -1 60 -1 60 -1 60 -1 60 -1 60 -1 60 -1 60 -1 60 -1 60 -1 60 -1 60 -1 60 -1 60 -1 60 -1 245 -1 245 -1 60 -1 60 -1 60 -1 60 -1 60 -1 60 -1 60 -1 60 -1 60 -1 60 -1 245 -1 245 -1 60 -1 60 -1 60 -1 60 -1 60 -1 60 -1 60 -1 60 -1 60 -1 60 -1 60 -1 60 -1 60 -1 60 -1 60 -1 60 -1 60 -1 60 -1 60 -1 60 -1 60 -1 60 -1 60 -1 60 -1 -2
245 -1 60 -1 60 -1 60 -1 60 -1 60 -1 60 -1 60 -1 60 -1 60 -1 60 -1 245 -1 245 -1 60 -1 60 -1 60 -1 60 -1 60 -1 60 -1 60 -1 60 -1 60 -1 60 -1 60 -1 60 -1 60 -1 60 -1 60 -1 60 -1 60 -1 60 -1 245 -1 245 -1 60 -1 60 -1 60 -1 60 -1 60 -1 60 -1 60 -1 60 -1 60 -1 60 -1 -2
245 -1 60 -1 60 -1 60 -1 60 -1 60 -1 60 -1 60 -1 60 -1 60 -1 60 -1 60 -1 60 -1 60 -1 60 -1 60 -1 60 -1 60 -1 60 -1 60 -1 60 -1 60 -1 60 -1 245 -1 245 -1 60 -1 60 -1 60 -1 60 -1 60 -1 60 -1 60 -1 60 -1 60 -1 60 -1 60 -1 60 -1 60 -1 60 -1 60 -1 60 -1 60 -1 60 -1 60 -1 60 -1 60 -1 60 -1 245 -1 245 -1 60 -1 60 -1 60 -1 60 -1 60 -1 60 -1 60 -1 60 -1 60 -1 60 -1 60 -1 60 -1 60 -1 60 -1 60 -1 60 -1 60 -1 60 -1 60 -1 60 -1 60 -1 60 -1 -2
245 -1 60 -1 60 -1 60 -1 60 -1 60 -1 60 -1 60 -1 60 -1 60 -1 60 -1 60 -1 60 -1 60 -1 60 -1 60 -1 60 -1 60 -1 60 -1 60 -1 60 -1 60 -1 60 -1 60 -1 60 -1 60 -1 60 -1 60 -1 60 -1 245 -1 245 -1 60 -1 60 -1 60 -1 60 -1 60 -1 60 -1 60 -1 60 -1 60 -1 60 -1 60 -1 60 -1 60 -1 60 -1 60 -1 60 -1 60 -1 60 -1 60 -1 60 -1 60 -1 60 -1 245 -1 245 -1 60 -1 60 -1 60 -1 60 -1 60 -1 60 -1 60 -1 60 -1 60 -1 60 -1 60 -1 60 -1 60 -1 60 -1 60 -1 60 -1 60 -1 60 -1 60 -1 60 -1 -2
245 -1 60 -1 60 -1 60 -1 60 -1 60 -1 60 -1 60 -1 60 -1 60 -1 60 -1 60 -1 60 -1 60 -1 60 -1 60 -1 60 -1 60 -1 60 -1 60 -1 60 -1 60 -1 60 -1 245 -1 245 -1 60 -1 60 -1 60 -1 60 -1 60 -1 60 -1 60 -1 60 -1 60 -1 60 -1 60 -1 60 -1 60 -1 60 -1 60 -1 60 -1 60 -1 60 -1 60 -1 60 -1 60 -1 60 -1 60 -1 60 -1 245 -1 245 -1 60 -1 60 -1 60 -1 60 -1 60 -1 60 -1 60 -1 60 -1 60 -1 60 -1 60 -1 60 -1 60 -1 60 -1 60 -1 60 -1 60 -1 60 -1 60 -1 60 -1 60 -1 60 -1 60 -1 60 -1 60 -1 60 -1 -2
245 -1 60 -1 60 -1 60 -1 60 -1 60 -1 60 -1 60 -1 60 -1 60 -1 60 -1 60 -1 60 -1 60 -1 60 -1 60 -1 60 -1 60 -1 60 -1 60 -1 60 -1 60 -1 60 -1 60 -1 60 -1 245 -1 245 -1 60 -1 60 -1 60 -1 60 -1 60 -1 60 -1 60 -1 60 -1 60 -1 60 -1 60 -1 60 -1 60 -1 60 -1 60 -1 60 -1 60 -1 60 -1 60 -1 60 -1 60 -1 60 -1 60 -1 60 -1 245 -1 245 -1 60 -1 60 -1 60 -1 60 -1 60 -1 60 -1 60 -1 60 -1 60 -1 60 -1 60 -1 60 -1 60 -1 60 -1 60 -1 60 -1 60 -1 60 -1 60 -1 60 -1 -2
245 -1 60 -1 60 -1 60 -1 60 -1 60 -1 60 -1 60 -1 60 -1 60 -1 60 -1 60 -1 60 -1 60 -1 60 -1 60 -1 60 -1 60 -1 60 -1 60 -1 60 -1 60 -1 60 -1 60 -1 60 -1 60 -1 60 -1 245 -1 245 -1 60 -1 60 -1 60 -1 60 -1 60 -1 60 -1 60 -1 60 -1 60 -1 60 -1 245 -1 245 -1 60 -1 60 -1 60 -1 60 -1 60 -1 60 -1 60 -1 60 -1 60 -1 60 -1 -2
245 -1 60 -1 60 -1 60 -1 60 -1 60 -1 60 -1 60 -1 60 -1 60 -1 60 -1 60 -1 60 -1 60 -1 60 -1 60 -1 60 -1 60 -1 60 -1 60 -1 60 -1 60 -1 60 -1 245 -1 245 -1 60 -1 60 -1 60 -1 60 -1 60 -1 60 -1 60 -1 60 -1 60 -1 60 -1 60 -1 60 -1 60 -1 60 -1 60 -1 60 -1 60 -1 60 -1 60 -1 60 -1 60 -1 60 -1 245 -1 245 -1 60 -1 60 -1 60 -1 60 -1 60 -1 60 -1 60 -1 60 -1 60 -1 60 -1 60 -1 60 -1 60 -1 60 -1 60 -1 60 -1 60 -1 60 -1 60 -1 60 -1 60 -1 60 -1 -2
62 -1 62 -1 60 -1 60 -1 169 -1 169 -1 60 -1 60 -1 60 -1 60 -1 60 -1 60 -1 -2
62 -1 62 -1 60 -1 60 -1 250 -1 250 -1 60 -1 60 -1 60 -1 60 -1 60 -1 60 -1 60 -1 60 -1 -2
62 -1 62 -1 60 -1 60 -1 135 -1 135 -1 60 -1 60 -1 -2
62 -1 62 -1 60 -1 60 -1 135 -1 135 -1 60 -1 60 -1 -2
62 -1 62 -1 60 -1 60 -1 135 -1 135 -1 60 -1 60 -1 -2
62 -1 62 -1 60 -1 60 -1 135 -1 135 -1 60 -1 60 -1 -2
62 -1 62 -1 60 -1 60 -1 135 -1 135 -1 60 -1 60 -1 -2
62 -1 62 -1 60 -1 60 -1 135 -1 135 -1 60 -1 60 -1 -2
62 -1 62 -1 60 -1 60 -1 135 -1 135 -1 60 -1 60 -1 -2
62 -1 62 -1 60 -1 60 -1 135 -1 135 -1 60 -1 60 -1 -2
62 -1 62 -1 62 -1 62 -1 60 -1 60 -1 172 -1 172 -1 251 -1 251 -1 60 -1 60 -1 60 -1 60 -1 60 -1 60 -1 60 -1 60 -1 60 -1 60 -1 60 -1 60 -1 -2
62 -1 62 -1 60 -1 60 -1 135 -1 135 -1 60 -1 60 -1 -2
60 -1 60 -1 60 -1 60 -1 60 -1 60 -1 60 -1 66 -1 66 -1 66 -1 66 -1 60 -1 60 -1 66 -1 66 -1 60 -1 60 -1 66 -1 66 -1 60 -1 60 -1 60 -1 60 -1 60 -1 60 -1 60 -1 60 -1 66 -1 66 -1 66 -1 66 -1 60 -1 60 -1 60 -1 60 -1 60 -1 60 -1 60 -1 60 -1 60 -1 60 -1 60 -1 60 -1 60 -1 60 -1 60 -1 60 -1 60 -1 60 -1 60 -1 60 -1 60 -1 60 -1 309 -1 309 -1 60 -1 60 -1 60 -1 60 -1 60 -1 60 -1 60 -1 60 -1 60 -1 60 -1 60 -1 60 -1 60 -1 60 -1 60 -1 60 -1 60 -1 60 -1 60 -1 60 -1 60 -1 60 -1 60 -1 60 -1 60 -1 60 -1 -2
62 -1 62 -1 60 -1 60 -1 176 -1 176 -1 309 -1 309 -1 60 -1 60 -1 60 -1 60 -1 66 -1 66 -1 66 -1 66 -1 66 -1 66 -1 66 -1 66 -1 60 -1 60 -1 60 -1 60 -1 66 -1 66 -1 66 -1 66 -1 60 -1 60 -1 60 -1 60 -1 60 -1 60 -1 60 -1 60 -1 60 -1 60 -1 60 -1 60 -1 60 -1 60 -1 60 -1 60 -1 60 -1 60 -1 60 -1 60 -1 60 -1 60 -1 60 -1 60 -1 60 -1 60 -1 60 -1 60 -1 60 -1 60 -1 60 -1 60 -1 60 -1 60 -1 60 -1 60 -1 60 -1 60 -1 60 -1 60 -1 60 -1 60 -1 60 -1 60 -1 60 -1 60 -1 66 -1 66 -1 66 -1 66 -1 66 -1 66 -1 66 -1 66 -1 66 -1 66 -1 60 -1 60 -1 60 -1 60 -1 60 -1 60 -1 60 -1 60 -1 60 -1 60 -1 60 -1 60 -1 60 -1 60 -1 60 -1 60 -1 60 -1 60 -1 60 -1 60 -1 60 -1 60 -1 60 -1 60 -1 60 -1 60 -1 60 -1 60 -1 60 -1 60 -1 60 -1 60 -1 60 -1 60 -1 60 -1 60 -1 60 -1 60 -1 60 -1 60 -1 60 -1 60 -1 60 -1 60 -1 60 -1 60 -1 60 -1 60 -1 66 -1 66 -1 66 -1 66 -1 74 -1 74 -1 74 -1 74 -1 74 -1 74 -1 74 -1 74 -1 74 -1 74 -1 66 -1 66 -1 66 -1 66 -1 60 -1 60 -1 60 -1 60 -1 60 -1 60 -1 60 -1 60 -1 60 -1 60 -1 60 -1 60 -1 66 -1 66 -1 66 -1 66 -1 66 -1 66 -1 66 -1 66 -1 60 -1 60 -1 60 -1 60 -1 60 -1 60 -1 60 -1 60 -1 60 -1 60 -1 60 -1 60 -1 60 -1 60 -1 66 -1 66 -1 74 -1 74 -1 66 -1 66 -1 66 -1 66 -1 -2
60 -1 60 -1 60 -1 60 -1 60 -1 60 -1 60 -1 66 -1 66 -1 66 -1 66 -1 60 -1 60 -1 60 -1 60 -1 60 -1 60 -1 60 -1 60 -1 60 -1 60 -1 60 -1 60 -1 60 -1 60 -1 60 -1 60 -1 60 -1 60 -1 60 -1 60 -1 60 -1 60 -1 60 -1 60 -1 60 -1 60 -1 60 -1 60 -1 60 -1 60 -1 60 -1 60 -1 60 -1 60 -1 60 -1 60 -1 60 -1 60 -1 66 -1 66 -1 66 -1 66 -1 66 -1 66 -1 66 -1 66 -1 60 -1 60 -1 60 -1 60 -1 60 -1 60 -1 60 -1 60 -1 60 -1 60 -1 60 -1 60 -1 60 -1 60 -1 66 -1 66 -1 66 -1 66 -1 66 -1 66 -1 66 -1 66 -1 60 -1 60 -1 60 -1 60 -1 60 -1 60 -1 60 -1 60 -1 60 -1 60 -1 60 -1 60 -1 60 -1 60 -1 66 -1 66 -1 66 -1 66 -1 66 -1 66 -1 60 -1 60 -1 60 -1 60 -1 60 -1 60 -1 66 -1 66 -1 66 -1 66 -1 -2
60 -1 60 -1 60 -1 60 -1 60 -1 66 -1 66 -1 66 -1 66 -1 60 -1 60 -1 60 -1 60 -1 60 -1 60 -1 60 -1 60 -1 66 -1 66 -1 66 -1 66 -1 60 -1 60 -1 60 -1 60 -1 60 -1 60 -1 60 -1 60 -1 60 -1 60 -1 60 -1 60 -1 60 -1 60 -1 60 -1 60 -1 60 -1 60 -1 60 -1 60 -1 60 -1 60 -1 60 -1 60 -1 60 -1 60 -1 60 -1 60 -1 60 -1 60 -1 60 -1 60 -1 60 -1 60 -1 60 -1 60 -1 60 -1 60 -1 60 -1 60 -1 60 -1 60 -1 60 -1 60 -1 60 -1 60 -1 66 -1 66 -1 66 -1 66 -1 66 -1 66 -1 66 -1 66 -1 66 -1 66 -1 66 -1 66 -1 60 -1 60 -1 66 -1 66 -1 66 -1 66 -1 66 -1 66 -1 60 -1 60 -1 60 -1 60 -1 60 -1 60 -1 60 -1 60 -1 60 -1 60 -1 66 -1 66 -1 66 -1 66 -1 60 -1 60 -1 60 -1 60 -1 60 -1 60 -1 60 -1 60 -1 60 -1 60 -1 60 -1 60 -1 60 -1 60 -1 60 -1 60 -1 60 -1 60 -1 60 -1 60 -1 60 -1 60 -1 60 -1 60 -1 60 -1 60 -1 60 -1 60 -1 60 -1 60 -1 60 -1 60 -1 60 -1 60 -1 66 -1 66 -1 66 -1 66 -1 74 -1 74 -1 74 -1 74 -1 66 -1 66 -1 66 -1 66 -1 60 -1 60 -1 60 -1 60 -1 -2
66 -1 66 -1 66 -1 60 -1 60 -1 60 -1 60 -1 60 -1 60 -1 60 -1 60 -1 60 -1 60 -1 60 -1 60 -1 60 -1 60 -1 60 -1 60 -1 60 -1 60 -1 60 -1 60 -1 60 -1 60 -1 60 -1 60 -1 60 -1 60 -1 60 -1 60 -1 60 -1 60 -1 60 -1 60 -1 60 -1 60 -1 60 -1 60 -1 60 -1 60 -1 60 -1 60 -1 60 -1 60 -1 60 -1 60 -1 60 -1 60 -1 60 -1 60 -1 60 -1 60 -1 60 -1 60 -1 60 -1 60 -1 60 -1 60 -1 60 -1 60 -1 60 -1 60 -1 60 -1 60 -1 66 -1 66 -1 66 -1 66 -1 66 -1 66 -1 66 -1 66 -1 66 -1 66 -1 60 -1 60 -1 66 -1 66 -1 66 -1 66 -1 60 -1 60 -1 60 -1 60 -1 60 -1 60 -1 60 -1 60 -1 60 -1 60 -1 60 -1 60 -1 60 -1 60 -1 60 -1 60 -1 66 -1 66 -1 66 -1 66 -1 60 -1 60 -1 60 -1 60 -1 60 -1 60 -1 60 -1 60 -1 60 -1 60 -1 60 -1 60 -1 60 -1 60 -1 60 -1 60 -1 -2
60 -1 60 -1 60 -1 60 -1 60 -1 60 -1 60 -1 60 -1 60 -1 60 -1 60 -1 60 -1 60 -1 60 -1 60 -1 60 -1 60 -1 60 -1 60 -1 60 -1 60 -1 60 -1 60 -1 60 -1 60 -1 60 -1 60 -1 60 -1 60 -1 60 -1 60 -1 60 -1 60 -1 60 -1 60 -1 60 -1 60 -1 60 -1 60 -1 60 -1 60 -1 60 -1 60 -1 60 -1 60 -1 60 -1 60 -1 60 -1 60 -1 60 -1 60 -1 60 -1 60 -1 60 -1 60 -1 60 -1 60 -1 60 -1 60 -1 60 -1 60 -1 60 -1 60 -1 60 -1 60 -1 60 -1 60 -1 60 -1 60 -1 60 -1 60 -1 60 -1 60 -1 60 -1 60 -1 60 -1 60 -1 60 -1 60 -1 60 -1 60 -1 60 -1 60 -1 60 -1 60 -1 60 -1 60 -1 60 -1 60 -1 60 -1 60 -1 60 -1 60 -1 60 -1 60 -1 60 -1 60 -1 66 -1 66 -1 66 -1 66 -1 66 -1 66 -1 66 -1 66 -1 66 -1 66 -1 66 -1 66 -1 66 -1 66 -1 66 -1 66 -1 66 -1 66 -1 60 -1 60 -1 60 -1 60 -1 60 -1 60 -1 60 -1 60 -1 60 -1 60 -1 60 -1 60 -1 60 -1 60 -1 60 -1 60 -1 60 -1 60 -1 60 -1 60 -1 60 -1 60 -1 60 -1 60 -1 60 -1 60 -1 60 -1 60 -1 60 -1 60 -1 60 -1 60 -1 60 -1 60 -1 60 -1 60 -1 60 -1 60 -1 60 -1 60 -1 66 -1 66 -1 66 -1 66 -1 66 -1 66 -1 66 -1 66 -1 66 -1 66 -1 66 -1 66 -1 66 -1 66 -1 66 -1 66 -1 66 -1 66 -1 66 -1 66 -1 66 -1 66 -1 60 -1 60 -1 60 -1 60 -1 60 -1 60 -1 60 -1 60 -1 60 -1 60 -1 60 -1 60 -1 60 -1 60 -1 60 -1 60 -1 60 -1 60 -1 60 -1 60 -1 60 -1 60 -1 60 -1 60 -1 60 -1 60 -1 66 -1 66 -1 66 -1 66 -1 66 -1 66 -1 60 -1 60 -1 60 -1 60 -1 60 -1 60 -1 66 -1 66 -1 66 -1 66 -1 60 -1 60 -1 60 -1 60 -1 60 -1 60 -1 60 -1 60 -1 60 -1 60 -1 60 -1 60 -1 60 -1 60 -1 60 -1 60 -1 60 -1 60 -1 60 -1 60 -1 60 -1 60 -1 66 -1 66 -1 66 -1 66 -1 66 -1 66 -1 66 -1 66 -1 60 -1 60 -1 60 -1 60 -1 60 -1 60 -1 60 -1 60 -1 60 -1 60 -1 60 -1 60 -1 60 -1 60 -1 66 -1 66 -1 -2
60 -1 66 -1 66 -1 66 -1 66 -1 66 -1 66 -1 66 -1 66 -1 66 -1 66 -1 60 -1 60 -1 60 -1 60 -1 60 -1 60 -1 60 -1 60 -1 60 -1 60 -1 60 -1 60 -1 60 -1 60 -1 60 -1 60 -1 60 -1 60 -1 60 -1 60 -1 60 -1 60 -1 60 -1 60 -1 60 -1 60 -1 66 -1 66 -1 66 -1 66 -1 66 -1 66 -1 60 -1 60 -1 60 -1 60 -1 60 -1 60 -1 60 -1 60 -1 60 -1 60 -1 60 -1 60 -1 66 -1 66 -1 66 -1 66 -1 60 -1 60 -1 60 -1 60 -1 60 -1 60 -1 60 -1 60 -1 60 -1 60 -1 60 -1 60 -1 60 -1 60 -1 60 -1 60 -1 60 -1 60 -1 60 -1 60 -1 60 -1 60 -1 60 -1 60 -1 66 -1 66 -1 66 -1 66 -1 66 -1 66 -1 66 -1 66 -1 60 -1 60 -1 60 -1 60 -1 60 -1 60 -1 60 -1 60 -1 60 -1 60 -1 60 -1 60 -1 66 -1 66 -1 66 -1 66 -1 66 -1 66 -1 60 -1 60 -1 66 -1 66 -1 66 -1 66 -1 60 -1 60 -1 60 -1 60 -1 60 -1 60 -1 60 -1 60 -1 60 -1 60 -1 60 -1 60 -1 60 -1 60 -1 60 -1 60 -1 60 -1 60 -1 60 -1 60 -1 66 -1 66 -1 66 -1 66 -1 66 -1 66 -1 60 -1 60 -1 60 -1 60 -1 -2
60 -1 60 -1 60 -1 66 -1 66 -1 66 -1 66 -1 66 -1 66 -1 66 -1 66 -1 66 -1 66 -1 66 -1 66 -1 60 -1 60 -1 60 -1 60 -1 60 -1 60 -1 60 -1 60 -1 60 -1 60 -1 60 -1 60 -1 60 -1 60 -1 60 -1 60 -1 60 -1 60 -1 60 -1 60 -1 60 -1 60 -1 60 -1 60 -1 60 -1 60 -1 60 -1 60 -1 60 -1 60 -1 60 -1 60 -1 60 -1 60 -1 60 -1 60 -1 60 -1 60 -1 60 -1 60 -1 60 -1 60 -1 60 -1 60 -1 60 -1 60 -1 60 -1 60 -1 60 -1 60 -1 60 -1 60 -1 60 -1 60 -1 60 -1 60 -1 60 -1 60 -1 60 -1 60 -1 60 -1 60 -1 60 -1 60 -1 60 -1 60 -1 60 -1 60 -1 60 -1 60 -1 60 -1 60 -1 60 -1 60 -1 60 -1 60 -1 60 -1 60 -1 66 -1 66 -1 66 -1 66 -1 66 -1 66 -1 66 -1 66 -1 66 -1 66 -1 66 -1 66 -1 66 -1 66 -1 66 -1 66 -1 66 -1 66 -1 66 -1 66 -1 66 -1 66 -1 66 -1 66 -1 66 -1 66 -1 60 -1 60 -1 60 -1 60 -1 60 -1 60 -1 60 -1 60 -1 60 -1 60 -1 60 -1 60 -1 60 -1 60 -1 60 -1 60 -1 60 -1 60 -1 60 -1 60 -1 60 -1 60 -1 60 -1 60 -1 66 -1 66 -1 66 -1 66 -1 66 -1 66 -1 66 -1 66 -1 66 -1 66 -1 66 -1 66 -1 66 -1 66 -1 66 -1 66 -1 66 -1 66 -1 60 -1 60 -1 60 -1 60 -1 60 -1 60 -1 60 -1 60 -1 60 -1 60 -1 60 -1 60 -1 60 -1 60 -1 60 -1 60 -1 60 -1 60 -1 60 -1 60 -1 60 -1 60 -1 60 -1 60 -1 60 -1 60 -1 60 -1 60 -1 60 -1 60 -1 60 -1 60 -1 60 -1 60 -1 60 -1 60 -1 60 -1 60 -1 60 -1 60 -1 60 -1 60 -1 60 -1 60 -1 60 -1 60 -1 60 -1 60 -1 60 -1 60 -1 60 -1 60 -1 66 -1 66 -1 66 -1 66 -1 66 -1 66 -1 66 -1 66 -1 66 -1 66 -1 60 -1 60 -1 60 -1 60 -1 60 -1 60 -1 60 -1 60 -1 60 -1 60 -1 60 -1 60 -1 60 -1 60 -1 60 -1 60 -1 60 -1 60 -1 60 -1 60 -1 60 -1 60 -1 60 -1 60 -1 60 -1 60 -1 60 -1 60 -1 60 -1 60 -1 60 -1 60 -1 60 -1 60 -1 60 -1 60 -1 60 -1 60 -1 60 -1 60 -1 60 -1 60 -1 66 -1 66 -1 66 -1 66 -1 66 -1 66 -1 66 -1 66 -1 66 -1 66 -1 66 -1 66 -1 66 -1 66 -1 66 -1 66 -1 60 -1 60 -1 60 -1 60 -1 60 -1 60 -1 -2
308 -1 60 -1 60 -1 60 -1 60 -1 60 -1 60 -1 60 -1 60 -1 66 -1 66 -1 66 -1 66 -1 66 -1 66 -1 66 -1 66 -1 66 -1 66 -1 60 -1 60 -1 60 -1 60 -1 60 -1 60 -1 66 -1 66 -1 66 -1 66 -1 60 -1 60 -1 60 -1 60 -1 60 -1 60 -1 60 -1 60 -1 60 -1 60 -1 60 -1 60 -1 60 -1 60 -1 60 -1 60 -1 60 -1 60 -1 60 -1 60 -1 60 -1 60 -1 60 -1 60 -1 60 -1 60 -1 60 -1 60 -1 60 -1 60 -1 60 -1 60 -1 60 -1 60 -1 60 -1 60 -1 60 -1 60 -1 60 -1 60 -1 66 -1 66 -1 66 -1 66 -1 66 -1 66 -1 66 -1 66 -1 66 -1 66 -1 66 -1 66 -1 60 -1 60 -1 60 -1 60 -1 310 -1 310 -1 60 -1 60 -1 60 -1 60 -1 60 -1 60 -1 60 -1 60 -1 60 -1 60 -1 60 -1 60 -1 60 -1 60 -1 60 -1 60 -1 60 -1 60 -1 60 -1 60 -1 60 -1 60 -1 60 -1 60 -1 60 -1 60 -1 60 -1 60 -1 60 -1 60 -1 60 -1 60 -1 66 -1 66 -1 66 -1 66 -1 66 -1 66 -1 66 -1 66 -1 66 -1 66 -1 66 -1 66 -1 66 -1 66 -1 60 -1 60 -1 66 -1 66 -1 66 -1 66 -1 60 -1 60 -1 60 -1 60 -1 60 -1 60 -1 60 -1 60 -1 60 -1 60 -1 60 -1 60 -1 60 -1 60 -1 60 -1 60 -1 60 -1 60 -1 60 -1 60 -1 60 -1 60 -1 60 -1 60 -1 310 -1 310 -1 60 -1 60 -1 60 -1 60 -1 60 -1 60 -1 60 -1 60 -1 60 -1 60 -1 60 -1 60 -1 60 -1 60 -1 60 -1 60 -1 60 -1 60 -1 60 -1 60 -1 60 -1 60 -1 60 -1 60 -1 60 -1 60 -1 66 -1 66 -1 66 -1 66 -1 66 -1 66 -1 66 -1 66 -1 66 -1 66 -1 66 -1 66 -1 60 -1 60 -1 60 -1 60 -1 66 -1 66 -1 -2
60 -1 60 -1 60 -1 66 -1 66 -1 66 -1 66 -1 66 -1 66 -1 60 -1 60 -1 60 -1 60 -1 60 -1 60 -1 60 -1 60 -1 60 -1 60 -1 66 -1 66 -1 66 -1 66 -1 60 -1 60 -1 60 -1 60 -1 60 -1 60 -1 60 -1 60 -1 60 -1 60 -1 60 -1 60 -1 60 -1 60 -1 60 -1 60 -1 60 -1 60 -1 60 -1 60 -1 60 -1 60 -1 60 -1 60 -1 60 -1 60 -1 60 -1 60 -1 66 -1 66 -1 66 -1 66 -1 60 -1 60 -1 60 -1 60 -1 60 -1 60 -1 60 -1 60 -1 60 -1 60 -1 60 -1 60 -1 66 -1 66 -1 66 -1 66 -1 66 -1 66 -1 60 -1 60 -1 60 -1 60 -1 60 -1 60 -1 60 -1 60 -1 60 -1 60 -1 60 -1 60 -1 60 -1 60 -1 60 -1 60 -1 60 -1 60 -1 60 -1 60 -1 60 -1 60 -1 60 -1 60 -1 60 -1 60 -1 60 -1 60 -1 60 -1 60 -1 60 -1 60 -1 60 -1 60 -1 60 -1 60 -1 60 -1 60 -1 -2
62 -1 62 -1 60 -1 60 -1 135 -1 135 -1 60 -1 60 -1 -2
62 -1 62 -1 60 -1 60 -1 135 -1 135 -1 60 -1 60 -1 -2
62 -1 62 -1 60 -1 60 -1 258 -1 258 -1 60 -1 60 -1 -2
62 -1 62 -1 60 -1 60 -1 135 -1 135 -1 60 -1 60 -1 -2
62 -1 62 -1 60 -1 60 -1 135 -1 135 -1 60 -1 60 -1 -2
62 -1 62 -1 60 -1 60 -1 135 -1 135 -1 135 -1 135 -1 60 -1 60 -1 -2
62 -1 62 -1 60 -1 60 -1 135 -1 135 -1 60 -1 60 -1 -2
62 -1 62 -1 60 -1 60 -1 135 -1 135 -1 60 -1 60 -1 -2
62 -1 62 -1 60 -1 60 -1 135 -1 135 -1 60 -1 60 -1 -2
62 -1 62 -1 60 -1 60 -1 135 -1 135 -1 60 -1 60 -1 -2
62 -1 62 -1 60 -1 60 -1 135 -1 135 -1 60 -1 60 -1 -2
62 -1 62 -1 60 -1 60 -1 135 -1 135 -1 60 -1 60 -1 -2
62 -1 62 -1 60 -1 60 -1 135 -1 135 -1 60 -1 60 -1 -2
62 -1 62 -1 60 -1 60 -1 135 -1 135 -1 60 -1 60 -1 -2
62 -1 62 -1 60 -1 60 -1 135 -1 135 -1 60 -1 60 -1 -2
62 -1 62 -1 60 -1 60 -1 135 -1 135 -1 60 -1 60 -1 -2
62 -1 62 -1 60 -1 60 -1 135 -1 135 -1 60 -1 60 -1 -2
62 -1 62 -1 60 -1 60 -1 135 -1 135 -1 60 -1 60 -1 -2
62 -1 62 -1 60 -1 60 -1 135 -1 135 -1 60 -1 60 -1 -2
62 -1 62 -1 60 -1 60 -1 135 -1 135 -1 60 -1 60 -1 -2
62 -1 62 -1 60 -1 60 -1 135 -1 135 -1 60 -1 60 -1 -2
62 -1 62 -1 60 -1 60 -1 135 -1 135 -1 60 -1 60 -1 -2
62 -1 62 -1 60 -1 60 -1 135 -1 135 -1 60 -1 60 -1 -2
62 -1 62 -1 60 -1 60 -1 135 -1 135 -1 60 -1 60 -1 -2
62 -1 62 -1 60 -1 60 -1 135 -1 135 -1 60 -1 60 -1 -2
62 -1 60 -1 60 -1 135 -1 135 -1 60 -1 60 -1 -2
62 -1 62 -1 60 -1 60 -1 135 -1 135 -1 60 -1 60 -1 -2
90 -1 90 -1 90 -1 90 -1 90 -1 90 -1 -2
62 -1 62 -1 60 -1 60 -1 135 -1 135 -1 60 -1 60 -1 -2
62 -1 62 -1 60 -1 60 -1 135 -1 135 -1 60 -1 60 -1 -2
62 -1 62 -1 60 -1 60 -1 135 -1 135 -1 60 -1 60 -1 -2
62 -1 62 -1 60 -1 60 -1 135 -1 135 -1 60 -1 60 -1 -2
62 -1 62 -1 60 -1 60 -1 135 -1 135 -1 60 -1 60 -1 -2
62 -1 62 -1 60 -1 60 -1 135 -1 135 -1 135 -1 135 -1 60 -1 60 -1 -2
62 -1 62 -1 60 -1 60 -1 135 -1 135 -1 60 -1 60 -1 -2
62 -1 62 -1 60 -1 60 -1 135 -1 135 -1 60 -1 60 -1 -2
62 -1 62 -1 60 -1 60 -1 135 -1 135 -1 60 -1 60 -1 -2
62 -1 60 -1 60 -1 135 -1 135 -1 135 -1 135 -1 60 -1 60 -1 -2
62 -1 62 -1 60 -1 60 -1 135 -1 135 -1 60 -1 60 -1 -2
62 -1 62 -1 60 -1 60 -1 135 -1 135 -1 60 -1 60 -1 -2
62 -1 62 -1 60 -1 60 -1 135 -1 135 -1 60 -1 60 -1 -2
62 -1 62 -1 60 -1 60 -1 135 -1 135 -1 60 -1 60 -1 -2
62 -1 62 -1 60 -1 60 -1 135 -1 135 -1 60 -1 60 -1 -2
62 -1 62 -1 60 -1 60 -1 135 -1 135 -1 60 -1 60 -1 -2
62 -1 62 -1 60 -1 60 -1 135 -1 135 -1 60 -1 60 -1 -2
62 -1 62 -1 60 -1 60 -1 135 -1 135 -1 60 -1 60 -1 -2
62 -1 62 -1 60 -1 60 -1 135 -1 135 -1 60 -1 60 -1 -2
62 -1 62 -1 60 -1 60 -1 135 -1 135 -1 60 -1 60 -1 -2
62 -1 62 -1 60 -1 60 -1 135 -1 135 -1 60 -1 60 -1 -2
62 -1 62 -1 60 -1 60 -1 135 -1 135 -1 60 -1 60 -1 -2
62 -1 62 -1 62 -1 62 -1 62 -1 62 -1 60 -1 60 -1 135 -1 135 -1 60 -1 60 -1 -2
62 -1 62 -1 60 -1 60 -1 135 -1 135 -1 135 -1 135 -1 60 -1 60 -1 -2
62 -1 62 -1 60 -1 60 -1 135 -1 135 -1 60 -1 60 -1 -2
62 -1 62 -1 60 -1 60 -1 135 -1 135 -1 60 -1 60 -1 -2
92 -1 92 -1 92 -1 92 -1 92 -1 -2
92 -1 92 -1 92 -1 92 -1 92 -1 -2
92 -1 92 -1 92 -1 92 -1 92 -1 92 -1 -2
92 -1 92 -1 92 -1 92 -1 92 -1 92 -1 92 -1 92 -1 92 -1 92 -1 92 -1 -2
92 -1 92 -1 92 -1 92 -1 92 -1 92 -1 92 -1 92 -1 92 -1 92 -1 92 -1 -2
62 -1 62 -1 62 -1 62 -1 60 -1 60 -1 135 -1 135 -1 60 -1 60 -1 -2
62 -1 62 -1 60 -1 60 -1 135 -1 135 -1 60 -1 60 -1 -2
62 -1 62 -1 60 -1 60 -1 135 -1 135 -1 60 -1 60 -1 -2
62 -1 62 -1 60 -1 60 -1 135 -1 135 -1 60 -1 60 -1 -2
62 -1 62 -1 60 -1 60 -1 135 -1 135 -1 60 -1 60 -1 -2
62 -1 62 -1 60 -1 60 -1 135 -1 135 -1 60 -1 60 -1 -2
62 -1 62 -1 60 -1 60 -1 135 -1 135 -1 60 -1 60 -1 -2
62 -1 62 -1 60 -1 60 -1 135 -1 135 -1 60 -1 60 -1 -2
62 -1 62 -1 62 -1 62 -1 62 -1 62 -1 60 -1 60 -1 135 -1 135 -1 60 -1 60 -1 -2
62 -1 62 -1 60 -1 60 -1 135 -1 135 -1 60 -1 60 -1 -2
62 -1 62 -1 60 -1 60 -1 135 -1 135 -1 60 -1 60 -1 -2
62 -1 62 -1 60 -1 60 -1 135 -1 135 -1 60 -1 60 -1 -2
62 -1 62 -1 62 -1 62 -1 60 -1 60 -1 135 -1 135 -1 60 -1 60 -1 -2
62 -1 62 -1 60 -1 60 -1 135 -1 135 -1 60 -1 60 -1 -2
62 -1 62 -1 62 -1 62 -1 60 -1 60 -1 135 -1 135 -1 60 -1 60 -1 -2
62 -1 60 -1 60 -1 135 -1 135 -1 60 -1 60 -1 -2
62 -1 62 -1 60 -1 60 -1 135 -1 135 -1 135 -1 135 -1 60 -1 60 -1 -2
62 -1 62 -1 60 -1 60 -1 135 -1 135 -1 60 -1 60 -1 -2
62 -1 62 -1 60 -1 60 -1 135 -1 135 -1 60 -1 60 -1 -2
62 -1 62 -1 60 -1 60 -1 135 -1 135 -1 60 -1 60 -1 -2
62 -1 62 -1 60 -1 60 -1 135 -1 135 -1 135 -1 135 -1 60 -1 60 -1 -2
62 -1 62 -1 60 -1 60 -1 135 -1 135 -1 60 -1 60 -1 -2
62 -1 62 -1 60 -1 60 -1 135 -1 135 -1 60 -1 60 -1 -2
62 -1 62 -1 60 -1 60 -1 135 -1 135 -1 60 -1 60 -1 -2
62 -1 62 -1 60 -1 60 -1 135 -1 135 -1 60 -1 60 -1 -2
62 -1 62 -1 60 -1 60 -1 135 -1 135 -1 60 -1 60 -1 -2
62 -1 62 -1 60 -1 60 -1 135 -1 135 -1 60 -1 60 -1 -2
62 -1 62 -1 60 -1 60 -1 135 -1 135 -1 60 -1 60 -1 -2
62 -1 62 -1 60 -1 60 -1 135 -1 135 -1 60 -1 60 -1 -2
62 -1 62 -1 62 -1 62 -1 60 -1 60 -1 135 -1 135 -1 60 -1 60 -1 -2
62 -1 62 -1 60 -1 60 -1 135 -1 135 -1 135 -1 135 -1 60 -1 60 -1 -2
62 -1 62 -1 60 -1 60 -1 135 -1 135 -1 60 -1 60 -1 -2
62 -1 62 -1 60 -1 60 -1 135 -1 135 -1 135 -1 135 -1 60 -1 60 -1 -2
62 -1 62 -1 60 -1 60 -1 135 -1 135 -1 135 -1 135 -1 135 -1 135 -1 -2
62 -1 62 -1 60 -1 60 -1 135 -1 135 -1 60 -1 60 -1 -2
62 -1 62 -1 62 -1 62 -1 60 -1 60 -1 135 -1 135 -1 60 -1 60 -1 -2
62 -1 62 -1 60 -1 60 -1 135 -1 135 -1 60 -1 60 -1 -2
62 -1 62 -1 60 -1 60 -1 135 -1 135 -1 60 -1 60 -1 -2
62 -1 62 -1 60 -1 60 -1 135 -1 135 -1 60 -1 60 -1 -2
62 -1 62 -1 60 -1 60 -1 135 -1 135 -1 60 -1 60 -1 -2
62 -1 62 -1 60 -1 60 -1 135 -1 135 -1 60 -1 60 -1 -2
62 -1 62 -1 60 -1 60 -1 135 -1 135 -1 60 -1 60 -1 -2
62 -1 62 -1 60 -1 60 -1 126 -1 126 -1 78 -1 78 -1 78 -1 78 -1 78 -1 78 -1 78 -1 78 -1 78 -1 78 -1 78 -1 78 -1 78 -1 78 -1 78 -1 78 -1 78 -1 78 -1 78 -1 78 -1 78 -1 78 -1 78 -1 78 -1 78 -1 78 -1 78 -1 78 -1 60 -1 60 -1 -2
62 -1 62 -1 60 -1 60 -1 135 -1 135 -1 60 -1 60 -1 -2
62 -1 62 -1 60 -1 60 -1 135 -1 135 -1 60 -1 60 -1 -2
62 -1 62 -1 60 -1 60 -1 135 -1 135 -1 60 -1 60 -1 -2
62 -1 62 -1 60 -1 60 -1 135 -1 135 -1 60 -1 60 -1 -2
62 -1 62 -1 60 -1 60 -1 135 -1 135 -1 60 -1 60 -1 -2
62 -1 62 -1 60 -1 60 -1 135 -1 135 -1 60 -1 60 -1 -2
62 -1 62 -1 60 -1 60 -1 135 -1 135 -1 60 -1 60 -1 -2
62 -1 62 -1 60 -1 60 -1 135 -1 135 -1 60 -1 60 -1 -2
62 -1 62 -1 60 -1 60 -1 135 -1 135 -1 60 -1 60 -1 -2
62 -1 62 -1 60 -1 60 -1 135 -1 135 -1 60 -1 60 -1 -2
62 -1 62 -1 60 -1 60 -1 135 -1 135 -1 60 -1 60 -1 -2
62 -1 62 -1 60 -1 60 -1 135 -1 135 -1 60 -1 60 -1 -2
62 -1 62 -1 60 -1 60 -1 135 -1 135 -1 60 -1 60 -1 -2
62 -1 62 -1 60 -1 60 -1 135 -1 135 -1 60 -1 60 -1 -2
62 -1 62 -1 60 -1 60 -1 135 -1 135 -1 60 -1 60 -1 -2
62 -1 62 -1 60 -1 60 -1 135 -1 135 -1 60 -1 60 -1 -2
62 -1 62 -1 60 -1 60 -1 135 -1 135 -1 60 -1 60 -1 -2
62 -1 62 -1 60 -1 60 -1 135 -1 135 -1 60 -1 60 -1 -2
62 -1 62 -1 60 -1 60 -1 135 -1 135 -1 60 -1 60 -1 -2
62 -1 62 -1 60 -1 60 -1 135 -1 135 -1 60 -1 60 -1 -2
62 -1 62 -1 60 -1 60 -1 135 -1 135 -1 60 -1 60 -1 -2
62 -1 62 -1 60 -1 60 -1 135 -1 135 -1 60 -1 60 -1 -2
62 -1 62 -1 60 -1 60 -1 135 -1 135 -1 60 -1 60 -1 -2
62 -1 62 -1 60 -1 60 -1 135 -1 135 -1 60 -1 60 -1 -2
62 -1 62 -1 60 -1 60 -1 135 -1 135 -1 60 -1 60 -1 -2
62 -1 62 -1 60 -1 60 -1 135 -1 135 -1 60 -1 60 -1 -2
62 -1 62 -1 60 -1 60 -1 135 -1 135 -1 60 -1 60 -1 -2
62 -1 62 -1 60 -1 60 -1 135 -1 135 -1 60 -1 60 -1 -2
62 -1 62 -1 60 -1 60 -1 135 -1 135 -1 60 -1 60 -1 -2
62 -1 62 -1 60 -1 60 -1 135 -1 135 -1 60 -1 60 -1 -2
62 -1 62 -1 60 -1 60 -1 135 -1 135 -1 60 -1 60 -1 -2
62 -1 62 -1 60 -1 60 -1 135 -1 135 -1 60 -1 60 -1 -2
62 -1 62 -1 60 -1 60 -1 135 -1 135 -1 60 -1 60 -1 -2
62 -1 62 -1 60 -1 60 -1 135 -1 135 -1 135 -1 135 -1 60 -1 60 -1 -2
62 -1 62 -1 60 -1 60 -1 135 -1 135 -1 60 -1 60 -1 -2
62 -1 62 -1 60 -1 60 -1 135 -1 135 -1 60 -1 60 -1 -2
62 -1 60 -1 60 -1 135 -1 135 -1 60 -1 60 -1 -2
62 -1 62 -1 60 -1 60 -1 135 -1 135 -1 60 -1 60 -1 -2
62 -1 62 -1 60 -1 60 -1 135 -1 135 -1 60 -1 60 -1 -2
62 -1 62 -1 60 -1 60 -1 135 -1 135 -1 135 -1 135 -1 60 -1 60 -1 -2
62 -1 62 -1 60 -1 60 -1 135 -1 135 -1 60 -1 60 -1 -2
62 -1 62 -1 60 -1 60 -1 135 -1 135 -1 135 -1 135 -1 60 -1 60 -1 -2
62 -1 62 -1 60 -1 60 -1 135 -1 135 -1 60 -1 60 -1 -2
62 -1 62 -1 60 -1 60 -1 135 -1 135 -1 60 -1 60 -1 -2
62 -1 62 -1 60 -1 60 -1 135 -1 135 -1 60 -1 60 -1 -2
62 -1 62 -1 60 -1 60 -1 135 -1 135 -1 60 -1 60 -1 -2
62 -1 62 -1 60 -1 60 -1 135 -1 135 -1 135 -1 135 -1 60 -1 60 -1 -2
62 -1 62 -1 60 -1 60 -1 135 -1 135 -1 60 -1 60 -1 -2
62 -1 62 -1 60 -1 60 -1 135 -1 135 -1 60 -1 60 -1 -2
62 -1 62 -1 60 -1 60 -1 135 -1 135 -1 60 -1 60 -1 -2
62 -1 62 -1 62 -1 62 -1 60 -1 60 -1 135 -1 135 -1 60 -1 60 -1 -2
62 -1 62 -1 60 -1 60 -1 135 -1 135 -1 60 -1 60 -1 -2
62 -1 62 -1 60 -1 60 -1 135 -1 135 -1 60 -1 60 -1 -2
62 -1 62 -1 60 -1 60 -1 135 -1 135 -1 60 -1 60 -1 -2
62 -1 62 -1 60 -1 60 -1 135 -1 135 -1 60 -1 60 -1 -2
62 -1 62 -1 60 -1 60 -1 135 -1 135 -1 60 -1 60 -1 -2
62 -1 62 -1 60 -1 60 -1 135 -1 135 -1 60 -1 60 -1 -2
62 -1 62 -1 60 -1 60 -1 135 -1 135 -1 60 -1 60 -1 -2
62 -1 62 -1 60 -1 60 -1 135 -1 135 -1 60 -1 60 -1 -2
62 -1 62 -1 60 -1 60 -1 135 -1 135 -1 60 -1 60 -1 -2
62 -1 62 -1 60 -1 60 -1 135 -1 135 -1 60 -1 60 -1 -2
62 -1 62 -1 60 -1 60 -1 135 -1 135 -1 60 -1 60 -1 -2
62 -1 62 -1 60 -1 60 -1 135 -1 135 -1 60 -1 60 -1 -2
62 -1 62 -1 60 -1 60 -1 135 -1 135 -1 60 -1 60 -1 -2
62 -1 62 -1 60 -1 60 -1 135 -1 135 -1 60 -1 60 -1 -2
62 -1 62 -1 60 -1 60 -1 135 -1 135 -1 60 -1 60 -1 -2
62 -1 62 -1 60 -1 60 -1 135 -1 135 -1 60 -1 60 -1 -2
62 -1 62 -1 60 -1 60 -1 135 -1 135 -1 60 -1 60 -1 -2
62 -1 62 -1 60 -1 60 -1 135 -1 135 -1 135 -1 135 -1 60 -1 60 -1 -2
62 -1 62 -1 60 -1 60 -1 135 -1 135 -1 60 -1 60 -1 -2
62 -1 62 -1 60 -1 60 -1 135 -1 135 -1 60 -1 60 -1 -2
62 -1 62 -1 60 -1 60 -1 135 -1 135 -1 135 -1 135 -1 60 -1 60 -1 -2
62 -1 62 -1 60 -1 60 -1 135 -1 135 -1 135 -1 135 -1 60 -1 60 -1 -2
62 -1 62 -1 62 -1 62 -1 60 -1 60 -1 135 -1 135 -1 60 -1 60 -1 -2
62 -1 62 -1 60 -1 60 -1 135 -1 135 -1 135 -1 135 -1 60 -1 60 -1 -2
62 -1 62 -1 60 -1 60 -1 135 -1 135 -1 60 -1 60 -1 -2
62 -1 62 -1 60 -1 60 -1 169 -1 169 -1 60 -1 60 -1 60 -1 60 -1 60 -1 60 -1 -2
62 -1 62 -1 60 -1 60 -1 135 -1 135 -1 135 -1 135 -1 60 -1 60 -1 -2
62 -1 62 -1 62 -1 62 -1 60 -1 60 -1 135 -1 135 -1 60 -1 60 -1 -2
62 -1 62 -1 60 -1 60 -1 135 -1 135 -1 60 -1 60 -1 -2
62 -1 62 -1 60 -1 60 -1 135 -1 135 -1 135 -1 135 -1 60 -1 60 -1 -2
62 -1 62 -1 60 -1 60 -1 135 -1 135 -1 60 -1 60 -1 -2
62 -1 62 -1 60 -1 60 -1 135 -1 135 -1 60 -1 60 -1 -2
62 -1 62 -1 60 -1 60 -1 135 -1 135 -1 60 -1 60 -1 -2
62 -1 62 -1 60 -1 60 -1 135 -1 135 -1 60 -1 60 -1 -2
62 -1 62 -1 60 -1 60 -1 135 -1 135 -1 60 -1 60 -1 -2
62 -1 62 -1 60 -1 60 -1 135 -1 135 -1 60 -1 60 -1 -2
62 -1 62 -1 60 -1 60 -1 135 -1 135 -1 60 -1 60 -1 -2
62 -1 62 -1 60 -1 60 -1 135 -1 135 -1 60 -1 60 -1 -2
62 -1 62 -1 60 -1 60 -1 135 -1 135 -1 60 -1 60 -1 -2
62 -1 62 -1 60 -1 60 -1 135 -1 135 -1 60 -1 60 -1 -2
62 -1 62 -1 60 -1 60 -1 135 -1 135 -1 60 -1 60 -1 -2
62 -1 62 -1 60 -1 60 -1 135 -1 135 -1 60 -1 60 -1 -2
62 -1 62 -1 60 -1 60 -1 135 -1 135 -1 60 -1 60 -1 -2
62 -1 62 -1 60 -1 60 -1 135 -1 135 -1 60 -1 60 -1 -2
62 -1 62 -1 60 -1 60 -1 135 -1 135 -1 60 -1 60 -1 -2
62 -1 62 -1 60 -1 60 -1 135 -1 135 -1 60 -1 60 -1 -2
62 -1 62 -1 60 -1 60 -1 135 -1 135 -1 60 -1 60 -1 -2
62 -1 62 -1 60 -1 60 -1 135 -1 135 -1 60 -1 60 -1 -2
62 -1 62 -1 60 -1 60 -1 135 -1 135 -1 60 -1 60 -1 -2
62 -1 62 -1 60 -1 60 -1 135 -1 135 -1 60 -1 60 -1 -2
62 -1 62 -1 60 -1 60 -1 135 -1 135 -1 60 -1 60 -1 -2
62 -1 62 -1 60 -1 60 -1 135 -1 135 -1 60 -1 60 -1 -2
62 -1 62 -1 60 -1 60 -1 135 -1 135 -1 60 -1 60 -1 -2
62 -1 62 -1 60 -1 60 -1 135 -1 135 -1 60 -1 60 -1 -2
118 -1 118 -1 174 -1 174 -1 214 -1 214 -1 214 -1 214 -1 214 -1 214 -1 214 -1 214 -1 214 -1 214 -1 214 -1 214 -1 214 -1 214 -1 214 -1 214 -1 214 -1 214 -1 214 -1 214 -1 214 -1 214 -1 -2
118 -1 118 -1 174 -1 174 -1 214 -1 214 -1 214 -1 214 -1 214 -1 214 -1 214 -1 214 -1 214 -1 214 -1 214 -1 214 -1 214 -1 214 -1 214 -1 214 -1 214 -1 214 -1 214 -1 214 -1 214 -1 214 -1 214 -1 214 -1 214 -1 214 -1 214 -1 214 -1 214 -1 214 -1 -2
118 -1 118 -1 174 -1 174 -1 214 -1 214 -1 214 -1 214 -1 214 -1 214 -1 214 -1 214 -1 214 -1 214 -1 214 -1 214 -1 214 -1 214 -1 214 -1 214 -1 214 -1 214 -1 214 -1 214 -1 214 -1 214 -1 214 -1 214 -1 214 -1 214 -1 214 -1 214 -1 214 -1 214 -1 214 -1 214 -1 214 -1 214 -1 214 -1 214 -1 214 -1 214 -1 -2
118 -1 118 -1 174 -1 174 -1 214 -1 214 -1 214 -1 214 -1 214 -1 214 -1 214 -1 214 -1 214 -1 214 -1 214 -1 214 -1 214 -1 214 -1 214 -1 214 -1 214 -1 214 -1 -2
118 -1 118 -1 174 -1 174 -1 214 -1 214 -1 214 -1 214 -1 214 -1 214 -1 214 -1 214 -1 214 -1 214 -1 214 -1 214 -1 214 -1 214 -1 214 -1 214 -1 214 -1 214 -1 214 -1 214 -1 214 -1 214 -1 214 -1 214 -1 214 -1 214 -1 214 -1 214 -1 214 -1 214 -1 214 -1 214 -1 214 -1 214 -1 214 -1 214 -1 214 -1 214 -1 214 -1 214 -1 214 -1 214 -1 214 -1 214 -1 214 -1 214 -1 -2
214 -1 214 -1 214 -1 214 -1 214 -1 214 -1 214 -1 214 -1 214 -1 214 -1 214 -1 214 -1 214 -1 214 -1 214 -1 214 -1 214 -1 214 -1 214 -1 214 -1 214 -1 -2
214 -1 214 -1 214 -1 214 -1 214 -1 214 -1 214 -1 214 -1 214 -1 214 -1 214 -1 214 -1 214 -1 214 -1 214 -1 214 -1 214 -1 214 -1 214 -1 214 -1 214 -1 214 -1 214 -1 214 -1 214 -1 214 -1 214 -1 214 -1 214 -1 214 -1 214 -1 214 -1 214 -1 214 -1 214 -1 -2
214 -1 214 -1 214 -1 214 -1 214 -1 214 -1 214 -1 214 -1 214 -1 214 -1 214 -1 214 -1 214 -1 214 -1 214 -1 214 -1 214 -1 214 -1 214 -1 214 -1 214 -1 214 -1 214 -1 214 -1 214 -1 214 -1 214 -1 214 -1 214 -1 214 -1 214 -1 -2
118 -1 118 -1 118 -1 118 -1 174 -1 174 -1 174 -1 174 -1 214 -1 214 -1 214 -1 214 -1 214 -1 214 -1 214 -1 214 -1 214 -1 214 -1 214 -1 214 -1 214 -1 214 -1 214 -1 214 -1 214 -1 214 -1 -2
214 -1 214 -1 214 -1 214 -1 214 -1 214 -1 214 -1 214 -1 214 -1 214 -1 214 -1 214 -1 214 -1 214 -1 214 -1 214 -1 214 -1 214 -1 214 -1 214 -1 214 -1 214 -1 214 -1 214 -1 214 -1 214 -1 214 -1 214 -1 214 -1 214 -1 214 -1 214 -1 214 -1 214 -1 214 -1 214 -1 214 -1 214 -1 214 -1 214 -1 214 -1 214 -1 214 -1 -2
118 -1 118 -1 174 -1 174 -1 214 -1 214 -1 214 -1 214 -1 214 -1 214 -1 214 -1 214 -1 214 -1 214 -1 214 -1 214 -1 214 -1 214 -1 214 -1 214 -1 214 -1 214 -1 214 -1 214 -1 214 -1 214 -1 214 -1 214 -1 214 -1 214 -1 214 -1 214 -1 214 -1 214 -1 214 -1 214 -1 214 -1 214 -1 214 -1 214 -1 214 -1 214 -1 214 -1 214 -1 214 -1 214 -1 214 -1 214 -1 214 -1 214 -1 214 -1 214 -1 214 -1 214 -1 -2
214 -1 214 -1 214 -1 214 -1 214 -1 214 -1 214 -1 214 -1 214 -1 214 -1 214 -1 214 -1 214 -1 214 -1 214 -1 214 -1 214 -1 214 -1 214 -1 214 -1 214 -1 214 -1 214 -1 214 -1 214 -1 214 -1 214 -1 214 -1 214 -1 -2
214 -1 214 -1 214 -1 214 -1 214 -1 214 -1 214 -1 214 -1 214 -1 214 -1 214 -1 214 -1 214 -1 214 -1 214 -1 214 -1 214 -1 214 -1 214 -1 214 -1 214 -1 214 -1 214 -1 214 -1 214 -1 214 -1 214 -1 214 -1 214 -1 214 -1 214 -1 214 -1 214 -1 -2
118 -1 118 -1 174 -1 174 -1 174 -1 174 -1 214 -1 214 -1 214 -1 214 -1 214 -1 214 -1 214 -1 214 -1 214 -1 214 -1 214 -1 214 -1 214 -1 214 -1 214 -1 214 -1 214 -1 214 -1 214 -1 214 -1 214 -1 214 -1 -2
118 -1 118 -1 174 -1 174 -1 214 -1 214 -1 214 -1 214 -1 214 -1 214 -1 214 -1 214 -1 214 -1 214 -1 214 -1 214 -1 214 -1 214 -1 214 -1 214 -1 214 -1 214 -1 214 -1 214 -1 214 -1 214 -1 214 -1 214 -1 214 -1 214 -1 214 -1 214 -1 214 -1 214 -1 214 -1 214 -1 214 -1 214 -1 214 -1 214 -1 214 -1 214 -1 -2
118 -1 118 -1 174 -1 174 -1 214 -1 214 -1 214 -1 214 -1 214 -1 214 -1 214 -1 214 -1 214 -1 214 -1 214 -1 214 -1 214 -1 214 -1 214 -1 214 -1 214 -1 214 -1 214 -1 214 -1 214 -1 214 -1 214 -1 214 -1 214 -1 214 -1 214 -1 214 -1 214 -1 214 -1 214 -1 214 -1 214 -1 214 -1 -2
118 -1 118 -1 174 -1 174 -1 214 -1 214 -1 214 -1 214 -1 214 -1 214 -1 214 -1 214 -1 214 -1 214 -1 214 -1 214 -1 214 -1 214 -1 214 -1 214 -1 214 -1 214 -1 214 -1 214 -1 214 -1 214 -1 214 -1 214 -1 214 -1 214 -1 214 -1 214 -1 214 -1 214 -1 214 -1 214 -1 214 -1 214 -1 214 -1 214 -1 214 -1 214 -1 214 -1 214 -1 214 -1 214 -1 214 -1 214 -1 214 -1 214 -1 214 -1 214 -1 214 -1 214 -1 -2
214 -1 214 -1 214 -1 214 -1 214 -1 214 -1 214 -1 214 -1 214 -1 214 -1 214 -1 214 -1 214 -1 214 -1 214 -1 214 -1 214 -1 214 -1 214 -1 214 -1 214 -1 214 -1 214 -1 214 -1 214 -1 214 -1 214 -1 214 -1 214 -1 214 -1 214 -1 214 -1 214 -1 -2
118 -1 118 -1 174 -1 174 -1 214 -1 214 -1 214 -1 214 -1 214 -1 214 -1 214 -1 214 -1 214 -1 214 -1 214 -1 214 -1 214 -1 214 -1 214 -1 214 -1 214 -1 214 -1 214 -1 214 -1 214 -1 214 -1 -2
118 -1 118 -1 174 -1 174 -1 214 -1 214 -1 214 -1 214 -1 214 -1 214 -1 214 -1 214 -1 214 -1 214 -1 214 -1 214 -1 214 -1 214 -1 -2
214 -1 214 -1 214 -1 214 -1 214 -1 214 -1 214 -1 214 -1 214 -1 214 -1 214 -1 214 -1 214 -1 214 -1 214 -1 214 -1 214 -1 214 -1 214 -1 214 -1 214 -1 214 -1 214 -1 214 -1 214 -1 214 -1 214 -1 214 -1 214 -1 -2
118 -1 118 -1 174 -1 174 -1 174 -1 174 -1 214 -1 214 -1 214 -1 214 -1 214 -1 214 -1 214 -1 214 -1 214 -1 214 -1 214 -1 214 -1 214 -1 214 -1 214 -1 214 -1 214 -1 214 -1 214 -1 214 -1 214 -1 214 -1 214 -1 214 -1 214 -1 214 -1 -2
214 -1 214 -1 214 -1 214 -1 214 -1 214 -1 214 -1 214 -1 214 -1 214 -1 214 -1 214 -1 214 -1 214 -1 214 -1 214 -1 214 -1 214 -1 214 -1 214 -1 214 -1 214 -1 214 -1 214 -1 214 -1 214 -1 214 -1 214 -1 214 -1 214 -1 214 -1 214 -1 214 -1 214 -1 214 -1 214 -1 214 -1 214 -1 214 -1 214 -1 214 -1 214 -1 214 -1 214 -1 214 -1 214 -1 214 -1 214 -1 214 -1 214 -1 214 -1 -2
214 -1 214 -1 214 -1 214 -1 214 -1 214 -1 214 -1 214 -1 214 -1 214 -1 214 -1 214 -1 214 -1 214 -1 214 -1 214 -1 214 -1 214 -1 214 -1 214 -1 214 -1 214 -1 214 -1 214 -1 214 -1 214 -1 214 -1 214 -1 214 -1 214 -1 214 -1 214 -1 214 -1 214 -1 214 -1 214 -1 214 -1 214 -1 214 -1 214 -1 214 -1 214 -1 214 -1 214 -1 214 -1 214 -1 214 -1 -2
118 -1 118 -1 174 -1 174 -1 214 -1 214 -1 214 -1 214 -1 214 -1 214 -1 214 -1 214 -1 214 -1 214 -1 214 -1 214 -1 214 -1 214 -1 214 -1 214 -1 214 -1 214 -1 214 -1 214 -1 214 -1 214 -1 214 -1 214 -1 214 -1 214 -1 214 -1 214 -1 -2
214 -1 214 -1 214 -1 214 -1 214 -1 214 -1 214 -1 214 -1 214 -1 214 -1 214 -1 214 -1 214 -1 214 -1 214 -1 214 -1 214 -1 214 -1 214 -1 214 -1 214 -1 214 -1 214 -1 214 -1 214 -1 214 -1 214 -1 214 -1 214 -1 214 -1 214 -1 214 -1 214 -1 214 -1 214 -1 214 -1 214 -1 214 -1 214 -1 214 -1 214 -1 214 -1 214 -1 214 -1 214 -1 214 -1 214 -1 214 -1 214 -1 214 -1 214 -1 214 -1 214 -1 -2
214 -1 214 -1 214 -1 214 -1 214 -1 214 -1 214 -1 214 -1 214 -1 214 -1 214 -1 214 -1 214 -1 214 -1 214 -1 214 -1 214 -1 214 -1 214 -1 214 -1 214 -1 214 -1 214 -1 214 -1 214 -1 214 -1 214 -1 214 -1 214 -1 214 -1 214 -1 214 -1 214 -1 214 -1 214 -1 -2
62 -1 62 -1 60 -1 60 -1 135 -1 135 -1 60 -1 60 -1 -2
118 -1 118 -1 174 -1 174 -1 214 -1 214 -1 214 -1 214 -1 214 -1 214 -1 214 -1 214 -1 214 -1 214 -1 214 -1 214 -1 214 -1 214 -1 214 -1 214 -1 214 -1 214 -1 214 -1 214 -1 214 -1 214 -1 214 -1 214 -1 214 -1 214 -1 214 -1 214 -1 214 -1 214 -1 214 -1 214 -1 214 -1 214 -1 214 -1 214 -1 214 -1 214 -1 214 -1 214 -1 214 -1 214 -1 -2
118 -1 118 -1 174 -1 174 -1 214 -1 214 -1 214 -1 214 -1 214 -1 214 -1 214 -1 214 -1 214 -1 214 -1 214 -1 214 -1 214 -1 214 -1 214 -1 214 -1 214 -1 214 -1 214 -1 214 -1 214 -1 214 -1 214 -1 214 -1 214 -1 214 -1 214 -1 214 -1 214 -1 214 -1 214 -1 214 -1 214 -1 214 -1 214 -1 214 -1 214 -1 214 -1 -2
118 -1 118 -1 118 -1 118 -1 174 -1 174 -1 214 -1 214 -1 214 -1 214 -1 214 -1 214 -1 214 -1 214 -1 214 -1 214 -1 214 -1 214 -1 214 -1 214 -1 214 -1 214 -1 214 -1 214 -1 214 -1 214 -1 214 -1 214 -1 214 -1 214 -1 -2
214 -1 214 -1 214 -1 214 -1 214 -1 214 -1 214 -1 214 -1 214 -1 214 -1 214 -1 214 -1 214 -1 214 -1 214 -1 214 -1 214 -1 214 -1 214 -1 214 -1 214 -1 214 -1 214 -1 214 -1 214 -1 214 -1 214 -1 214 -1 214 -1 214 -1 214 -1 214 -1 214 -1 -2
214 -1 214 -1 214 -1 214 -1 214 -1 214 -1 214 -1 214 -1 214 -1 214 -1 214 -1 214 -1 214 -1 214 -1 214 -1 214 -1 214 -1 214 -1 214 -1 214 -1 214 -1 214 -1 214 -1 214 -1 214 -1 214 -1 214 -1 214 -1 214 -1 -2
214 -1 214 -1 214 -1 214 -1 214 -1 214 -1 214 -1 214 -1 214 -1 214 -1 214 -1 214 -1 214 -1 214 -1 214 -1 214 -1 214 -1 214 -1 214 -1 214 -1 214 -1 214 -1 214 -1 214 -1 214 -1 214 -1 214 -1 214 -1 214 -1 214 -1 214 -1 214 -1 214 -1 214 -1 214 -1 214 -1 214 -1 214 -1 214 -1 214 -1 214 -1 214 -1 214 -1 214 -1 214 -1 214 -1 214 -1 214 -1 214 -1 -2
118 -1 118 -1 174 -1 174 -1 214 -1 214 -1 214 -1 214 -1 214 -1 214 -1 214 -1 214 -1 214 -1 214 -1 214 -1 214 -1 214 -1 214 -1 -2
118 -1 118 -1 118 -1 118 -1 174 -1 174 -1 214 -1 214 -1 214 -1 214 -1 214 -1 214 -1 214 -1 214 -1 214 -1 214 -1 214 -1 214 -1 214 -1 214 -1 214 -1 214 -1 214 -1 214 -1 214 -1 214 -1 214 -1 214 -1 -2
214 -1 214 -1 214 -1 214 -1 214 -1 214 -1 214 -1 214 -1 214 -1 214 -1 214 -1 214 -1 214 -1 214 -1 214 -1 214 -1 214 -1 214 -1 214 -1 214 -1 214 -1 214 -1 214 -1 214 -1 214 -1 214 -1 214 -1 214 -1 214 -1 214 -1 214 -1 -2
214 -1 214 -1 214 -1 214 -1 214 -1 214 -1 214 -1 214 -1 214 -1 214 -1 214 -1 214 -1 214 -1 214 -1 214 -1 214 -1 214 -1 214 -1 214 -1 214 -1 214 -1 214 -1 214 -1 214 -1 214 -1 214 -1 214 -1 214 -1 214 -1 214 -1 214 -1 214 -1 214 -1 214 -1 214 -1 -2
214 -1 214 -1 214 -1 214 -1 214 -1 214 -1 214 -1 214 -1 214 -1 214 -1 214 -1 214 -1 214 -1 214 -1 214 -1 214 -1 214 -1 214 -1 214 -1 214 -1 214 -1 214 -1 214 -1 214 -1 214 -1 214 -1 214 -1 214 -1 214 -1 214 -1 214 -1 214 -1 214 -1 214 -1 214 -1 214 -1 214 -1 214 -1 214 -1 214 -1 214 -1 -2
214 -1 214 -1 214 -1 214 -1 214 -1 214 -1 214 -1 214 -1 214 -1 214 -1 214 -1 214 -1 214 -1 214 -1 214 -1 214 -1 214 -1 214 -1 214 -1 214 -1 214 -1 214 -1 214 -1 214 -1 214 -1 214 -1 214 -1 214 -1 214 -1 214 -1 214 -1 -2
118 -1 118 -1 174 -1 174 -1 214 -1 214 -1 214 -1 214 -1 214 -1 214 -1 214 -1 214 -1 214 -1 214 -1 214 -1 214 -1 214 -1 214 -1 214 -1 214 -1 214 -1 214 -1 214 -1 214 -1 214 -1 214 -1 214 -1 214 -1 214 -1 214 -1 -2
214 -1 214 -1 214 -1 214 -1 214 -1 214 -1 214 -1 214 -1 214 -1 214 -1 214 -1 214 -1 214 -1 214 -1 214 -1 214 -1 214 -1 214 -1 214 -1 214 -1 214 -1 -2
118 -1 118 -1 118 -1 118 -1 174 -1 174 -1 214 -1 214 -1 214 -1 214 -1 214 -1 214 -1 214 -1 214 -1 214 -1 214 -1 214 -1 214 -1 214 -1 214 -1 214 -1 214 -1 214 -1 214 -1 214 -1 214 -1 214 -1 214 -1 214 -1 214 -1 214 -1 214 -1 214 -1 214 -1 214 -1 214 -1 214 -1 214 -1 214 -1 214 -1 214 -1 214 -1 214 -1 214 -1 -2
214 -1 214 -1 214 -1 214 -1 214 -1 214 -1 214 -1 214 -1 214 -1 214 -1 214 -1 214 -1 214 -1 214 -1 214 -1 214 -1 214 -1 214 -1 214 -1 214 -1 214 -1 214 -1 214 -1 214 -1 214 -1 214 -1 214 -1 214 -1 214 -1 214 -1 214 -1 214 -1 214 -1 214 -1 214 -1 214 -1 214 -1 214 -1 214 -1 214 -1 214 -1 214 -1 214 -1 214 -1 214 -1 214 -1 214 -1 214 -1 214 -1 214 -1 214 -1 214 -1 214 -1 214 -1 214 -1 -2
118 -1 118 -1 118 -1 118 -1 118 -1 118 -1 174 -1 174 -1 214 -1 214 -1 214 -1 214 -1 214 -1 214 -1 214 -1 214 -1 -2
214 -1 214 -1 214 -1 214 -1 214 -1 214 -1 214 -1 214 -1 214 -1 214 -1 214 -1 214 -1 214 -1 214 -1 214 -1 214 -1 214 -1 -2
118 -1 118 -1 174 -1 174 -1 214 -1 214 -1 214 -1 214 -1 214 -1 214 -1 214 -1 214 -1 214 -1 214 -1 214 -1 214 -1 214 -1 214 -1 214 -1 214 -1 214 -1 214 -1 214 -1 214 -1 214 -1 214 -1 214 -1 214 -1 214 -1 214 -1 214 -1 214 -1 214 -1 214 -1 214 -1 214 -1 214 -1 214 -1 214 -1 214 -1 214 -1 214 -1 214 -1 214 -1 214 -1 214 -1 214 -1 214 -1 214 -1 214 -1 -2
214 -1 214 -1 214 -1 214 -1 214 -1 214 -1 214 -1 214 -1 214 -1 214 -1 214 -1 214 -1 214 -1 214 -1 214 -1 214 -1 214 -1 214 -1 214 -1 214 -1 214 -1 -2
214 -1 214 -1 214 -1 214 -1 214 -1 214 -1 214 -1 214 -1 214 -1 214 -1 214 -1 214 -1 214 -1 214 -1 214 -1 214 -1 214 -1 214 -1 214 -1 214 -1 214 -1 214 -1 214 -1 214 -1 214 -1 -2
214 -1 214 -1 214 -1 214 -1 214 -1 214 -1 214 -1 214 -1 214 -1 214 -1 214 -1 214 -1 214 -1 214 -1 214 -1 214 -1 214 -1 214 -1 214 -1 214 -1 214 -1 214 -1 214 -1 214 -1 214 -1 214 -1 214 -1 214 -1 214 -1 214 -1 214 -1 214 -1 214 -1 214 -1 214 -1 -2
214 -1 214 -1 214 -1 214 -1 214 -1 214 -1 214 -1 214 -1 214 -1 214 -1 214 -1 214 -1 214 -1 214 -1 214 -1 214 -1 214 -1 214 -1 214 -1 214 -1 214 -1 214 -1 214 -1 214 -1 214 -1 214 -1 214 -1 214 -1 214 -1 214 -1 214 -1 214 -1 214 -1 214 -1 214 -1 -2
214 -1 214 -1 214 -1 214 -1 214 -1 214 -1 214 -1 214 -1 214 -1 214 -1 214 -1 214 -1 214 -1 214 -1 214 -1 214 -1 214 -1 214 -1 214 -1 214 -1 214 -1 214 -1 214 -1 214 -1 214 -1 214 -1 214 -1 214 -1 214 -1 214 -1 214 -1 214 -1 214 -1 214 -1 214 -1 -2
118 -1 118 -1 118 -1 118 -1 174 -1 174 -1 214 -1 214 -1 214 -1 214 -1 214 -1 214 -1 214 -1 214 -1 214 -1 214 -1 214 -1 214 -1 -2
62 -1 62 -1 60 -1 60 -1 135 -1 135 -1 60 -1 60 -1 -2
62 -1 62 -1 60 -1 60 -1 135 -1 135 -1 60 -1 60 -1 -2
62 -1 62 -1 60 -1 60 -1 135 -1 135 -1 60 -1 60 -1 -2
62 -1 62 -1 60 -1 60 -1 126 -1 126 -1 78 -1 78 -1 78 -1 78 -1 78 -1 78 -1 78 -1 78 -1 78 -1 78 -1 78 -1 78 -1 78 -1 78 -1 78 -1 78 -1 78 -1 78 -1 78 -1 78 -1 78 -1 78 -1 78 -1 78 -1 78 -1 78 -1 78 -1 78 -1 60 -1 60 -1 -2
62 -1 62 -1 60 -1 60 -1 135 -1 135 -1 60 -1 60 -1 -2
62 -1 62 -1 60 -1 60 -1 135 -1 135 -1 60 -1 60 -1 -2
62 -1 62 -1 60 -1 60 -1 135 -1 135 -1 60 -1 60 -1 -2
62 -1 62 -1 60 -1 60 -1 135 -1 135 -1 60 -1 60 -1 -2
62 -1 62 -1 60 -1 60 -1 135 -1 135 -1 60 -1 60 -1 -2
62 -1 62 -1 60 -1 60 -1 135 -1 135 -1 60 -1 60 -1 -2
62 -1 62 -1 60 -1 60 -1 135 -1 135 -1 60 -1 60 -1 -2
62 -1 62 -1 60 -1 60 -1 135 -1 135 -1 60 -1 60 -1 -2
62 -1 62 -1 60 -1 60 -1 135 -1 135 -1 60 -1 60 -1 -2
62 -1 62 -1 60 -1 60 -1 135 -1 135 -1 60 -1 60 -1 -2
62 -1 62 -1 60 -1 60 -1 135 -1 135 -1 60 -1 60 -1 -2
62 -1 62 -1 60 -1 60 -1 135 -1 135 -1 60 -1 60 -1 -2
62 -1 62 -1 60 -1 60 -1 135 -1 135 -1 60 -1 60 -1 -2
62 -1 62 -1 60 -1 60 -1 135 -1 135 -1 60 -1 60 -1 -2
62 -1 62 -1 60 -1 60 -1 135 -1 135 -1 60 -1 60 -1 -2
62 -1 62 -1 60 -1 60 -1 135 -1 135 -1 60 -1 60 -1 -2
62 -1 62 -1 60 -1 60 -1 135 -1 135 -1 60 -1 60 -1 -2
62 -1 62 -1 60 -1 60 -1 135 -1 135 -1 60 -1 60 -1 -2
62 -1 62 -1 60 -1 60 -1 135 -1 135 -1 60 -1 60 -1 -2
62 -1 62 -1 60 -1 60 -1 135 -1 135 -1 60 -1 60 -1 -2
62 -1 62 -1 60 -1 60 -1 135 -1 135 -1 60 -1 60 -1 -2
62 -1 62 -1 60 -1 60 -1 135 -1 135 -1 60 -1 60 -1 -2
62 -1 62 -1 60 -1 60 -1 135 -1 135 -1 60 -1 60 -1 -2
62 -1 62 -1 60 -1 60 -1 135 -1 135 -1 60 -1 60 -1 -2
62 -1 62 -1 60 -1 60 -1 135 -1 135 -1 60 -1 60 -1 -2
62 -1 62 -1 60 -1 60 -1 135 -1 135 -1 60 -1 60 -1 -2
62 -1 62 -1 60 -1 60 -1 135 -1 135 -1 135 -1 135 -1 60 -1 60 -1 -2
62 -1 62 -1 60 -1 60 -1 135 -1 135 -1 60 -1 60 -1 -2
62 -1 62 -1 60 -1 60 -1 135 -1 135 -1 60 -1 60 -1 -2
62 -1 62 -1 60 -1 60 -1 135 -1 135 -1 135 -1 135 -1 60 -1 60 -1 -2
62 -1 62 -1 60 -1 60 -1 135 -1 135 -1 60 -1 60 -1 -2
62 -1 62 -1 60 -1 60 -1 135 -1 135 -1 60 -1 60 -1 -2
62 -1 62 -1 60 -1 60 -1 135 -1 135 -1 60 -1 60 -1 -2
62 -1 62 -1 62 -1 62 -1 60 -1 60 -1 135 -1 135 -1 60 -1 60 -1 -2
62 -1 62 -1 62 -1 62 -1 60 -1 60 -1 135 -1 135 -1 60 -1 60 -1 -2
62 -1 62 -1 60 -1 60 -1 135 -1 135 -1 60 -1 60 -1 -2
62 -1 62 -1 60 -1 60 -1 135 -1 135 -1 135 -1 135 -1 60 -1 60 -1 -2
62 -1 62 -1 60 -1 60 -1 135 -1 135 -1 60 -1 60 -1 -2
62 -1 62 -1 60 -1 60 -1 135 -1 135 -1 60 -1 60 -1 -2
62 -1 62 -1 60 -1 60 -1 135 -1 135 -1 60 -1 60 -1 -2
62 -1 62 -1 60 -1 60 -1 135 -1 135 -1 60 -1 60 -1 -2
62 -1 62 -1 60 -1 60 -1 135 -1 135 -1 60 -1 60 -1 -2
62 -1 62 -1 60 -1 60 -1 135 -1 135 -1 60 -1 60 -1 -2
62 -1 62 -1 60 -1 60 -1 135 -1 135 -1 60 -1 60 -1 -2
62 -1 62 -1 60 -1 60 -1 135 -1 135 -1 60 -1 60 -1 -2
62 -1 62 -1 60 -1 60 -1 135 -1 135 -1 60 -1 60 -1 -2
62 -1 62 -1 60 -1 60 -1 135 -1 135 -1 60 -1 60 -1 -2
62 -1 62 -1 60 -1 60 -1 135 -1 135 -1 60 -1 60 -1 -2
62 -1 62 -1 60 -1 60 -1 135 -1 135 -1 60 -1 60 -1 -2
62 -1 62 -1 60 -1 60 -1 135 -1 135 -1 135 -1 135 -1 60 -1 60 -1 -2
62 -1 62 -1 60 -1 60 -1 135 -1 135 -1 60 -1 60 -1 -2
62 -1 62 -1 60 -1 60 -1 135 -1 135 -1 135 -1 135 -1 60 -1 60 -1 -2
62 -1 62 -1 60 -1 60 -1 135 -1 135 -1 60 -1 60 -1 -2
62 -1 62 -1 60 -1 60 -1 135 -1 135 -1 60 -1 60 -1 -2
62 -1 62 -1 62 -1 62 -1 60 -1 60 -1 135 -1 135 -1 60 -1 60 -1 -2
62 -1 62 -1 60 -1 60 -1 135 -1 135 -1 60 -1 60 -1 -2
62 -1 62 -1 60 -1 60 -1 135 -1 135 -1 60 -1 60 -1 -2
62 -1 62 -1 60 -1 60 -1 135 -1 135 -1 135 -1 135 -1 60 -1 60 -1 -2
62 -1 62 -1 60 -1 60 -1 135 -1 135 -1 135 -1 135 -1 60 -1 60 -1 -2
62 -1 62 -1 60 -1 60 -1 135 -1 135 -1 60 -1 60 -1 -2
62 -1 62 -1 60 -1 60 -1 135 -1 135 -1 60 -1 60 -1 -2
62 -1 62 -1 60 -1 60 -1 135 -1 135 -1 60 -1 60 -1 -2
62 -1 62 -1 60 -1 60 -1 135 -1 135 -1 60 -1 60 -1 -2
62 -1 62 -1 60 -1 60 -1 135 -1 135 -1 60 -1 60 -1 -2
62 -1 62 -1 60 -1 60 -1 135 -1 135 -1 60 -1 60 -1 -2
62 -1 62 -1 60 -1 60 -1 135 -1 135 -1 60 -1 60 -1 -2
62 -1 62 -1 60 -1 60 -1 135 -1 135 -1 60 -1 60 -1 -2
62 -1 62 -1 60 -1 60 -1 135 -1 135 -1 60 -1 60 -1 -2
62 -1 62 -1 60 -1 60 -1 135 -1 135 -1 60 -1 60 -1 -2
62 -1 62 -1 60 -1 60 -1 135 -1 135 -1 60 -1 60 -1 -2
62 -1 62 -1 60 -1 60 -1 135 -1 135 -1 60 -1 60 -1 -2
62 -1 62 -1 60 -1 60 -1 135 -1 135 -1 60 -1 60 -1 -2
62 -1 62 -1 60 -1 60 -1 135 -1 135 -1 60 -1 60 -1 -2
62 -1 62 -1 60 -1 60 -1 135 -1 135 -1 60 -1 60 -1 -2
62 -1 62 -1 60 -1 60 -1 135 -1 135 -1 60 -1 60 -1 -2
62 -1 62 -1 60 -1 60 -1 135 -1 135 -1 60 -1 60 -1 -2
62 -1 62 -1 60 -1 60 -1 135 -1 135 -1 60 -1 60 -1 -2
62 -1 62 -1 60 -1 60 -1 135 -1 135 -1 60 -1 60 -1 -2
62 -1 62 -1 60 -1 60 -1 135 -1 135 -1 60 -1 60 -1 -2
62 -1 62 -1 60 -1 60 -1 135 -1 135 -1 60 -1 60 -1 -2
62 -1 62 -1 60 -1 60 -1 135 -1 135 -1 60 -1 60 -1 -2
62 -1 62 -1 60 -1 60 -1 135 -1 135 -1 60 -1 60 -1 -2
62 -1 62 -1 60 -1 60 -1 135 -1 135 -1 60 -1 60 -1 -2
62 -1 62 -1 60 -1 60 -1 135 -1 135 -1 60 -1 60 -1 -2
62 -1 62 -1 60 -1 60 -1 135 -1 135 -1 60 -1 60 -1 -2
62 -1 62 -1 60 -1 60 -1 135 -1 135 -1 60 -1 60 -1 -2
62 -1 62 -1 60 -1 60 -1 135 -1 135 -1 60 -1 60 -1 -2
62 -1 62 -1 60 -1 60 -1 135 -1 135 -1 60 -1 60 -1 -2
62 -1 62 -1 60 -1 60 -1 135 -1 135 -1 60 -1 60 -1 -2
62 -1 62 -1 60 -1 60 -1 135 -1 135 -1 60 -1 60 -1 -2
62 -1 62 -1 60 -1 60 -1 135 -1 135 -1 60 -1 60 -1 -2
62 -1 62 -1 62 -1 62 -1 60 -1 60 -1 135 -1 135 -1 60 -1 60 -1 -2
62 -1 62 -1 60 -1 60 -1 135 -1 135 -1 60 -1 60 -1 -2
62 -1 62 -1 60 -1 60 -1 135 -1 135 -1 60 -1 60 -1 -2
62 -1 62 -1 60 -1 60 -1 135 -1 135 -1 60 -1 60 -1 -2
62 -1 60 -1 60 -1 135 -1 135 -1 60 -1 60 -1 -2
62 -1 62 -1 60 -1 60 -1 135 -1 135 -1 60 -1 60 -1 -2
62 -1 62 -1 60 -1 60 -1 135 -1 135 -1 60 -1 60 -1 -2
62 -1 62 -1 60 -1 60 -1 135 -1 135 -1 60 -1 60 -1 -2
62 -1 62 -1 60 -1 60 -1 135 -1 135 -1 60 -1 60 -1 -2
62 -1 62 -1 60 -1 60 -1 135 -1 135 -1 60 -1 60 -1 -2
62 -1 62 -1 60 -1 60 -1 135 -1 135 -1 60 -1 60 -1 -2
62 -1 62 -1 60 -1 60 -1 135 -1 135 -1 60 -1 60 -1 -2
62 -1 62 -1 60 -1 60 -1 135 -1 135 -1 60 -1 60 -1 -2
62 -1 62 -1 60 -1 60 -1 135 -1 135 -1 60 -1 60 -1 -2
62 -1 62 -1 60 -1 60 -1 135 -1 135 -1 60 -1 60 -1 -2
62 -1 62 -1 60 -1 60 -1 135 -1 135 -1 60 -1 60 -1 -2
62 -1 60 -1 60 -1 135 -1 135 -1 60 -1 60 -1 -2
62 -1 62 -1 60 -1 60 -1 135 -1 135 -1 60 -1 60 -1 -2
62 -1 62 -1 60 -1 60 -1 135 -1 135 -1 60 -1 60 -1 -2
62 -1 62 -1 60 -1 60 -1 135 -1 135 -1 60 -1 60 -1 -2
62 -1 62 -1 60 -1 60 -1 135 -1 135 -1 60 -1 60 -1 -2
62 -1 62 -1 60 -1 60 -1 135 -1 135 -1 60 -1 60 -1 -2
62 -1 62 -1 60 -1 60 -1 135 -1 135 -1 60 -1 60 -1 -2
62 -1 62 -1 60 -1 60 -1 135 -1 135 -1 60 -1 60 -1 -2
62 -1 62 -1 60 -1 60 -1 135 -1 135 -1 60 -1 60 -1 -2
62 -1 62 -1 60 -1 60 -1 135 -1 135 -1 60 -1 60 -1 -2
214 -1 214 -1 214 -1 214 -1 214 -1 214 -1 214 -1 214 -1 214 -1 214 -1 214 -1 214 -1 214 -1 214 -1 214 -1 214 -1 214 -1 214 -1 214 -1 214 -1 214 -1 214 -1 214 -1 214 -1 214 -1 214 -1 214 -1 214 -1 214 -1 214 -1 214 -1 214 -1 214 -1 -2
118 -1 118 -1 174 -1 174 -1 214 -1 214 -1 214 -1 214 -1 214 -1 214 -1 214 -1 214 -1 214 -1 214 -1 214 -1 214 -1 214 -1 214 -1 214 -1 214 -1 214 -1 214 -1 214 -1 214 -1 -2
118 -1 118 -1 174 -1 174 -1 174 -1 174 -1 214 -1 214 -1 214 -1 214 -1 214 -1 214 -1 214 -1 214 -1 214 -1 214 -1 214 -1 214 -1 214 -1 214 -1 214 -1 214 -1 214 -1 214 -1 214 -1 214 -1 214 -1 214 -1 214 -1 214 -1 214 -1 214 -1 214 -1 214 -1 -2
62 -1 62 -1 60 -1 60 -1 135 -1 135 -1 60 -1 60 -1 -2
214 -1 214 -1 214 -1 214 -1 214 -1 214 -1 214 -1 214 -1 214 -1 214 -1 214 -1 214 -1 214 -1 214 -1 214 -1 214 -1 214 -1 214 -1 214 -1 214 -1 214 -1 214 -1 214 -1 214 -1 214 -1 214 -1 214 -1 214 -1 214 -1 214 -1 214 -1 214 -1 214 -1 214 -1 214 -1 -2
118 -1 118 -1 174 -1 174 -1 174 -1 174 -1 214 -1 214 -1 214 -1 214 -1 214 -1 214 -1 214 -1 214 -1 214 -1 214 -1 214 -1 214 -1 214 -1 214 -1 214 -1 214 -1 214 -1 214 -1 214 -1 214 -1 214 -1 214 -1 214 -1 214 -1 -2
118 -1 118 -1 174 -1 174 -1 214 -1 214 -1 214 -1 214 -1 214 -1 214 -1 214 -1 214 -1 214 -1 214 -1 214 -1 214 -1 214 -1 214 -1 214 -1 214 -1 214 -1 214 -1 214 -1 214 -1 214 -1 214 -1 214 -1 214 -1 214 -1 214 -1 214 -1 214 -1 214 -1 214 -1 214 -1 214 -1 214 -1 214 -1 214 -1 214 -1 214 -1 214 -1 214 -1 214 -1 214 -1 214 -1 214 -1 214 -1 214 -1 214 -1 214 -1 214 -1 -2
214 -1 214 -1 214 -1 214 -1 214 -1 214 -1 214 -1 214 -1 214 -1 214 -1 214 -1 214 -1 214 -1 214 -1 214 -1 214 -1 214 -1 214 -1 214 -1 214 -1 214 -1 214 -1 214 -1 214 -1 214 -1 214 -1 214 -1 214 -1 214 -1 214 -1 214 -1 214 -1 214 -1 214 -1 214 -1 214 -1 214 -1 214 -1 214 -1 214 -1 214 -1 214 -1 214 -1 214 -1 214 -1 214 -1 214 -1 214 -1 214 -1 214 -1 214 -1 214 -1 214 -1 -2
62 -1 62 -1 60 -1 60 -1 135 -1 135 -1 60 -1 60 -1 -2
118 -1 118 -1 174 -1 174 -1 214 -1 214 -1 214 -1 214 -1 214 -1 214 -1 214 -1 214 -1 214 -1 214 -1 214 -1 214 -1 214 -1 214 -1 214 -1 214 -1 214 -1 214 -1 -2
214 -1 214 -1 214 -1 214 -1 214 -1 214 -1 214 -1 214 -1 214 -1 214 -1 214 -1 214 -1 214 -1 214 -1 214 -1 214 -1 214 -1 214 -1 214 -1 214 -1 214 -1 214 -1 214 -1 214 -1 214 -1 214 -1 214 -1 214 -1 214 -1 214 -1 214 -1 214 -1 214 -1 214 -1 214 -1 214 -1 214 -1 -2
214 -1 214 -1 214 -1 214 -1 214 -1 214 -1 214 -1 214 -1 214 -1 214 -1 214 -1 214 -1 214 -1 214 -1 214 -1 214 -1 214 -1 214 -1 214 -1 214 -1 214 -1 214 -1 214 -1 214 -1 214 -1 -2
214 -1 214 -1 214 -1 214 -1 214 -1 214 -1 214 -1 214 -1 214 -1 214 -1 214 -1 214 -1 214 -1 214 -1 214 -1 -2
214 -1 214 -1 214 -1 214 -1 214 -1 214 -1 214 -1 214 -1 214 -1 214 -1 214 -1 214 -1 214 -1 214 -1 214 -1 214 -1 214 -1 214 -1 214 -1 214 -1 214 -1 214 -1 214 -1 214 -1 214 -1 214 -1 214 -1 214 -1 214 -1 214 -1 214 -1 -2
214 -1 214 -1 214 -1 214 -1 214 -1 214 -1 214 -1 214 -1 214 -1 214 -1 214 -1 214 -1 214 -1 214 -1 214 -1 214 -1 214 -1 214 -1 214 -1 214 -1 214 -1 214 -1 214 -1 214 -1 214 -1 214 -1 214 -1 214 -1 214 -1 214 -1 214 -1 214 -1 214 -1 214 -1 214 -1 214 -1 214 -1 214 -1 214 -1 214 -1 214 -1 214 -1 214 -1 214 -1 214 -1 214 -1 214 -1 214 -1 214 -1 214 -1 214 -1 214 -1 214 -1 -2
214 -1 214 -1 214 -1 214 -1 214 -1 214 -1 214 -1 214 -1 214 -1 214 -1 214 -1 214 -1 214 -1 214 -1 214 -1 214 -1 214 -1 214 -1 214 -1 214 -1 214 -1 214 -1 214 -1 214 -1 214 -1 214 -1 214 -1 214 -1 214 -1 214 -1 214 -1 214 -1 214 -1 214 -1 214 -1 -2
118 -1 118 -1 174 -1 174 -1 214 -1 214 -1 214 -1 214 -1 214 -1 214 -1 214 -1 214 -1 214 -1 214 -1 214 -1 214 -1 214 -1 214 -1 214 -1 214 -1 214 -1 214 -1 214 -1 214 -1 214 -1 214 -1 214 -1 214 -1 214 -1 214 -1 214 -1 214 -1 -2
214 -1 214 -1 214 -1 214 -1 214 -1 214 -1 214 -1 214 -1 214 -1 214 -1 214 -1 214 -1 214 -1 214 -1 214 -1 214 -1 214 -1 214 -1 214 -1 214 -1 214 -1 214 -1 214 -1 214 -1 214 -1 214 -1 214 -1 214 -1 214 -1 214 -1 214 -1 214 -1 214 -1 214 -1 214 -1 -2
214 -1 214 -1 214 -1 214 -1 214 -1 214 -1 214 -1 214 -1 214 -1 214 -1 214 -1 214 -1 214 -1 214 -1 214 -1 214 -1 214 -1 214 -1 214 -1 214 -1 214 -1 214 -1 214 -1 214 -1 214 -1 214 -1 214 -1 214 -1 214 -1 214 -1 214 -1 214 -1 214 -1 214 -1 214 -1 -2
214 -1 214 -1 214 -1 214 -1 214 -1 214 -1 214 -1 214 -1 214 -1 214 -1 214 -1 214 -1 214 -1 214 -1 214 -1 214 -1 214 -1 214 -1 214 -1 214 -1 214 -1 214 -1 214 -1 214 -1 214 -1 214 -1 214 -1 -2
214 -1 214 -1 214 -1 214 -1 214 -1 214 -1 214 -1 214 -1 214 -1 214 -1 214 -1 214 -1 214 -1 214 -1 214 -1 214 -1 214 -1 214 -1 214 -1 214 -1 214 -1 214 -1 214 -1 214 -1 214 -1 214 -1 214 -1 214 -1 214 -1 214 -1 214 -1 214 -1 214 -1 214 -1 214 -1 214 -1 214 -1 214 -1 214 -1 214 -1 214 -1 -2
214 -1 214 -1 214 -1 214 -1 214 -1 214 -1 214 -1 214 -1 214 -1 214 -1 214 -1 214 -1 214 -1 -2
118 -1 118 -1 174 -1 174 -1 174 -1 174 -1 214 -1 214 -1 214 -1 214 -1 214 -1 214 -1 214 -1 214 -1 214 -1 214 -1 214 -1 214 -1 -2
118 -1 118 -1 174 -1 174 -1 174 -1 174 -1 214 -1 214 -1 214 -1 214 -1 214 -1 214 -1 214 -1 214 -1 214 -1 214 -1 214 -1 214 -1 -2
118 -1 118 -1 174 -1 174 -1 214 -1 214 -1 214 -1 214 -1 214 -1 214 -1 214 -1 214 -1 214 -1 214 -1 214 -1 214 -1 214 -1 214 -1 214 -1 214 -1 214 -1 214 -1 214 -1 214 -1 214 -1 214 -1 214 -1 214 -1 214 -1 214 -1 214 -1 214 -1 214 -1 214 -1 214 -1 214 -1 214 -1 214 -1 214 -1 214 -1 214 -1 214 -1 214 -1 214 -1 214 -1 214 -1 214 -1 214 -1 214 -1 214 -1 214 -1 214 -1 -2
214 -1 214 -1 214 -1 214 -1 214 -1 214 -1 214 -1 214 -1 214 -1 214 -1 214 -1 214 -1 214 -1 214 -1 214 -1 214 -1 214 -1 214 -1 214 -1 214 -1 214 -1 214 -1 214 -1 214 -1 214 -1 214 -1 214 -1 214 -1 214 -1 214 -1 214 -1 214 -1 214 -1 -2
62 -1 62 -1 60 -1 60 -1 135 -1 135 -1 60 -1 60 -1 -2
214 -1 214 -1 214 -1 214 -1 214 -1 214 -1 214 -1 214 -1 214 -1 214 -1 214 -1 214 -1 214 -1 214 -1 214 -1 -2
214 -1 214 -1 214 -1 214 -1 214 -1 214 -1 214 -1 214 -1 214 -1 214 -1 214 -1 214 -1 214 -1 214 -1 214 -1 214 -1 214 -1 214 -1 214 -1 214 -1 214 -1 214 -1 214 -1 214 -1 214 -1 214 -1 214 -1 214 -1 214 -1 214 -1 214 -1 214 -1 214 -1 214 -1 214 -1 214 -1 214 -1 214 -1 214 -1 214 -1 214 -1 214 -1 214 -1 214 -1 214 -1 214 -1 214 -1 -2
118 -1 118 -1 174 -1 174 -1 214 -1 214 -1 214 -1 214 -1 214 -1 214 -1 214 -1 214 -1 214 -1 214 -1 214 -1 214 -1 214 -1 214 -1 214 -1 214 -1 214 -1 214 -1 214 -1 214 -1 686 -1 686 -1 -2
62 -1 60 -1 60 -1 135 -1 135 -1 60 -1 60 -1 -2
62 -1 62 -1 60 -1 60 -1 135 -1 135 -1 60 -1 60 -1 -2
118 -1 118 -1 118 -1 118 -1 174 -1 174 -1 214 -1 214 -1 214 -1 214 -1 214 -1 214 -1 214 -1 214 -1 214 -1 214 -1 214 -1 214 -1 214 -1 214 -1 214 -1 214 -1 214 -1 214 -1 686 -1 686 -1 -2
214 -1 214 -1 214 -1 214 -1 214 -1 214 -1 214 -1 214 -1 214 -1 214 -1 214 -1 214 -1 214 -1 214 -1 214 -1 -2
214 -1 214 -1 214 -1 214 -1 214 -1 214 -1 214 -1 214 -1 214 -1 214 -1 214 -1 214 -1 214 -1 214 -1 214 -1 214 -1 214 -1 -2
214 -1 214 -1 214 -1 214 -1 214 -1 214 -1 214 -1 214 -1 214 -1 214 -1 214 -1 214 -1 214 -1 214 -1 214 -1 214 -1 214 -1 214 -1 214 -1 214 -1 214 -1 214 -1 214 -1 214 -1 214 -1 214 -1 214 -1 214 -1 214 -1 214 -1 214 -1 214 -1 214 -1 -2
214 -1 214 -1 214 -1 214 -1 214 -1 214 -1 214 -1 214 -1 214 -1 214 -1 214 -1 214 -1 214 -1 214 -1 214 -1 214 -1 214 -1 214 -1 214 -1 214 -1 214 -1 -2
214 -1 214 -1 214 -1 214 -1 214 -1 214 -1 214 -1 214 -1 214 -1 214 -1 214 -1 214 -1 214 -1 214 -1 214 -1 -2
118 -1 118 -1 174 -1 174 -1 174 -1 174 -1 214 -1 214 -1 214 -1 214 -1 214 -1 214 -1 214 -1 214 -1 214 -1 214 -1 214 -1 214 -1 214 -1 214 -1 -2
118 -1 118 -1 174 -1 174 -1 214 -1 214 -1 214 -1 214 -1 214 -1 214 -1 214 -1 214 -1 214 -1 214 -1 214 -1 214 -1 214 -1 214 -1 214 -1 214 -1 214 -1 214 -1 214 -1 214 -1 214 -1 214 -1 214 -1 214 -1 214 -1 214 -1 214 -1 214 -1 214 -1 214 -1 -2
62 -1 62 -1 60 -1 60 -1 135 -1 135 -1 60 -1 60 -1 -2
118 -1 118 -1 174 -1 174 -1 214 -1 214 -1 214 -1 214 -1 214 -1 214 -1 214 -1 214 -1 214 -1 214 -1 214 -1 214 -1 214 -1 214 -1 -2
118 -1 118 -1 174 -1 174 -1 214 -1 214 -1 214 -1 214 -1 214 -1 214 -1 214 -1 214 -1 214 -1 214 -1 214 -1 214 -1 214 -1 214 -1 214 -1 214 -1 214 -1 214 -1 214 -1 214 -1 214 -1 214 -1 214 -1 214 -1 214 -1 214 -1 214 -1 214 -1 214 -1 214 -1 214 -1 214 -1 214 -1 214 -1 214 -1 214 -1 214 -1 214 -1 214 -1 214 -1 214 -1 214 -1 214 -1 214 -1 -2
214 -1 214 -1 214 -1 214 -1 214 -1 214 -1 214 -1 214 -1 214 -1 214 -1 214 -1 214 -1 214 -1 214 -1 214 -1 214 -1 214 -1 214 -1 214 -1 -2
62 -1 62 -1 60 -1 60 -1 135 -1 135 -1 60 -1 60 -1 -2
214 -1 214 -1 214 -1 214 -1 214 -1 214 -1 214 -1 214 -1 214 -1 214 -1 214 -1 214 -1 214 -1 214 -1 214 -1 214 -1 214 -1 214 -1 214 -1 214 -1 214 -1 214 -1 214 -1 214 -1 214 -1 214 -1 214 -1 214 -1 214 -1 214 -1 214 -1 214 -1 214 -1 214 -1 214 -1 214 -1 214 -1 214 -1 214 -1 214 -1 214 -1 214 -1 214 -1 214 -1 214 -1 214 -1 214 -1 214 -1 214 -1 214 -1 214 -1 214 -1 214 -1 214 -1 214 -1 -2
118 -1 118 -1 174 -1 174 -1 214 -1 214 -1 214 -1 214 -1 214 -1 214 -1 214 -1 214 -1 214 -1 214 -1 214 -1 214 -1 214 -1 214 -1 214 -1 214 -1 214 -1 214 -1 214 -1 214 -1 214 -1 214 -1 214 -1 214 -1 214 -1 214 -1 214 -1 214 -1 -2
214 -1 214 -1 214 -1 214 -1 214 -1 214 -1 214 -1 214 -1 214 -1 214 -1 214 -1 214 -1 214 -1 214 -1 214 -1 214 -1 214 -1 214 -1 214 -1 214 -1 214 -1 214 -1 214 -1 214 -1 214 -1 214 -1 214 -1 214 -1 214 -1 214 -1 214 -1 214 -1 214 -1 214 -1 214 -1 214 -1 214 -1 214 -1 214 -1 214 -1 214 -1 214 -1 214 -1 214 -1 214 -1 214 -1 214 -1 214 -1 214 -1 214 -1 214 -1 214 -1 214 -1 214 -1 214 -1 214 -1 214 -1 -2
214 -1 214 -1 214 -1 214 -1 214 -1 214 -1 214 -1 214 -1 214 -1 214 -1 214 -1 214 -1 214 -1 214 -1 214 -1 214 -1 214 -1 214 -1 214 -1 214 -1 214 -1 214 -1 214 -1 214 -1 214 -1 214 -1 214 -1 214 -1 214 -1 214 -1 214 -1 214 -1 214 -1 214 -1 214 -1 214 -1 214 -1 214 -1 214 -1 -2
62 -1 62 -1 60 -1 60 -1 135 -1 135 -1 60 -1 60 -1 -2
118 -1 118 -1 174 -1 174 -1 214 -1 214 -1 214 -1 214 -1 214 -1 214 -1 214 -1 214 -1 214 -1 214 -1 214 -1 214 -1 214 -1 214 -1 214 -1 214 -1 214 -1 214 -1 214 -1 214 -1 214 -1 214 -1 214 -1 214 -1 214 -1 214 -1 214 -1 214 -1 214 -1 214 -1 214 -1 214 -1 214 -1 214 -1 -2
214 -1 214 -1 214 -1 214 -1 214 -1 214 -1 214 -1 214 -1 214 -1 214 -1 214 -1 214 -1 214 -1 214 -1 214 -1 214 -1 214 -1 214 -1 214 -1 214 -1 214 -1 214 -1 214 -1 214 -1 214 -1 214 -1 214 -1 214 -1 214 -1 214 -1 214 -1 214 -1 214 -1 -2
118 -1 118 -1 174 -1 174 -1 174 -1 174 -1 214 -1 214 -1 214 -1 214 -1 214 -1 214 -1 214 -1 214 -1 214 -1 214 -1 214 -1 214 -1 214 -1 214 -1 214 -1 214 -1 214 -1 214 -1 214 -1 214 -1 214 -1 214 -1 214 -1 214 -1 -2
62 -1 62 -1 60 -1 60 -1 135 -1 135 -1 60 -1 60 -1 -2
118 -1 118 -1 174 -1 174 -1 174 -1 174 -1 214 -1 214 -1 214 -1 214 -1 214 -1 214 -1 214 -1 214 -1 214 -1 214 -1 214 -1 214 -1 214 -1 214 -1 -2
214 -1 214 -1 214 -1 214 -1 214 -1 214 -1 214 -1 214 -1 214 -1 214 -1 214 -1 214 -1 214 -1 214 -1 214 -1 214 -1 214 -1 214 -1 214 -1 214 -1 214 -1 214 -1 214 -1 214 -1 214 -1 214 -1 214 -1 214 -1 214 -1 214 -1 214 -1 214 -1 214 -1 -2
118 -1 118 -1 174 -1 174 -1 214 -1 214 -1 214 -1 214 -1 214 -1 214 -1 214 -1 214 -1 214 -1 214 -1 214 -1 214 -1 214 -1 214 -1 214 -1 214 -1 214 -1 214 -1 214 -1 214 -1 214 -1 214 -1 214 -1 214 -1 214 -1 214 -1 214 -1 214 -1 214 -1 214 -1 214 -1 214 -1 214 -1 214 -1 214 -1 214 -1 214 -1 214 -1 214 -1 214 -1 214 -1 214 -1 214 -1 214 -1 214 -1 214 -1 214 -1 214 -1 214 -1 214 -1 -2
214 -1 214 -1 214 -1 214 -1 214 -1 214 -1 214 -1 214 -1 214 -1 214 -1 214 -1 214 -1 214 -1 214 -1 214 -1 214 -1 214 -1 214 -1 214 -1 -2
214 -1 214 -1 214 -1 214 -1 214 -1 214 -1 214 -1 214 -1 214 -1 214 -1 214 -1 214 -1 214 -1 214 -1 214 -1 214 -1 214 -1 214 -1 214 -1 214 -1 214 -1 214 -1 214 -1 214 -1 214 -1 214 -1 214 -1 214 -1 214 -1 214 -1 214 -1 214 -1 214 -1 214 -1 214 -1 214 -1 214 -1 214 -1 214 -1 214 -1 214 -1 214 -1 214 -1 214 -1 214 -1 214 -1 214 -1 214 -1 214 -1 214 -1 214 -1 214 -1 214 -1 214 -1 214 -1 -2
118 -1 118 -1 174 -1 174 -1 214 -1 214 -1 214 -1 214 -1 214 -1 214 -1 214 -1 214 -1 214 -1 214 -1 214 -1 214 -1 214 -1 214 -1 214 -1 214 -1 214 -1 214 -1 214 -1 214 -1 214 -1 214 -1 214 -1 214 -1 214 -1 214 -1 214 -1 214 -1 214 -1 214 -1 214 -1 214 -1 214 -1 214 -1 -2
214 -1 214 -1 214 -1 214 -1 214 -1 214 -1 214 -1 214 -1 214 -1 214 -1 214 -1 214 -1 214 -1 214 -1 214 -1 214 -1 214 -1 214 -1 214 -1 214 -1 214 -1 214 -1 214 -1 214 -1 214 -1 214 -1 214 -1 214 -1 214 -1 214 -1 214 -1 214 -1 214 -1 214 -1 214 -1 214 -1 214 -1 214 -1 214 -1 214 -1 214 -1 214 -1 214 -1 214 -1 214 -1 214 -1 214 -1 214 -1 214 -1 214 -1 214 -1 214 -1 214 -1 214 -1 214 -1 -2
118 -1 118 -1 174 -1 174 -1 214 -1 214 -1 214 -1 214 -1 214 -1 214 -1 214 -1 214 -1 214 -1 214 -1 214 -1 214 -1 214 -1 214 -1 214 -1 214 -1 214 -1 214 -1 214 -1 214 -1 214 -1 214 -1 214 -1 214 -1 214 -1 214 -1 214 -1 214 -1 214 -1 214 -1 214 -1 214 -1 -2
214 -1 214 -1 214 -1 214 -1 214 -1 214 -1 214 -1 214 -1 214 -1 214 -1 214 -1 214 -1 214 -1 214 -1 214 -1 214 -1 214 -1 214 -1 214 -1 214 -1 214 -1 214 -1 214 -1 214 -1 214 -1 214 -1 214 -1 214 -1 214 -1 214 -1 214 -1 214 -1 214 -1 214 -1 214 -1 214 -1 214 -1 214 -1 214 -1 214 -1 214 -1 214 -1 214 -1 214 -1 214 -1 -2
62 -1 62 -1 60 -1 60 -1 135 -1 135 -1 60 -1 60 -1 -2
62 -1 62 -1 60 -1 60 -1 135 -1 135 -1 60 -1 60 -1 -2
62 -1 62 -1 60 -1 60 -1 135 -1 135 -1 60 -1 60 -1 -2
62 -1 62 -1 60 -1 60 -1 135 -1 135 -1 60 -1 60 -1 -2
62 -1 62 -1 60 -1 60 -1 135 -1 135 -1 60 -1 60 -1 -2
62 -1 62 -1 60 -1 60 -1 135 -1 135 -1 60 -1 60 -1 -2
62 -1 62 -1 60 -1 60 -1 135 -1 135 -1 60 -1 60 -1 -2
62 -1 62 -1 60 -1 60 -1 135 -1 135 -1 135 -1 135 -1 60 -1 60 -1 -2
62 -1 60 -1 60 -1 135 -1 135 -1 60 -1 60 -1 -2
62 -1 62 -1 60 -1 60 -1 135 -1 135 -1 135 -1 135 -1 135 -1 135 -1 60 -1 60 -1 -2
62 -1 62 -1 62 -1 62 -1 60 -1 60 -1 135 -1 135 -1 60 -1 60 -1 -2
62 -1 62 -1 60 -1 60 -1 135 -1 135 -1 135 -1 135 -1 135 -1 135 -1 60 -1 60 -1 -2
62 -1 62 -1 62 -1 62 -1 60 -1 60 -1 135 -1 135 -1 60 -1 60 -1 -2
62 -1 62 -1 60 -1 60 -1 135 -1 135 -1 60 -1 60 -1 -2
62 -1 62 -1 60 -1 60 -1 135 -1 135 -1 60 -1 60 -1 -2
62 -1 62 -1 60 -1 60 -1 135 -1 135 -1 60 -1 60 -1 -2
62 -1 62 -1 60 -1 60 -1 135 -1 135 -1 60 -1 60 -1 -2
62 -1 62 -1 60 -1 60 -1 135 -1 135 -1 60 -1 60 -1 -2
62 -1 62 -1 60 -1 60 -1 135 -1 135 -1 60 -1 60 -1 -2
62 -1 62 -1 60 -1 60 -1 135 -1 135 -1 60 -1 60 -1 -2
62 -1 62 -1 60 -1 60 -1 135 -1 135 -1 60 -1 60 -1 -2
62 -1 62 -1 60 -1 60 -1 135 -1 135 -1 60 -1 60 -1 -2
62 -1 62 -1 60 -1 60 -1 135 -1 135 -1 60 -1 60 -1 -2
62 -1 62 -1 62 -1 62 -1 60 -1 60 -1 135 -1 135 -1 60 -1 60 -1 -2
62 -1 62 -1 60 -1 60 -1 135 -1 135 -1 60 -1 60 -1 -2
62 -1 62 -1 60 -1 60 -1 135 -1 135 -1 135 -1 135 -1 60 -1 60 -1 -2
62 -1 62 -1 60 -1 60 -1 135 -1 135 -1 60 -1 60 -1 -2
62 -1 62 -1 60 -1 60 -1 135 -1 135 -1 60 -1 60 -1 -2
62 -1 62 -1 60 -1 60 -1 135 -1 135 -1 60 -1 60 -1 -2
62 -1 62 -1 60 -1 60 -1 135 -1 135 -1 60 -1 60 -1 -2
62 -1 62 -1 60 -1 60 -1 135 -1 135 -1 60 -1 60 -1 -2
62 -1 62 -1 60 -1 60 -1 135 -1 135 -1 60 -1 60 -1 -2
62 -1 62 -1 60 -1 60 -1 135 -1 135 -1 60 -1 60 -1 -2
62 -1 62 -1 60 -1 60 -1 135 -1 135 -1 60 -1 60 -1 -2
62 -1 62 -1 60 -1 60 -1 135 -1 135 -1 60 -1 60 -1 -2
62 -1 62 -1 60 -1 60 -1 135 -1 135 -1 60 -1 60 -1 -2
62 -1 62 -1 60 -1 60 -1 135 -1 135 -1 60 -1 60 -1 -2
62 -1 62 -1 60 -1 60 -1 135 -1 135 -1 60 -1 60 -1 -2
62 -1 62 -1 60 -1 60 -1 135 -1 135 -1 60 -1 60 -1 -2
62 -1 62 -1 60 -1 60 -1 135 -1 135 -1 60 -1 60 -1 -2
62 -1 62 -1 60 -1 60 -1 135 -1 135 -1 60 -1 60 -1 -2
62 -1 62 -1 60 -1 60 -1 135 -1 135 -1 60 -1 60 -1 -2
62 -1 62 -1 60 -1 60 -1 135 -1 135 -1 60 -1 60 -1 -2
62 -1 62 -1 60 -1 60 -1 135 -1 135 -1 60 -1 60 -1 -2
62 -1 62 -1 60 -1 60 -1 135 -1 135 -1 60 -1 60 -1 -2
62 -1 62 -1 60 -1 60 -1 135 -1 135 -1 60 -1 60 -1 -2
62 -1 62 -1 60 -1 60 -1 135 -1 135 -1 60 -1 60 -1 -2
62 -1 62 -1 60 -1 60 -1 135 -1 135 -1 60 -1 60 -1 -2
62 -1 62 -1 60 -1 60 -1 135 -1 135 -1 60 -1 60 -1 -2
62 -1 62 -1 60 -1 60 -1 135 -1 135 -1 60 -1 60 -1 -2
62 -1 62 -1 60 -1 60 -1 135 -1 135 -1 60 -1 60 -1 -2
62 -1 62 -1 60 -1 60 -1 135 -1 135 -1 60 -1 60 -1 -2
62 -1 62 -1 60 -1 60 -1 135 -1 135 -1 60 -1 60 -1 -2
62 -1 62 -1 60 -1 60 -1 135 -1 135 -1 60 -1 60 -1 -2
62 -1 62 -1 60 -1 60 -1 135 -1 135 -1 60 -1 60 -1 -2
62 -1 62 -1 60 -1 60 -1 135 -1 135 -1 60 -1 60 -1 -2
62 -1 62 -1 60 -1 60 -1 135 -1 135 -1 60 -1 60 -1 -2
62 -1 62 -1 60 -1 60 -1 135 -1 135 -1 60 -1 60 -1 -2
62 -1 62 -1 60 -1 60 -1 135 -1 135 -1 60 -1 60 -1 -2
62 -1 62 -1 60 -1 60 -1 135 -1 135 -1 60 -1 60 -1 -2
62 -1 62 -1 60 -1 60 -1 174 -1 174 -1 256 -1 256 -1 902 -1 902 -1 60 -1 60 -1 60 -1 60 -1 -2
62 -1 62 -1 60 -1 60 -1 135 -1 135 -1 60 -1 60 -1 -2
62 -1 62 -1 60 -1 60 -1 135 -1 135 -1 60 -1 60 -1 -2
62 -1 62 -1 60 -1 60 -1 135 -1 135 -1 60 -1 60 -1 -2
62 -1 62 -1 60 -1 60 -1 135 -1 135 -1 60 -1 60 -1 -2
62 -1 62 -1 60 -1 60 -1 135 -1 135 -1 60 -1 60 -1 -2
62 -1 62 -1 60 -1 60 -1 135 -1 135 -1 60 -1 60 -1 -2
62 -1 62 -1 60 -1 60 -1 135 -1 135 -1 60 -1 60 -1 -2
62 -1 62 -1 60 -1 60 -1 135 -1 135 -1 60 -1 60 -1 -2
62 -1 62 -1 60 -1 60 -1 135 -1 135 -1 60 -1 60 -1 -2
62 -1 62 -1 60 -1 60 -1 135 -1 135 -1 60 -1 60 -1 -2
62 -1 62 -1 60 -1 60 -1 135 -1 135 -1 60 -1 60 -1 -2
62 -1 62 -1 60 -1 60 -1 135 -1 135 -1 60 -1 60 -1 -2
62 -1 62 -1 60 -1 60 -1 135 -1 135 -1 60 -1 60 -1 -2
62 -1 60 -1 60 -1 135 -1 135 -1 60 -1 60 -1 -2
62 -1 60 -1 60 -1 135 -1 135 -1 60 -1 60 -1 -2
62 -1 62 -1 60 -1 60 -1 135 -1 135 -1 60 -1 60 -1 -2
62 -1 62 -1 60 -1 60 -1 135 -1 135 -1 60 -1 60 -1 -2
62 -1 62 -1 60 -1 60 -1 135 -1 135 -1 60 -1 60 -1 -2
62 -1 62 -1 60 -1 60 -1 135 -1 135 -1 60 -1 60 -1 -2
62 -1 62 -1 60 -1 60 -1 135 -1 135 -1 60 -1 60 -1 -2
62 -1 62 -1 60 -1 60 -1 135 -1 135 -1 60 -1 60 -1 -2
62 -1 62 -1 60 -1 60 -1 135 -1 135 -1 60 -1 60 -1 -2
62 -1 62 -1 60 -1 60 -1 135 -1 135 -1 60 -1 60 -1 -2
62 -1 62 -1 60 -1 60 -1 135 -1 135 -1 60 -1 60 -1 -2
62 -1 62 -1 60 -1 60 -1 135 -1 135 -1 60 -1 60 -1 -2
62 -1 62 -1 60 -1 60 -1 135 -1 135 -1 60 -1 60 -1 -2
62 -1 62 -1 60 -1 60 -1 135 -1 135 -1 60 -1 60 -1 -2
62 -1 62 -1 60 -1 60 -1 135 -1 135 -1 60 -1 60 -1 -2
62 -1 62 -1 60 -1 60 -1 135 -1 135 -1 60 -1 60 -1 -2
62 -1 60 -1 60 -1 135 -1 135 -1 60 -1 60 -1 -2
62 -1 62 -1 60 -1 60 -1 135 -1 135 -1 60 -1 60 -1 -2
62 -1 62 -1 60 -1 60 -1 135 -1 135 -1 60 -1 60 -1 -2
62 -1 62 -1 60 -1 60 -1 135 -1 135 -1 60 -1 60 -1 -2
62 -1 60 -1 60 -1 135 -1 135 -1 60 -1 60 -1 -2
62 -1 62 -1 60 -1 60 -1 135 -1 135 -1 60 -1 60 -1 -2
62 -1 62 -1 60 -1 60 -1 135 -1 135 -1 60 -1 60 -1 -2
62 -1 62 -1 60 -1 60 -1 135 -1 135 -1 60 -1 60 -1 -2
62 -1 62 -1 60 -1 60 -1 135 -1 135 -1 60 -1 60 -1 -2
62 -1 62 -1 60 -1 60 -1 135 -1 135 -1 60 -1 60 -1 -2
62 -1 62 -1 60 -1 60 -1 135 -1 135 -1 60 -1 60 -1 -2
62 -1 62 -1 60 -1 60 -1 135 -1 135 -1 60 -1 60 -1 -2
62 -1 62 -1 60 -1 60 -1 135 -1 135 -1 60 -1 60 -1 -2
62 -1 62 -1 60 -1 60 -1 135 -1 135 -1 60 -1 60 -1 -2
62 -1 62 -1 60 -1 60 -1 135 -1 135 -1 60 -1 60 -1 -2
62 -1 62 -1 60 -1 60 -1 135 -1 135 -1 60 -1 60 -1 -2
62 -1 62 -1 60 -1 60 -1 135 -1 135 -1 60 -1 60 -1 -2
62 -1 62 -1 60 -1 60 -1 135 -1 135 -1 60 -1 60 -1 -2
62 -1 62 -1 60 -1 60 -1 135 -1 135 -1 60 -1 60 -1 -2
62 -1 62 -1 60 -1 60 -1 135 -1 135 -1 60 -1 60 -1 -2
62 -1 62 -1 60 -1 60 -1 135 -1 135 -1 60 -1 60 -1 -2
62 -1 62 -1 62 -1 62 -1 62 -1 62 -1 60 -1 60 -1 135 -1 135 -1 60 -1 60 -1 -2
62 -1 62 -1 60 -1 60 -1 135 -1 135 -1 60 -1 60 -1 -2
62 -1 62 -1 60 -1 60 -1 135 -1 135 -1 60 -1 60 -1 -2
62 -1 62 -1 60 -1 60 -1 135 -1 135 -1 60 -1 60 -1 -2
62 -1 62 -1 60 -1 60 -1 135 -1 135 -1 60 -1 60 -1 -2
62 -1 62 -1 60 -1 60 -1 135 -1 135 -1 135 -1 135 -1 60 -1 60 -1 -2
62 -1 62 -1 60 -1 60 -1 135 -1 135 -1 135 -1 135 -1 60 -1 60 -1 -2
62 -1 62 -1 60 -1 60 -1 135 -1 135 -1 60 -1 60 -1 -2
62 -1 62 -1 60 -1 60 -1 135 -1 135 -1 60 -1 60 -1 -2
62 -1 62 -1 62 -1 62 -1 60 -1 60 -1 135 -1 135 -1 60 -1 60 -1 -2
62 -1 62 -1 60 -1 60 -1 135 -1 135 -1 60 -1 60 -1 -2
62 -1 62 -1 60 -1 60 -1 135 -1 135 -1 60 -1 60 -1 -2
62 -1 62 -1 60 -1 60 -1 135 -1 135 -1 135 -1 135 -1 60 -1 60 -1 -2
62 -1 62 -1 60 -1 60 -1 135 -1 135 -1 135 -1 135 -1 60 -1 60 -1 -2
62 -1 62 -1 60 -1 60 -1 135 -1 135 -1 60 -1 60 -1 -2
62 -1 62 -1 60 -1 60 -1 135 -1 135 -1 135 -1 135 -1 60 -1 60 -1 -2
62 -1 62 -1 60 -1 60 -1 135 -1 135 -1 60 -1 60 -1 -2
62 -1 62 -1 60 -1 60 -1 135 -1 135 -1 60 -1 60 -1 -2
62 -1 60 -1 60 -1 135 -1 135 -1 60 -1 60 -1 -2
62 -1 62 -1 60 -1 60 -1 135 -1 135 -1 60 -1 60 -1 -2
62 -1 62 -1 60 -1 60 -1 135 -1 135 -1 60 -1 60 -1 -2
62 -1 62 -1 60 -1 60 -1 135 -1 135 -1 60 -1 60 -1 -2
62 -1 62 -1 60 -1 60 -1 135 -1 135 -1 60 -1 60 -1 -2
62 -1 62 -1 60 -1 60 -1 135 -1 135 -1 60 -1 60 -1 -2
62 -1 62 -1 60 -1 60 -1 135 -1 135 -1 135 -1 135 -1 60 -1 60 -1 -2
62 -1 62 -1 60 -1 60 -1 135 -1 135 -1 60 -1 60 -1 -2
62 -1 62 -1 60 -1 60 -1 135 -1 135 -1 60 -1 60 -1 -2
62 -1 62 -1 60 -1 60 -1 135 -1 135 -1 60 -1 60 -1 -2
62 -1 62 -1 60 -1 60 -1 135 -1 135 -1 60 -1 60 -1 -2
62 -1 62 -1 60 -1 60 -1 135 -1 135 -1 60 -1 60 -1 -2
62 -1 62 -1 60 -1 60 -1 135 -1 135 -1 60 -1 60 -1 -2
62 -1 62 -1 60 -1 60 -1 135 -1 135 -1 60 -1 60 -1 -2
62 -1 62 -1 60 -1 60 -1 135 -1 135 -1 60 -1 60 -1 -2
62 -1 62 -1 60 -1 60 -1 135 -1 135 -1 60 -1 60 -1 -2
62 -1 62 -1 60 -1 60 -1 135 -1 135 -1 60 -1 60 -1 -2
62 -1 62 -1 60 -1 60 -1 135 -1 135 -1 60 -1 60 -1 -2
62 -1 62 -1 60 -1 60 -1 135 -1 135 -1 60 -1 60 -1 -2
62 -1 62 -1 60 -1 60 -1 135 -1 135 -1 60 -1 60 -1 -2
62 -1 62 -1 60 -1 60 -1 135 -1 135 -1 60 -1 60 -1 -2
62 -1 62 -1 60 -1 60 -1 135 -1 135 -1 60 -1 60 -1 -2
62 -1 62 -1 60 -1 60 -1 135 -1 135 -1 60 -1 60 -1 -2
62 -1 62 -1 60 -1 60 -1 135 -1 135 -1 60 -1 60 -1 -2
62 -1 62 -1 60 -1 60 -1 135 -1 135 -1 60 -1 60 -1 -2
62 -1 62 -1 60 -1 60 -1 135 -1 135 -1 60 -1 60 -1 -2
62 -1 62 -1 60 -1 60 -1 135 -1 135 -1 60 -1 60 -1 -2
62 -1 62 -1 60 -1 60 -1 135 -1 135 -1 60 -1 60 -1 -2
62 -1 62 -1 60 -1 60 -1 135 -1 135 -1 60 -1 60 -1 -2
62 -1 62 -1 60 -1 60 -1 135 -1 135 -1 60 -1 60 -1 -2
62 -1 62 -1 60 -1 60 -1 135 -1 135 -1 60 -1 60 -1 -2
62 -1 62 -1 60 -1 60 -1 135 -1 135 -1 60 -1 60 -1 -2
62 -1 62 -1 60 -1 60 -1 135 -1 135 -1 60 -1 60 -1 -2
62 -1 62 -1 60 -1 60 -1 135 -1 135 -1 60 -1 60 -1 -2
62 -1 62 -1 60 -1 60 -1 135 -1 135 -1 60 -1 60 -1 -2
62 -1 62 -1 60 -1 60 -1 135 -1 135 -1 60 -1 60 -1 -2
62 -1 60 -1 60 -1 135 -1 135 -1 60 -1 60 -1 -2
62 -1 62 -1 60 -1 60 -1 135 -1 135 -1 60 -1 60 -1 -2
62 -1 60 -1 60 -1 135 -1 135 -1 60 -1 60 -1 -2
62 -1 62 -1 60 -1 60 -1 135 -1 135 -1 60 -1 60 -1 -2
62 -1 60 -1 60 -1 135 -1 135 -1 60 -1 60 -1 -2
62 -1 62 -1 60 -1 60 -1 135 -1 135 -1 60 -1 60 -1 -2
62 -1 62 -1 60 -1 60 -1 135 -1 135 -1 60 -1 60 -1 -2
62 -1 62 -1 60 -1 60 -1 135 -1 135 -1 60 -1 60 -1 -2
62 -1 62 -1 60 -1 60 -1 135 -1 135 -1 60 -1 60 -1 -2
62 -1 62 -1 60 -1 60 -1 135 -1 135 -1 60 -1 60 -1 -2
62 -1 62 -1 60 -1 60 -1 135 -1 135 -1 60 -1 60 -1 -2
62 -1 62 -1 60 -1 60 -1 135 -1 135 -1 60 -1 60 -1 -2
62 -1 62 -1 60 -1 60 -1 135 -1 135 -1 60 -1 60 -1 -2
62 -1 60 -1 60 -1 135 -1 135 -1 60 -1 60 -1 -2
62 -1 62 -1 60 -1 60 -1 135 -1 135 -1 60 -1 60 -1 -2
62 -1 62 -1 60 -1 60 -1 135 -1 135 -1 60 -1 60 -1 -2
62 -1 62 -1 60 -1 60 -1 135 -1 135 -1 60 -1 60 -1 -2
62 -1 62 -1 60 -1 60 -1 135 -1 135 -1 60 -1 60 -1 -2
62 -1 62 -1 60 -1 60 -1 135 -1 135 -1 60 -1 60 -1 -2
62 -1 62 -1 60 -1 60 -1 135 -1 135 -1 60 -1 60 -1 -2
62 -1 62 -1 60 -1 60 -1 135 -1 135 -1 60 -1 60 -1 -2
62 -1 62 -1 60 -1 60 -1 135 -1 135 -1 60 -1 60 -1 -2
62 -1 62 -1 60 -1 60 -1 135 -1 135 -1 60 -1 60 -1 -2
62 -1 62 -1 60 -1 60 -1 135 -1 135 -1 60 -1 60 -1 -2
62 -1 62 -1 60 -1 60 -1 135 -1 135 -1 60 -1 60 -1 -2
62 -1 62 -1 60 -1 60 -1 135 -1 135 -1 60 -1 60 -1 -2
62 -1 60 -1 60 -1 135 -1 135 -1 60 -1 60 -1 -2
62 -1 62 -1 60 -1 60 -1 135 -1 135 -1 60 -1 60 -1 -2
62 -1 62 -1 60 -1 60 -1 135 -1 135 -1 60 -1 60 -1 -2
62 -1 62 -1 60 -1 60 -1 135 -1 135 -1 60 -1 60 -1 -2
62 -1 60 -1 60 -1 135 -1 135 -1 60 -1 60 -1 -2
62 -1 62 -1 60 -1 60 -1 135 -1 135 -1 60 -1 60 -1 -2
62 -1 62 -1 60 -1 60 -1 135 -1 135 -1 60 -1 60 -1 -2
62 -1 62 -1 60 -1 60 -1 135 -1 135 -1 60 -1 60 -1 -2
62 -1 62 -1 60 -1 60 -1 135 -1 135 -1 60 -1 60 -1 -2
62 -1 62 -1 60 -1 60 -1 135 -1 135 -1 60 -1 60 -1 -2
62 -1 62 -1 60 -1 60 -1 135 -1 135 -1 60 -1 60 -1 -2
62 -1 62 -1 60 -1 60 -1 135 -1 135 -1 60 -1 60 -1 -2
62 -1 62 -1 60 -1 60 -1 135 -1 135 -1 60 -1 60 -1 -2
62 -1 62 -1 60 -1 60 -1 135 -1 135 -1 60 -1 60 -1 -2
62 -1 62 -1 60 -1 60 -1 135 -1 135 -1 60 -1 60 -1 -2
62 -1 62 -1 60 -1 60 -1 135 -1 135 -1 60 -1 60 -1 -2
62 -1 62 -1 60 -1 60 -1 135 -1 135 -1 60 -1 60 -1 -2
62 -1 62 -1 60 -1 60 -1 135 -1 135 -1 60 -1 60 -1 -2
62 -1 62 -1 62 -1 62 -1 60 -1 60 -1 135 -1 135 -1 60 -1 60 -1 -2
62 -1 62 -1 60 -1 60 -1 135 -1 135 -1 60 -1 60 -1 -2
62 -1 62 -1 60 -1 60 -1 135 -1 135 -1 60 -1 60 -1 -2
62 -1 62 -1 60 -1 60 -1 135 -1 135 -1 135 -1 135 -1 60 -1 60 -1 -2
62 -1 62 -1 60 -1 60 -1 135 -1 135 -1 60 -1 60 -1 -2
62 -1 62 -1 60 -1 60 -1 135 -1 135 -1 60 -1 60 -1 -2
62 -1 62 -1 60 -1 60 -1 135 -1 135 -1 60 -1 60 -1 -2
62 -1 62 -1 60 -1 60 -1 135 -1 135 -1 135 -1 135 -1 135 -1 135 -1 60 -1 60 -1 -2
62 -1 60 -1 60 -1 135 -1 135 -1 60 -1 60 -1 -2
62 -1 60 -1 60 -1 135 -1 135 -1 60 -1 60 -1 -2
62 -1 62 -1 60 -1 60 -1 135 -1 135 -1 60 -1 60 -1 -2
62 -1 62 -1 60 -1 60 -1 135 -1 135 -1 60 -1 60 -1 -2
62 -1 62 -1 60 -1 60 -1 135 -1 135 -1 60 -1 60 -1 -2
62 -1 62 -1 60 -1 60 -1 135 -1 135 -1 60 -1 60 -1 -2
62 -1 62 -1 60 -1 60 -1 135 -1 135 -1 60 -1 60 -1 -2
62 -1 62 -1 60 -1 60 -1 135 -1 135 -1 60 -1 60 -1 -2
62 -1 62 -1 60 -1 60 -1 135 -1 135 -1 60 -1 60 -1 -2
62 -1 62 -1 60 -1 60 -1 135 -1 135 -1 60 -1 60 -1 -2
62 -1 62 -1 60 -1 60 -1 135 -1 135 -1 60 -1 60 -1 -2
62 -1 62 -1 60 -1 60 -1 135 -1 135 -1 60 -1 60 -1 -2
62 -1 62 -1 60 -1 60 -1 135 -1 135 -1 60 -1 60 -1 -2
62 -1 62 -1 60 -1 60 -1 135 -1 135 -1 60 -1 60 -1 -2
62 -1 62 -1 60 -1 60 -1 135 -1 135 -1 60 -1 60 -1 -2
62 -1 62 -1 60 -1 60 -1 174 -1 174 -1 256 -1 902 -1 256 -1 902 -1 60 -1 60 -1 60 -1 60 -1 -2
62 -1 62 -1 60 -1 60 -1 135 -1 135 -1 60 -1 60 -1 -2
62 -1 62 -1 60 -1 60 -1 135 -1 135 -1 135 -1 135 -1 60 -1 60 -1 -2
62 -1 62 -1 60 -1 60 -1 135 -1 135 -1 60 -1 60 -1 -2
62 -1 62 -1 60 -1 60 -1 135 -1 135 -1 60 -1 60 -1 -2
62 -1 62 -1 60 -1 60 -1 135 -1 135 -1 135 -1 135 -1 60 -1 60 -1 -2
62 -1 62 -1 62 -1 62 -1 60 -1 60 -1 135 -1 135 -1 60 -1 60 -1 -2
62 -1 62 -1 60 -1 60 -1 135 -1 135 -1 60 -1 60 -1 -2
62 -1 62 -1 60 -1 60 -1 135 -1 135 -1 60 -1 60 -1 -2
62 -1 62 -1 60 -1 60 -1 135 -1 135 -1 60 -1 60 -1 -2
62 -1 62 -1 62 -1 62 -1 60 -1 60 -1 135 -1 135 -1 60 -1 60 -1 -2
62 -1 62 -1 60 -1 60 -1 135 -1 135 -1 60 -1 60 -1 -2
62 -1 62 -1 60 -1 60 -1 135 -1 135 -1 60 -1 60 -1 -2
62 -1 62 -1 60 -1 60 -1 135 -1 135 -1 60 -1 60 -1 -2
62 -1 62 -1 60 -1 60 -1 135 -1 135 -1 60 -1 60 -1 -2
62 -1 62 -1 62 -1 62 -1 62 -1 62 -1 60 -1 60 -1 135 -1 135 -1 60 -1 60 -1 -2
62 -1 62 -1 60 -1 60 -1 135 -1 135 -1 60 -1 60 -1 -2
62 -1 62 -1 60 -1 60 -1 135 -1 135 -1 60 -1 60 -1 -2
62 -1 62 -1 62 -1 62 -1 62 -1 62 -1 60 -1 60 -1 135 -1 135 -1 60 -1 60 -1 -2
62 -1 62 -1 60 -1 60 -1 135 -1 135 -1 60 -1 60 -1 -2
62 -1 62 -1 60 -1 60 -1 135 -1 135 -1 60 -1 60 -1 -2
62 -1 62 -1 60 -1 60 -1 135 -1 135 -1 60 -1 60 -1 -2
62 -1 62 -1 60 -1 60 -1 135 -1 135 -1 60 -1 60 -1 -2
62 -1 62 -1 60 -1 60 -1 135 -1 135 -1 60 -1 60 -1 -2
62 -1 62 -1 60 -1 60 -1 135 -1 135 -1 60 -1 60 -1 -2
62 -1 62 -1 60 -1 60 -1 135 -1 135 -1 60 -1 60 -1 -2
62 -1 62 -1 60 -1 60 -1 135 -1 135 -1 60 -1 60 -1 -2
62 -1 62 -1 60 -1 60 -1 135 -1 135 -1 60 -1 60 -1 -2
62 -1 62 -1 60 -1 60 -1 135 -1 135 -1 60 -1 60 -1 60 -1 60 -1 -2
62 -1 62 -1 60 -1 60 -1 135 -1 135 -1 135 -1 135 -1 60 -1 60 -1 -2
62 -1 62 -1 60 -1 60 -1 135 -1 135 -1 60 -1 60 -1 -2
62 -1 62 -1 60 -1 60 -1 135 -1 135 -1 60 -1 60 -1 -2
62 -1 62 -1 60 -1 60 -1 135 -1 135 -1 60 -1 60 -1 -2
62 -1 62 -1 60 -1 60 -1 135 -1 135 -1 60 -1 60 -1 -2
62 -1 62 -1 60 -1 60 -1 135 -1 135 -1 60 -1 60 -1 -2
62 -1 62 -1 60 -1 60 -1 135 -1 135 -1 60 -1 60 -1 -2
62 -1 62 -1 60 -1 60 -1 135 -1 135 -1 60 -1 60 -1 -2
62 -1 62 -1 60 -1 60 -1 135 -1 135 -1 60 -1 60 -1 -2
62 -1 62 -1 60 -1 60 -1 135 -1 135 -1 60 -1 60 -1 -2
62 -1 62 -1 60 -1 60 -1 135 -1 135 -1 60 -1 60 -1 -2
62 -1 62 -1 60 -1 60 -1 135 -1 135 -1 60 -1 60 -1 -2
62 -1 62 -1 60 -1 60 -1 135 -1 135 -1 60 -1 60 -1 -2
62 -1 62 -1 60 -1 60 -1 135 -1 135 -1 60 -1 60 -1 -2
62 -1 62 -1 62 -1 62 -1 60 -1 60 -1 135 -1 135 -1 60 -1 60 -1 -2
62 -1 62 -1 60 -1 60 -1 135 -1 135 -1 135 -1 135 -1 60 -1 60 -1 -2
62 -1 62 -1 60 -1 60 -1 135 -1 135 -1 60 -1 60 -1 -2
62 -1 62 -1 60 -1 60 -1 135 -1 135 -1 60 -1 60 -1 -2
62 -1 62 -1 60 -1 60 -1 135 -1 135 -1 60 -1 60 -1 -2
62 -1 62 -1 60 -1 60 -1 135 -1 135 -1 60 -1 60 -1 -2
62 -1 62 -1 60 -1 60 -1 135 -1 135 -1 60 -1 60 -1 -2
62 -1 62 -1 62 -1 62 -1 62 -1 62 -1 60 -1 60 -1 135 -1 135 -1 60 -1 60 -1 -2
62 -1 60 -1 60 -1 135 -1 135 -1 60 -1 60 -1 -2
62 -1 62 -1 60 -1 60 -1 135 -1 135 -1 60 -1 60 -1 -2
62 -1 62 -1 60 -1 60 -1 135 -1 135 -1 60 -1 60 -1 -2
62 -1 62 -1 60 -1 60 -1 135 -1 135 -1 60 -1 60 -1 -2
62 -1 60 -1 60 -1 135 -1 135 -1 60 -1 60 -1 -2
62 -1 60 -1 60 -1 135 -1 135 -1 60 -1 60 -1 -2
62 -1 62 -1 60 -1 60 -1 135 -1 135 -1 60 -1 60 -1 -2
62 -1 62 -1 60 -1 60 -1 135 -1 135 -1 60 -1 60 -1 -2
62 -1 62 -1 60 -1 60 -1 126 -1 126 -1 78 -1 78 -1 78 -1 78 -1 78 -1 78 -1 78 -1 78 -1 78 -1 78 -1 78 -1 78 -1 78 -1 78 -1 78 -1 78 -1 78 -1 78 -1 78 -1 78 -1 78 -1 78 -1 78 -1 78 -1 78 -1 78 -1 78 -1 78 -1 60 -1 60 -1 -2
62 -1 62 -1 60 -1 60 -1 135 -1 135 -1 60 -1 60 -1 -2
62 -1 62 -1 60 -1 60 -1 135 -1 135 -1 60 -1 60 -1 -2
62 -1 62 -1 60 -1 60 -1 135 -1 135 -1 60 -1 60 -1 -2
62 -1 62 -1 60 -1 60 -1 135 -1 135 -1 60 -1 60 -1 -2
62 -1 62 -1 60 -1 60 -1 135 -1 135 -1 60 -1 60 -1 -2
62 -1 62 -1 60 -1 60 -1 135 -1 135 -1 60 -1 60 -1 -2
62 -1 62 -1 60 -1 60 -1 135 -1 135 -1 60 -1 60 -1 -2
62 -1 62 -1 60 -1 60 -1 135 -1 135 -1 60 -1 60 -1 -2
62 -1 62 -1 60 -1 60 -1 135 -1 135 -1 60 -1 60 -1 -2
62 -1 62 -1 60 -1 60 -1 135 -1 135 -1 60 -1 60 -1 -2
62 -1 62 -1 60 -1 60 -1 135 -1 135 -1 60 -1 60 -1 -2
62 -1 60 -1 60 -1 135 -1 135 -1 60 -1 60 -1 -2
62 -1 62 -1 60 -1 60 -1 135 -1 135 -1 60 -1 60 -1 -2
62 -1 62 -1 60 -1 60 -1 135 -1 135 -1 60 -1 60 -1 -2
62 -1 60 -1 60 -1 135 -1 135 -1 60 -1 60 -1 -2
62 -1 62 -1 62 -1 62 -1 60 -1 60 -1 135 -1 135 -1 60 -1 60 -1 -2
62 -1 60 -1 60 -1 135 -1 135 -1 60 -1 60 -1 -2
62 -1 62 -1 60 -1 60 -1 135 -1 135 -1 60 -1 60 -1 -2
62 -1 62 -1 60 -1 60 -1 135 -1 135 -1 60 -1 60 -1 -2
62 -1 62 -1 60 -1 60 -1 135 -1 135 -1 60 -1 60 -1 -2
62 -1 60 -1 60 -1 135 -1 135 -1 60 -1 60 -1 -2
62 -1 62 -1 60 -1 60 -1 135 -1 135 -1 60 -1 60 -1 -2
62 -1 60 -1 60 -1 135 -1 135 -1 60 -1 60 -1 -2
62 -1 62 -1 60 -1 60 -1 135 -1 135 -1 60 -1 60 -1 -2
62 -1 62 -1 60 -1 60 -1 135 -1 135 -1 60 -1 60 -1 -2
62 -1 62 -1 60 -1 60 -1 135 -1 135 -1 60 -1 60 -1 -2
62 -1 62 -1 60 -1 60 -1 135 -1 135 -1 60 -1 60 -1 -2
62 -1 60 -1 60 -1 135 -1 135 -1 60 -1 60 -1 -2
62 -1 62 -1 60 -1 60 -1 135 -1 135 -1 60 -1 60 -1 -2
62 -1 62 -1 60 -1 60 -1 135 -1 135 -1 60 -1 60 -1 -2
62 -1 62 -1 60 -1 60 -1 135 -1 135 -1 60 -1 60 -1 -2
62 -1 62 -1 60 -1 60 -1 135 -1 135 -1 60 -1 60 -1 -2
62 -1 62 -1 60 -1 60 -1 135 -1 135 -1 60 -1 60 -1 -2
62 -1 62 -1 60 -1 60 -1 135 -1 135 -1 60 -1 60 -1 -2
62 -1 62 -1 60 -1 60 -1 135 -1 135 -1 60 -1 60 -1 -2
62 -1 62 -1 60 -1 60 -1 135 -1 135 -1 60 -1 60 -1 -2
62 -1 62 -1 60 -1 60 -1 135 -1 135 -1 60 -1 60 -1 -2
62 -1 62 -1 60 -1 60 -1 135 -1 135 -1 60 -1 60 -1 -2
62 -1 62 -1 60 -1 60 -1 135 -1 135 -1 60 -1 60 -1 -2
62 -1 62 -1 60 -1 60 -1 135 -1 135 -1 60 -1 60 -1 -2
62 -1 62 -1 60 -1 60 -1 135 -1 135 -1 60 -1 60 -1 -2
62 -1 62 -1 60 -1 60 -1 135 -1 135 -1 60 -1 60 -1 -2
62 -1 62 -1 60 -1 60 -1 135 -1 135 -1 60 -1 60 -1 -2
62 -1 62 -1 60 -1 60 -1 135 -1 135 -1 60 -1 60 -1 -2
62 -1 62 -1 60 -1 60 -1 135 -1 135 -1 60 -1 60 -1 -2
62 -1 62 -1 60 -1 60 -1 135 -1 135 -1 60 -1 60 -1 -2
62 -1 62 -1 60 -1 60 -1 135 -1 135 -1 60 -1 60 -1 -2
62 -1 62 -1 60 -1 60 -1 135 -1 135 -1 60 -1 60 -1 -2
62 -1 62 -1 62 -1 62 -1 60 -1 60 -1 135 -1 135 -1 60 -1 60 -1 -2
62 -1 62 -1 60 -1 60 -1 135 -1 135 -1 60 -1 60 -1 -2
62 -1 62 -1 60 -1 60 -1 135 -1 135 -1 60 -1 60 -1 -2
62 -1 62 -1 60 -1 60 -1 135 -1 135 -1 60 -1 60 -1 -2
62 -1 62 -1 60 -1 60 -1 135 -1 135 -1 60 -1 60 -1 -2
62 -1 62 -1 60 -1 60 -1 135 -1 135 -1 135 -1 135 -1 60 -1 60 -1 -2
62 -1 62 -1 60 -1 60 -1 135 -1 135 -1 135 -1 135 -1 60 -1 60 -1 -2
62 -1 62 -1 62 -1 62 -1 60 -1 60 -1 135 -1 135 -1 60 -1 60 -1 -2
62 -1 62 -1 60 -1 60 -1 135 -1 135 -1 60 -1 60 -1 -2
62 -1 62 -1 62 -1 62 -1 62 -1 60 -1 60 -1 135 -1 135 -1 60 -1 60 -1 -2
62 -1 62 -1 60 -1 60 -1 135 -1 135 -1 60 -1 60 -1 -2
62 -1 62 -1 60 -1 60 -1 135 -1 135 -1 60 -1 60 -1 -2
62 -1 62 -1 60 -1 60 -1 135 -1 135 -1 135 -1 135 -1 60 -1 60 -1 -2
62 -1 62 -1 60 -1 60 -1 135 -1 135 -1 60 -1 60 -1 -2
62 -1 62 -1 60 -1 60 -1 135 -1 135 -1 60 -1 60 -1 -2
62 -1 62 -1 60 -1 60 -1 135 -1 135 -1 60 -1 60 -1 -2
62 -1 62 -1 60 -1 60 -1 135 -1 135 -1 60 -1 60 -1 -2
62 -1 62 -1 62 -1 62 -1 62 -1 62 -1 60 -1 60 -1 135 -1 135 -1 60 -1 60 -1 -2
62 -1 62 -1 60 -1 60 -1 135 -1 135 -1 60 -1 60 -1 -2
62 -1 62 -1 60 -1 60 -1 135 -1 135 -1 60 -1 60 -1 -2
62 -1 62 -1 60 -1 60 -1 135 -1 135 -1 60 -1 60 -1 -2
62 -1 62 -1 60 -1 60 -1 135 -1 135 -1 60 -1 60 -1 -2
62 -1 62 -1 60 -1 60 -1 135 -1 135 -1 60 -1 60 -1 -2
62 -1 62 -1 60 -1 60 -1 135 -1 135 -1 60 -1 60 -1 -2
62 -1 62 -1 60 -1 60 -1 135 -1 135 -1 60 -1 60 -1 -2
62 -1 62 -1 60 -1 60 -1 135 -1 135 -1 60 -1 60 -1 -2
62 -1 62 -1 60 -1 60 -1 135 -1 135 -1 60 -1 60 -1 -2
62 -1 62 -1 60 -1 60 -1 135 -1 135 -1 60 -1 60 -1 -2
62 -1 62 -1 60 -1 60 -1 135 -1 135 -1 135 -1 135 -1 60 -1 60 -1 -2
62 -1 62 -1 60 -1 60 -1 135 -1 135 -1 60 -1 60 -1 -2
62 -1 62 -1 62 -1 62 -1 60 -1 60 -1 135 -1 135 -1 60 -1 60 -1 -2
62 -1 62 -1 60 -1 60 -1 135 -1 135 -1 60 -1 60 -1 -2
62 -1 62 -1 60 -1 60 -1 135 -1 135 -1 60 -1 60 -1 -2
62 -1 62 -1 60 -1 60 -1 135 -1 135 -1 60 -1 60 -1 -2
62 -1 62 -1 60 -1 60 -1 135 -1 135 -1 60 -1 60 -1 -2
62 -1 62 -1 60 -1 60 -1 135 -1 135 -1 60 -1 60 -1 -2
62 -1 62 -1 60 -1 60 -1 135 -1 135 -1 60 -1 60 -1 -2
62 -1 62 -1 60 -1 60 -1 135 -1 135 -1 60 -1 60 -1 -2
62 -1 62 -1 60 -1 60 -1 135 -1 135 -1 60 -1 60 -1 -2
62 -1 62 -1 60 -1 60 -1 135 -1 135 -1 60 -1 60 -1 -2
62 -1 62 -1 60 -1 60 -1 135 -1 135 -1 60 -1 60 -1 -2
62 -1 62 -1 60 -1 60 -1 135 -1 135 -1 60 -1 60 -1 -2
62 -1 62 -1 60 -1 60 -1 135 -1 135 -1 60 -1 60 -1 -2
62 -1 62 -1 60 -1 60 -1 135 -1 135 -1 60 -1 60 -1 -2
62 -1 62 -1 60 -1 60 -1 135 -1 135 -1 60 -1 60 -1 -2
62 -1 62 -1 60 -1 60 -1 135 -1 135 -1 60 -1 60 -1 -2
62 -1 62 -1 60 -1 60 -1 135 -1 135 -1 60 -1 60 -1 -2
62 -1 62 -1 60 -1 60 -1 135 -1 135 -1 60 -1 60 -1 -2
62 -1 62 -1 60 -1 60 -1 135 -1 135 -1 60 -1 60 -1 -2
62 -1 62 -1 60 -1 60 -1 135 -1 135 -1 60 -1 60 -1 -2
62 -1 62 -1 60 -1 60 -1 135 -1 135 -1 60 -1 60 -1 -2
62 -1 62 -1 60 -1 60 -1 135 -1 135 -1 60 -1 60 -1 -2
62 -1 62 -1 60 -1 60 -1 135 -1 135 -1 60 -1 60 -1 -2
62 -1 62 -1 60 -1 60 -1 135 -1 135 -1 60 -1 60 -1 -2
