62 -1 60 -1 122 -1 60 -1 60 -1 -2
62 -1 60 -1 125 -1 60 -1 60 -1 60 -1 60 -1 66 -1 66 -1 66 -1 66 -1 66 -1 66 -1 66 -1 60 -1 60 -1 60 -1 -2
62 -1 60 -1 118 -1 60 -1 60 -1 60 -1 60 -1 60 -1 60 -1 60 -1 60 -1 60 -1 60 -1 60 -1 60 -1 60 -1 60 -1 60 -1 60 -1 60 -1 60 -1 60 -1 60 -1 60 -1 60 -1 60 -1 60 -1 60 -1 154 -1 60 -1 60 -1 116 -1 60 -1 -2
62 -1 60 -1 124 -1 60 -1 60 -1 60 -1 60 -1 60 -1 60 -1 60 -1 60 -1 60 -1 60 -1 60 -1 60 -1 60 -1 60 -1 60 -1 60 -1 60 -1 60 -1 60 -1 60 -1 60 -1 60 -1 60 -1 60 -1 60 -1 60 -1 60 -1 60 -1 60 -1 60 -1 60 -1 60 -1 -2
62 -1 60 -1 166 -1 60 -1 184 -1 60 -1 60 -1 191 -1 60 -1 60 -1 190 -1 60 -1 60 -1 60 -1 196 -1 60 -1 60 -1 198 -1 60 -1 184 -1 60 -1 60 -1 191 -1 60 -1 60 -1 190 -1 60 -1 60 -1 60 -1 201 -1 60 -1 60 -1 60 -1 173 -1 60 -1 60 -1 60 -1 60 -1 163 -1 60 -1 60 -1 169 -1 60 -1 60 -1 173 -1 60 -1 60 -1 163 -1 60 -1 60 -1 123 -1 60 -1 60 -1 136 -1 60 -1 60 -1 60 -1 -2
62 -1 60 -1 122 -1 60 -1 60 -1 60 -1 60 -1 60 -1 60 -1 60 -1 117 -1 60 -1 60 -1 -2
62 -1 60 -1 176 -1 60 -1 60 -1 60 -1 60 -1 60 -1 60 -1 60 -1 60 -1 -2
62 -1 60 -1 124 -1 60 -1 372 -1 60 -1 171 -1 60 -1 60 -1 60 -1 60 -1 60 -1 60 -1 60 -1 60 -1 60 -1 60 -1 60 -1 60 -1 155 -1 60 -1 187 -1 60 -1 155 -1 163 -1 171 -1 139 -1 147 -1 60 -1 163 -1 60 -1 -2
62 -1 60 -1 157 -1 60 -1 60 -1 141 -1 60 -1 142 -1 60 -1 142 -1 60 -1 142 -1 60 -1 141 -1 60 -1 142 -1 60 -1 142 -1 60 -1 142 -1 60 -1 142 -1 60 -1 142 -1 60 -1 164 -1 60 -1 60 -1 60 -1 60 -1 60 -1 60 -1 60 -1 191 -1 60 -1 60 -1 60 -1 60 -1 60 -1 60 -1 60 -1 60 -1 60 -1 199 -1 60 -1 176 -1 60 -1 60 -1 197 -1 60 -1 60 -1 141 -1 60 -1 141 -1 60 -1 141 -1 60 -1 158 -1 60 -1 60 -1 60 -1 60 -1 142 -1 60 -1 142 -1 60 -1 142 -1 60 -1 142 -1 60 -1 142 -1 60 -1 142 -1 60 -1 142 -1 60 -1 142 -1 60 -1 142 -1 60 -1 142 -1 60 -1 142 -1 60 -1 151 -1 60 -1 151 -1 60 -1 150 -1 60 -1 152 -1 60 -1 145 -1 60 -1 145 -1 60 -1 115 -1 60 -1 60 -1 -2
62 -1 60 -1 161 -1 60 -1 60 -1 60 -1 60 -1 60 -1 60 -1 60 -1 118 -1 117 -1 60 -1 60 -1 -2
62 -1 60 -1 194 -1 60 -1 60 -1 147 -1 60 -1 60 -1 147 -1 60 -1 60 -1 147 -1 60 -1 60 -1 136 -1 60 -1 60 -1 60 -1 -2
62 -1 60 -1 122 -1 60 -1 146 -1 60 -1 152 -1 60 -1 157 -1 60 -1 150 -1 60 -1 146 -1 60 -1 60 -1 -2
62 -1 60 -1 146 -1 60 -1 148 -1 60 -1 124 -1 60 -1 60 -1 -2
62 -1 60 -1 157 -1 60 -1 60 -1 141 -1 60 -1 127 -1 60 -1 119 -1 60 -1 191 -1 60 -1 60 -1 60 -1 60 -1 60 -1 60 -1 197 -1 60 -1 60 -1 60 -1 179 -1 60 -1 60 -1 160 -1 60 -1 169 -1 60 -1 60 -1 60 -1 173 -1 60 -1 60 -1 141 -1 60 -1 141 -1 60 -1 141 -1 60 -1 147 -1 60 -1 145 -1 60 -1 147 -1 60 -1 168 -1 60 -1 60 -1 66 -1 66 -1 66 -1 66 -1 66 -1 66 -1 60 -1 60 -1 60 -1 60 -1 60 -1 60 -1 60 -1 60 -1 60 -1 60 -1 60 -1 115 -1 60 -1 60 -1 -2
62 -1 60 -1 204 -1 60 -1 60 -1 194 -1 60 -1 60 -1 120 -1 60 -1 184 -1 60 -1 190 -1 60 -1 60 -1 60 -1 60 -1 60 -1 171 -1 60 -1 60 -1 60 -1 60 -1 60 -1 156 -1 60 -1 60 -1 60 -1 60 -1 60 -1 60 -1 178 -1 60 -1 60 -1 60 -1 60 -1 60 -1 177 -1 60 -1 60 -1 60 -1 60 -1 167 -1 60 -1 60 -1 60 -1 60 -1 60 -1 60 -1 173 -1 60 -1 60 -1 60 -1 60 -1 60 -1 60 -1 183 -1 60 -1 60 -1 60 -1 60 -1 146 -1 60 -1 152 -1 60 -1 157 -1 60 -1 150 -1 60 -1 149 -1 60 -1 146 -1 60 -1 146 -1 60 -1 124 -1 60 -1 60 -1 -2
62 -1 60 -1 131 -1 60 -1 146 -1 60 -1 146 -1 60 -1 60 -1 -2
62 -1 60 -1 136 -1 60 -1 60 -1 60 -1 60 -1 60 -1 60 -1 60 -1 60 -1 60 -1 60 -1 60 -1 60 -1 60 -1 60 -1 60 -1 60 -1 60 -1 60 -1 60 -1 60 -1 60 -1 60 -1 60 -1 60 -1 60 -1 60 -1 60 -1 60 -1 60 -1 60 -1 60 -1 154 -1 60 -1 154 -1 60 -1 60 -1 -2
62 -1 60 -1 126 -1 60 -1 60 -1 60 -1 60 -1 60 -1 60 -1 60 -1 -2
62 -1 60 -1 157 -1 60 -1 60 -1 60 -1 -2
62 -1 60 -1 136 -1 60 -1 60 -1 60 -1 -2
62 -1 60 -1 135 -1 60 -1 60 -1 -2
62 -1 60 -1 144 -1 60 -1 60 -1 60 -1 60 -1 60 -1 60 -1 60 -1 60 -1 119 -1 60 -1 60 -1 60 -1 60 -1 60 -1 -2
