62 -1 60 -1 693 -1 60 -1 60 -1 -2
62 -1 60 -1 686 -1 60 -1 60 -1 -2
62 -1 60 -1 686 -1 60 -1 60 -1 -2
62 -1 60 -1 686 -1 60 -1 60 -1 -2
62 -1 60 -1 693 -1 60 -1 60 -1 -2
62 -1 60 -1 693 -1 60 -1 60 -1 -2
62 -1 60 -1 686 -1 60 -1 60 -1 -2
62 -1 60 -1 682 -1 60 -1 60 -1 -2
62 -1 60 -1 693 -1 60 -1 60 -1 -2
62 -1 60 -1 693 -1 60 -1 60 -1 -2
62 -1 60 -1 686 -1 60 -1 60 -1 -2
62 -1 60 -1 682 -1 60 -1 60 -1 -2
62 -1 60 -1 686 -1 60 -1 60 -1 -2
62 -1 60 -1 693 -1 60 -1 60 -1 -2
62 -1 60 -1 693 -1 60 -1 60 -1 -2
62 -1 60 -1 674 -1 60 -1 60 -1 -2
62 -1 60 -1 693 -1 60 -1 60 -1 -2
62 -1 60 -1 693 -1 60 -1 60 -1 -2
62 -1 60 -1 693 -1 60 -1 60 -1 -2
62 -1 60 -1 686 -1 60 -1 60 -1 -2
62 -1 60 -1 693 -1 60 -1 60 -1 -2
62 -1 60 -1 693 -1 60 -1 60 -1 -2
62 -1 60 -1 693 -1 60 -1 60 -1 -2
62 -1 60 -1 686 -1 60 -1 60 -1 -2
62 -1 60 -1 686 -1 60 -1 60 -1 -2
62 -1 60 -1 686 -1 60 -1 60 -1 -2
62 -1 60 -1 673 -1 60 -1 60 -1 -2
62 -1 60 -1 693 -1 60 -1 60 -1 -2
62 -1 60 -1 686 -1 60 -1 60 -1 -2
62 -1 60 -1 670 -1 60 -1 60 -1 -2
62 -1 60 -1 686 -1 60 -1 60 -1 -2
62 -1 60 -1 693 -1 60 -1 60 -1 -2
62 -1 60 -1 693 -1 60 -1 60 -1 -2
62 -1 60 -1 686 -1 60 -1 60 -1 -2
62 -1 60 -1 686 -1 60 -1 60 -1 -2
62 -1 60 -1 693 -1 60 -1 60 -1 -2
62 -1 60 -1 686 -1 60 -1 60 -1 -2
62 -1 60 -1 686 -1 60 -1 60 -1 -2
62 -1 60 -1 686 -1 60 -1 60 -1 -2
62 -1 60 -1 693 -1 60 -1 60 -1 -2
62 -1 60 -1 686 -1 60 -1 60 -1 -2
62 -1 60 -1 693 -1 60 -1 60 -1 -2
62 -1 60 -1 686 -1 60 -1 60 -1 -2
62 -1 60 -1 689 -1 60 -1 60 -1 -2
62 -1 60 -1 686 -1 60 -1 60 -1 -2
62 -1 60 -1 693 -1 60 -1 60 -1 -2
62 -1 60 -1 693 -1 60 -1 60 -1 -2
62 -1 60 -1 693 -1 60 -1 60 -1 -2
62 -1 60 -1 693 -1 60 -1 60 -1 -2
62 -1 60 -1 677 -1 60 -1 60 -1 -2
62 -1 60 -1 693 -1 60 -1 60 -1 -2
62 -1 60 -1 670 -1 60 -1 60 -1 -2
62 -1 60 -1 693 -1 60 -1 60 -1 -2
62 -1 60 -1 686 -1 60 -1 60 -1 -2
62 -1 60 -1 686 -1 60 -1 60 -1 -2
62 -1 60 -1 686 -1 60 -1 60 -1 -2
62 -1 60 -1 686 -1 60 -1 60 -1 -2
62 -1 60 -1 693 -1 60 -1 60 -1 -2
62 -1 60 -1 686 -1 60 -1 60 -1 -2
62 -1 60 -1 686 -1 60 -1 60 -1 -2
62 -1 60 -1 686 -1 60 -1 60 -1 -2
62 -1 60 -1 677 -1 60 -1 60 -1 -2
62 -1 60 -1 693 -1 60 -1 60 -1 -2
62 -1 60 -1 670 -1 60 -1 60 -1 -2
62 -1 60 -1 686 -1 60 -1 60 -1 -2
62 -1 60 -1 693 -1 60 -1 60 -1 -2
62 -1 60 -1 682 -1 60 -1 60 -1 -2
62 -1 60 -1 693 -1 60 -1 60 -1 -2
62 -1 60 -1 693 -1 60 -1 60 -1 -2
62 -1 60 -1 686 -1 60 -1 60 -1 -2
62 -1 60 -1 686 -1 60 -1 60 -1 -2
62 -1 60 -1 677 -1 60 -1 60 -1 -2
62 -1 60 -1 666 -1 60 -1 60 -1 -2
62 -1 60 -1 686 -1 60 -1 60 -1 -2
62 -1 60 -1 686 -1 60 -1 60 -1 -2
62 -1 60 -1 693 -1 60 -1 60 -1 -2
62 -1 60 -1 686 -1 60 -1 60 -1 -2
62 -1 60 -1 686 -1 60 -1 60 -1 -2
62 -1 60 -1 693 -1 60 -1 60 -1 -2
62 -1 60 -1 686 -1 60 -1 60 -1 -2
62 -1 60 -1 686 -1 60 -1 60 -1 -2
62 -1 60 -1 693 -1 60 -1 60 -1 -2
62 -1 60 -1 686 -1 60 -1 60 -1 -2
62 -1 60 -1 673 -1 60 -1 60 -1 -2
62 -1 60 -1 686 -1 60 -1 60 -1 -2
62 -1 60 -1 686 -1 60 -1 60 -1 -2
62 -1 60 -1 686 -1 60 -1 60 -1 -2
62 -1 60 -1 693 -1 60 -1 60 -1 -2
62 -1 60 -1 693 -1 60 -1 60 -1 -2
62 -1 60 -1 693 -1 60 -1 60 -1 -2
62 -1 60 -1 693 -1 60 -1 60 -1 -2
62 -1 60 -1 693 -1 60 -1 60 -1 -2
62 -1 60 -1 693 -1 60 -1 60 -1 -2
62 -1 60 -1 686 -1 60 -1 60 -1 -2
62 -1 60 -1 686 -1 60 -1 60 -1 -2
62 -1 60 -1 693 -1 60 -1 60 -1 -2
62 -1 60 -1 686 -1 60 -1 60 -1 -2
62 -1 60 -1 686 -1 60 -1 60 -1 -2
62 -1 60 -1 693 -1 60 -1 60 -1 -2
62 -1 60 -1 693 -1 60 -1 60 -1 -2
62 -1 60 -1 673 -1 60 -1 60 -1 -2
62 -1 60 -1 673 -1 60 -1 60 -1 -2
62 -1 60 -1 686 -1 60 -1 60 -1 -2
62 -1 60 -1 686 -1 60 -1 60 -1 -2
62 -1 60 -1 693 -1 60 -1 60 -1 -2
62 -1 60 -1 693 -1 60 -1 60 -1 -2
62 -1 60 -1 693 -1 60 -1 60 -1 -2
62 -1 60 -1 693 -1 60 -1 60 -1 -2
62 -1 60 -1 689 -1 60 -1 60 -1 -2
62 -1 60 -1 686 -1 60 -1 60 -1 -2
62 -1 60 -1 693 -1 60 -1 60 -1 -2
62 -1 60 -1 686 -1 60 -1 60 -1 -2
62 -1 60 -1 693 -1 60 -1 60 -1 -2
62 -1 60 -1 686 -1 60 -1 60 -1 -2
62 -1 60 -1 693 -1 60 -1 60 -1 -2
62 -1 60 -1 686 -1 60 -1 60 -1 -2
62 -1 60 -1 693 -1 60 -1 60 -1 -2
62 -1 60 -1 678 -1 60 -1 60 -1 -2
62 -1 60 -1 686 -1 60 -1 60 -1 -2
62 -1 60 -1 689 -1 60 -1 60 -1 -2
62 -1 60 -1 693 -1 60 -1 60 -1 -2
62 -1 60 -1 686 -1 60 -1 60 -1 -2
62 -1 60 -1 686 -1 60 -1 60 -1 -2
62 -1 60 -1 677 -1 60 -1 60 -1 -2
62 -1 60 -1 693 -1 60 -1 60 -1 -2
62 -1 60 -1 693 -1 60 -1 60 -1 -2
62 -1 60 -1 662 -1 60 -1 60 -1 -2
62 -1 60 -1 693 -1 60 -1 60 -1 -2
62 -1 60 -1 673 -1 60 -1 60 -1 -2
62 -1 60 -1 686 -1 60 -1 60 -1 -2
62 -1 60 -1 670 -1 60 -1 60 -1 -2
62 -1 60 -1 686 -1 60 -1 60 -1 -2
62 -1 60 -1 686 -1 60 -1 60 -1 -2
62 -1 60 -1 693 -1 60 -1 60 -1 -2
62 -1 60 -1 693 -1 60 -1 60 -1 -2
62 -1 60 -1 693 -1 60 -1 60 -1 -2
62 -1 60 -1 686 -1 60 -1 60 -1 -2
62 -1 60 -1 693 -1 60 -1 60 -1 -2
62 -1 60 -1 686 -1 60 -1 60 -1 -2
62 -1 60 -1 693 -1 60 -1 60 -1 -2
62 -1 60 -1 693 -1 60 -1 60 -1 -2
62 -1 60 -1 686 -1 60 -1 60 -1 -2
62 -1 60 -1 693 -1 60 -1 60 -1 -2
62 -1 60 -1 686 -1 60 -1 60 -1 -2
62 -1 60 -1 689 -1 60 -1 60 -1 -2
62 -1 60 -1 686 -1 60 -1 60 -1 -2
62 -1 60 -1 686 -1 60 -1 60 -1 -2
62 -1 60 -1 693 -1 60 -1 60 -1 -2
62 -1 60 -1 686 -1 60 -1 60 -1 -2
62 -1 60 -1 682 -1 60 -1 60 -1 -2
62 -1 60 -1 693 -1 60 -1 60 -1 -2
62 -1 60 -1 693 -1 60 -1 60 -1 -2
62 -1 60 -1 686 -1 60 -1 60 -1 -2
62 -1 60 -1 686 -1 60 -1 60 -1 -2
62 -1 60 -1 686 -1 60 -1 60 -1 -2
62 -1 60 -1 693 -1 60 -1 60 -1 -2
62 -1 60 -1 693 -1 60 -1 60 -1 -2
62 -1 60 -1 693 -1 60 -1 60 -1 -2
62 -1 60 -1 686 -1 60 -1 60 -1 -2
62 -1 60 -1 693 -1 60 -1 60 -1 -2
62 -1 60 -1 693 -1 60 -1 60 -1 -2
62 -1 60 -1 686 -1 60 -1 60 -1 -2
62 -1 60 -1 686 -1 60 -1 60 -1 -2
62 -1 60 -1 686 -1 60 -1 60 -1 -2
62 -1 60 -1 693 -1 60 -1 60 -1 -2
62 -1 60 -1 686 -1 60 -1 60 -1 -2
62 -1 60 -1 693 -1 60 -1 60 -1 -2
62 -1 60 -1 686 -1 60 -1 60 -1 -2
62 -1 60 -1 686 -1 60 -1 60 -1 -2
62 -1 60 -1 693 -1 60 -1 60 -1 -2
62 -1 60 -1 686 -1 60 -1 60 -1 -2
62 -1 60 -1 670 -1 60 -1 60 -1 -2
62 -1 60 -1 693 -1 60 -1 60 -1 -2
62 -1 60 -1 673 -1 60 -1 60 -1 -2
62 -1 60 -1 686 -1 60 -1 60 -1 -2
62 -1 60 -1 686 -1 60 -1 60 -1 -2
62 -1 60 -1 686 -1 60 -1 60 -1 -2
62 -1 60 -1 693 -1 60 -1 60 -1 -2
62 -1 60 -1 686 -1 60 -1 60 -1 -2
62 -1 60 -1 681 -1 60 -1 60 -1 -2
62 -1 60 -1 693 -1 60 -1 60 -1 -2
62 -1 60 -1 686 -1 60 -1 60 -1 -2
62 -1 60 -1 689 -1 60 -1 60 -1 -2
62 -1 60 -1 686 -1 60 -1 60 -1 -2
62 -1 60 -1 693 -1 60 -1 60 -1 -2
62 -1 60 -1 693 -1 60 -1 60 -1 -2
62 -1 60 -1 686 -1 60 -1 60 -1 -2
62 -1 60 -1 686 -1 60 -1 60 -1 -2
62 -1 60 -1 693 -1 60 -1 60 -1 -2
