62 -1 60 -1 176 -1 986 -1 77 -1 60 -1 -2
62 -1 60 -1 176 -1 1097 -1 77 -1 60 -1 -2
62 -1 60 -1 176 -1 1210 -1 77 -1 60 -1 -2
62 -1 176 -1 446 -1 77 -1 60 -1 -2
62 -1 60 -1 176 -1 446 -1 77 -1 60 -1 -2
62 -1 60 -1 176 -1 446 -1 77 -1 60 -1 -2
62 -1 60 -1 176 -1 446 -1 77 -1 60 -1 -2
62 -1 60 -1 176 -1 446 -1 77 -1 60 -1 -2
62 -1 60 -1 176 -1 446 -1 77 -1 60 -1 -2
62 -1 60 -1 176 -1 1001 -1 77 -1 60 -1 -2
62 -1 60 -1 176 -1 1293 -1 77 -1 60 -1 -2
62 -1 60 -1 176 -1 1210 -1 77 -1 60 -1 -2
62 -1 60 -1 176 -1 1097 -1 77 -1 60 -1 -2
62 -1 60 -1 176 -1 986 -1 77 -1 60 -1 -2
62 -1 60 -1 176 -1 986 -1 77 -1 60 -1 -2
62 -1 60 -1 176 -1 446 -1 77 -1 60 -1 -2
62 -1 60 -1 176 -1 446 -1 77 -1 60 -1 -2
62 -1 60 -1 176 -1 446 -1 77 -1 60 -1 -2
62 -1 60 -1 176 -1 446 -1 77 -1 60 -1 -2
62 -1 60 -1 176 -1 446 -1 77 -1 60 -1 -2
62 -1 60 -1 176 -1 446 -1 77 -1 60 -1 -2
62 -1 60 -1 176 -1 1001 -1 77 -1 60 -1 -2
62 -1 60 -1 176 -1 1293 -1 77 -1 60 -1 -2
