62 -1 60 -1 372 -1 561 -1 60 -1 371 -1 164 -1 60 -1 372 -1 164 -1 60 -1 -2
62 -1 60 -1 371 -1 623 -1 60 -1 60 -1 60 -1 -2
62 -1 60 -1 371 -1 103 -1 60 -1 -2
62 -1 60 -1 372 -1 1070 -1 60 -1 60 -1 60 -1 -2
62 -1 60 -1 372 -1 1070 -1 60 -1 372 -1 793 -1 60 -1 60 -1 60 -1 -2
62 -1 60 -1 370 -1 103 -1 60 -1 371 -1 103 -1 60 -1 371 -1 103 -1 60 -1 371 -1 164 -1 60 -1 371 -1 167 -1 60 -1 371 -1 204 -1 60 -1 371 -1 167 -1 60 -1 372 -1 1416 -1 60 -1 -2
62 -1 60 -1 298 -1 971 -1 60 -1 60 -1 60 -1 -2
62 -1 60 -1 370 -1 103 -1 60 -1 370 -1 103 -1 60 -1 -2
62 -1 60 -1 372 -1 1416 -1 60 -1 60 -1 60 -1 -2
62 -1 60 -1 371 -1 793 -1 60 -1 60 -1 60 -1 -2
