60 -1 60 -1 422 -1 422 -1 60 -1 60 -1 -2
60 -1 60 -1 60 -1 422 -1 422 -1 60 -1 422 -1 60 -1 662 -1 60 -1 422 -1 422 -1 60 -1 662 -1 60 -1 422 -1 60 -1 662 -1 60 -1 -2
60 -1 60 -1 60 -1 456 -1 60 -1 60 -1 -2
60 -1 60 -1 60 -1 484 -1 60 -1 60 -1 -2
60 -1 60 -1 60 -1 400 -1 400 -1 60 -1 640 -1 640 -1 60 -1 400 -1 60 -1 640 -1 60 -1 -2
60 -1 60 -1 60 -1 484 -1 60 -1 60 -1 -2
60 -1 60 -1 60 -1 484 -1 60 -1 60 -1 -2
60 -1 60 -1 60 -1 422 -1 422 -1 60 -1 422 -1 60 -1 662 -1 60 -1 422 -1 60 -1 662 -1 60 -1 422 -1 60 -1 662 -1 60 -1 -2
60 -1 60 -1 60 -1 484 -1 60 -1 60 -1 -2
60 -1 60 -1 60 -1 484 -1 60 -1 60 -1 -2
60 -1 60 -1 60 -1 1250 -1 60 -1 60 -1 -2
60 -1 60 -1 60 -1 399 -1 399 -1 60 -1 399 -1 60 -1 640 -1 60 -1 399 -1 399 -1 60 -1 640 -1 60 -1 399 -1 60 -1 640 -1 60 -1 -2
484 -1 60 -1 484 -1 60 -1 484 -1 60 -1 483 -1 60 -1 483 -1 483 -1 60 -1 -2
60 -1 60 -1 60 -1 571 -1 60 -1 60 -1 -2
60 -1 60 -1 60 -1 422 -1 422 -1 60 -1 662 -1 60 -1 -2
60 -1 60 -1 60 -1 574 -1 60 -1 60 -1 -2
60 -1 60 -1 60 -1 400 -1 400 -1 60 -1 400 -1 60 -1 640 -1 640 -1 60 -1 60 -1 -2
60 -1 60 -1 60 -1 400 -1 400 -1 60 -1 60 -1 60 -1 60 -1 -2
60 -1 60 -1 60 -1 422 -1 422 -1 60 -1 662 -1 662 -1 662 -1 60 -1 422 -1 60 -1 60 -1 -2
60 -1 60 -1 60 -1 60 -1 60 -1 -2
