74 -1 66 -1 1228 -1 66 -1 66 -1 -2
74 -1 66 -1 1271 -1 66 -1 66 -1 66 -1 -2
74 -1 66 -1 1228 -1 66 -1 66 -1 -2
74 -1 66 -1 1228 -1 66 -1 66 -1 -2
74 -1 66 -1 1228 -1 66 -1 66 -1 -2
74 -1 66 -1 1228 -1 66 -1 66 -1 -2
74 -1 66 -1 1353 -1 66 -1 66 -1 66 -1 60 -1 -2
74 -1 66 -1 1228 -1 66 -1 66 -1 -2
74 -1 66 -1 66 -1 1351 -1 66 -1 66 -1 -2
74 -1 66 -1 1228 -1 66 -1 66 -1 -2
74 -1 66 -1 1228 -1 66 -1 66 -1 -2
74 -1 66 -1 1228 -1 66 -1 66 -1 -2
74 -1 66 -1 1228 -1 66 -1 66 -1 -2
74 -1 66 -1 1228 -1 66 -1 66 -1 -2
74 -1 66 -1 1228 -1 66 -1 66 -1 -2
74 -1 66 -1 1228 -1 66 -1 66 -1 -2
74 -1 66 -1 1228 -1 66 -1 66 -1 -2
74 -1 66 -1 1357 -1 66 -1 66 -1 66 -1 -2
74 -1 66 -1 1228 -1 66 -1 66 -1 -2
74 -1 66 -1 1228 -1 66 -1 66 -1 -2
74 -1 66 -1 1228 -1 66 -1 66 -1 -2
74 -1 66 -1 1228 -1 66 -1 66 -1 -2
74 -1 66 -1 1228 -1 66 -1 66 -1 -2
74 -1 66 -1 1354 -1 66 -1 66 -1 66 -1 -2
74 -1 66 -1 1227 -1 66 -1 66 -1 -2
74 -1 66 -1 1228 -1 66 -1 66 -1 -2
74 -1 66 -1 1228 -1 66 -1 66 -1 -2
74 -1 66 -1 66 -1 1357 -1 66 -1 66 -1 -2
74 -1 66 -1 1228 -1 66 -1 66 -1 -2
74 -1 66 -1 1228 -1 66 -1 66 -1 -2
74 -1 66 -1 1228 -1 66 -1 66 -1 -2
74 -1 66 -1 66 -1 1270 -1 66 -1 66 -1 -2
74 -1 66 -1 1353 -1 66 -1 66 -1 66 -1 -2
74 -1 66 -1 1229 -1 66 -1 66 -1 66 -1 -2
74 -1 66 -1 1228 -1 66 -1 66 -1 -2
