62 -1 60 -1 491 -1 60 -1 60 -1 -2
62 -1 60 -1 253 -1 60 -1 60 -1 -2
62 -1 60 -1 392 -1 60 -1 60 -1 -2
62 -1 60 -1 253 -1 60 -1 60 -1 -2
62 -1 60 -1 491 -1 60 -1 60 -1 -2
62 -1 60 -1 392 -1 60 -1 60 -1 -2
62 -1 60 -1 253 -1 60 -1 60 -1 -2
62 -1 60 -1 491 -1 60 -1 60 -1 -2
62 -1 60 -1 491 -1 60 -1 60 -1 -2
62 -1 60 -1 491 -1 60 -1 60 -1 -2
62 -1 60 -1 392 -1 60 -1 60 -1 -2
62 -1 60 -1 491 -1 60 -1 60 -1 -2
62 -1 60 -1 491 -1 60 -1 60 -1 -2
62 -1 60 -1 491 -1 60 -1 60 -1 -2
62 -1 60 -1 253 -1 60 -1 60 -1 -2
62 -1 60 -1 491 -1 60 -1 60 -1 -2
62 -1 60 -1 253 -1 60 -1 60 -1 -2
62 -1 60 -1 491 -1 60 -1 60 -1 -2
62 -1 60 -1 491 -1 60 -1 60 -1 -2
62 -1 60 -1 491 -1 60 -1 60 -1 -2
62 -1 60 -1 392 -1 60 -1 60 -1 -2
62 -1 60 -1 491 -1 60 -1 60 -1 -2
62 -1 60 -1 491 -1 60 -1 60 -1 -2
62 -1 60 -1 253 -1 60 -1 60 -1 -2
62 -1 60 -1 491 -1 60 -1 60 -1 -2
62 -1 60 -1 253 -1 60 -1 60 -1 -2
62 -1 60 -1 491 -1 60 -1 60 -1 -2
62 -1 60 -1 491 -1 60 -1 60 -1 -2
62 -1 60 -1 491 -1 60 -1 60 -1 -2
62 -1 60 -1 392 -1 60 -1 60 -1 -2
62 -1 60 -1 253 -1 60 -1 60 -1 -2
62 -1 60 -1 491 -1 60 -1 60 -1 -2
62 -1 60 -1 392 -1 60 -1 60 -1 -2
62 -1 60 -1 491 -1 60 -1 60 -1 -2
62 -1 60 -1 253 -1 60 -1 60 -1 -2
62 -1 60 -1 253 -1 60 -1 60 -1 -2
62 -1 60 -1 491 -1 60 -1 60 -1 -2
62 -1 60 -1 491 -1 60 -1 60 -1 -2
62 -1 60 -1 253 -1 60 -1 60 -1 -2
62 -1 60 -1 253 -1 60 -1 60 -1 -2
62 -1 60 -1 491 -1 60 -1 60 -1 -2
62 -1 60 -1 253 -1 60 -1 60 -1 -2
62 -1 60 -1 392 -1 60 -1 60 -1 -2
62 -1 60 -1 392 -1 60 -1 60 -1 -2
62 -1 60 -1 491 -1 60 -1 60 -1 -2
62 -1 60 -1 491 -1 60 -1 60 -1 -2
62 -1 60 -1 491 -1 60 -1 60 -1 -2
