60 -1 60 -1 616 -1 60 -1 60 -1 -2
60 -1 60 -1 1066 -1 60 -1 60 -1 -2
60 -1 60 -1 444 -1 60 -1 60 -1 -2
60 -1 60 -1 616 -1 60 -1 60 -1 -2
60 -1 60 -1 616 -1 60 -1 60 -1 -2
60 -1 60 -1 1056 -1 60 -1 60 -1 -2
60 -1 60 -1 444 -1 60 -1 60 -1 -2
60 -1 60 -1 444 -1 60 -1 60 -1 -2
60 -1 60 -1 1070 -1 60 -1 60 -1 -2
60 -1 60 -1 616 -1 60 -1 60 -1 -2
60 -1 60 -1 1100 -1 60 -1 60 -1 -2
60 -1 60 -1 1070 -1 60 -1 60 -1 -2
60 -1 60 -1 616 -1 60 -1 60 -1 -2
60 -1 60 -1 1070 -1 60 -1 60 -1 -2
60 -1 60 -1 444 -1 60 -1 60 -1 -2
60 -1 60 -1 616 -1 60 -1 60 -1 -2
60 -1 60 -1 444 -1 60 -1 60 -1 -2
60 -1 60 -1 443 -1 60 -1 60 -1 -2
60 -1 60 -1 443 -1 60 -1 60 -1 -2
60 -1 60 -1 1100 -1 60 -1 60 -1 -2
60 -1 60 -1 548 -1 60 -1 60 -1 -2
60 -1 60 -1 616 -1 60 -1 60 -1 -2
60 -1 60 -1 616 -1 60 -1 60 -1 -2
60 -1 60 -1 1068 -1 60 -1 60 -1 -2
60 -1 60 -1 1070 -1 60 -1 60 -1 -2
60 -1 60 -1 1100 -1 60 -1 60 -1 -2
60 -1 60 -1 443 -1 60 -1 60 -1 -2
60 -1 60 -1 443 -1 60 -1 60 -1 -2
60 -1 60 -1 1070 -1 60 -1 60 -1 -2
60 -1 60 -1 443 -1 60 -1 60 -1 -2
60 -1 60 -1 616 -1 60 -1 60 -1 -2
60 -1 60 -1 616 -1 60 -1 60 -1 -2
60 -1 60 -1 1070 -1 60 -1 60 -1 -2
