62 -1 60 -1 738 -1 60 -1 60 -1 -2
62 -1 60 -1 727 -1 60 -1 60 -1 -2
62 -1 60 -1 750 -1 60 -1 60 -1 -2
62 -1 60 -1 776 -1 60 -1 60 -1 -2
62 -1 60 -1 830 -1 60 -1 60 -1 -2
62 -1 60 -1 992 -1 60 -1 60 -1 -2
62 -1 60 -1 766 -1 60 -1 60 -1 -2
62 -1 60 -1 794 -1 60 -1 60 -1 -2
62 -1 60 -1 807 -1 60 -1 60 -1 -2
62 -1 60 -1 789 -1 60 -1 60 -1 -2
62 -1 60 -1 742 -1 60 -1 60 -1 -2
62 -1 60 -1 794 -1 60 -1 60 -1 -2
62 -1 60 -1 681 -1 60 -1 60 -1 -2
62 -1 60 -1 768 -1 60 -1 60 -1 -2
62 -1 60 -1 794 -1 60 -1 60 -1 -2
62 -1 60 -1 712 -1 60 -1 60 -1 -2
62 -1 60 -1 779 -1 60 -1 60 -1 -2
62 -1 60 -1 725 -1 60 -1 60 -1 -2
62 -1 60 -1 746 -1 60 -1 60 -1 -2
62 -1 60 -1 830 -1 60 -1 60 -1 -2
62 -1 60 -1 771 -1 60 -1 60 -1 -2
62 -1 60 -1 771 -1 60 -1 60 -1 -2
62 -1 60 -1 771 -1 60 -1 60 -1 -2
62 -1 60 -1 835 -1 60 -1 60 -1 -2
62 -1 60 -1 789 -1 60 -1 60 -1 -2
62 -1 60 -1 771 -1 60 -1 60 -1 -2
62 -1 60 -1 727 -1 60 -1 60 -1 -2
62 -1 60 -1 830 -1 60 -1 60 -1 -2
62 -1 60 -1 794 -1 60 -1 60 -1 -2
62 -1 60 -1 818 -1 60 -1 60 -1 -2
62 -1 60 -1 748 -1 60 -1 60 -1 -2
62 -1 60 -1 786 -1 60 -1 60 -1 -2
62 -1 60 -1 776 -1 60 -1 60 -1 -2
62 -1 60 -1 715 -1 60 -1 60 -1 -2
62 -1 60 -1 735 -1 60 -1 60 -1 -2
62 -1 60 -1 723 -1 60 -1 60 -1 -2
62 -1 60 -1 768 -1 60 -1 60 -1 -2
62 -1 60 -1 777 -1 60 -1 60 -1 -2
62 -1 60 -1 830 -1 60 -1 60 -1 -2
62 -1 60 -1 764 -1 60 -1 60 -1 -2
62 -1 60 -1 791 -1 60 -1 60 -1 -2
62 -1 60 -1 677 -1 60 -1 60 -1 -2
62 -1 60 -1 672 -1 60 -1 60 -1 -2
62 -1 60 -1 688 -1 60 -1 60 -1 -2
62 -1 60 -1 724 -1 60 -1 60 -1 -2
62 -1 60 -1 785 -1 60 -1 60 -1 -2
62 -1 60 -1 706 -1 60 -1 60 -1 -2
62 -1 60 -1 774 -1 60 -1 60 -1 -2
62 -1 60 -1 815 -1 60 -1 60 -1 -2
62 -1 60 -1 673 -1 60 -1 60 -1 -2
62 -1 60 -1 789 -1 60 -1 60 -1 -2
62 -1 60 -1 763 -1 60 -1 60 -1 -2
62 -1 60 -1 748 -1 60 -1 60 -1 -2
62 -1 60 -1 828 -1 60 -1 60 -1 -2
62 -1 60 -1 810 -1 60 -1 60 -1 -2
62 -1 60 -1 874 -1 60 -1 60 -1 -2
62 -1 60 -1 835 -1 60 -1 60 -1 -2
62 -1 60 -1 704 -1 60 -1 60 -1 -2
62 -1 60 -1 835 -1 60 -1 60 -1 -2
62 -1 60 -1 874 -1 60 -1 60 -1 -2
62 -1 60 -1 835 -1 60 -1 60 -1 -2
62 -1 60 -1 874 -1 60 -1 60 -1 -2
62 -1 60 -1 835 -1 60 -1 60 -1 -2
62 -1 60 -1 791 -1 60 -1 60 -1 -2
62 -1 60 -1 874 -1 60 -1 60 -1 -2
62 -1 60 -1 830 -1 60 -1 60 -1 -2
62 -1 60 -1 835 -1 60 -1 60 -1 -2
62 -1 60 -1 779 -1 60 -1 60 -1 -2
