9 -1 9 -1 9 -1 -2
9 -1 9 -1 9 -1 9 -1 9 -1 9 -1 -2
9 -1 -2
9 -1 9 -1 9 -1 9 -1 9 -1 9 -1 9 -1 9 -1 9 -1 9 -1 9 -1 9 -1 9 -1 9 -1 9 -1 9 -1 9 -1 9 -1 9 -1 9 -1 9 -1 -2
9 -1 9 -1 9 -1 9 -1 9 -1 9 -1 9 -1 -2
9 -1 9 -1 9 -1 9 -1 9 -1 -2
9 -1 9 -1 9 -1 9 -1 9 -1 9 -1 9 -1 -2
9 -1 9 -1 9 -1 9 -1 -2
9 -1 9 -1 -2
9 -1 9 -1 9 -1 9 -1 9 -1 9 -1 9 -1 9 -1 9 -1 9 -1 9 -1 9 -1 9 -1 -2
9 -1 9 -1 9 -1 9 -1 9 -1 9 -1 -2
9 -1 9 -1 -2
9 -1 9 -1 9 -1 9 -1 9 -1 9 -1 9 -1 9 -1 9 -1 -2
9 -1 -2
9 -1 9 -1 9 -1 9 -1 9 -1 9 -1 9 -1 9 -1 9 -1 9 -1 9 -1 -2
9 -1 9 -1 9 -1 9 -1 9 -1 9 -1 9 -1 9 -1 9 -1 9 -1 9 -1 9 -1 9 -1 9 -1 9 -1 -2
9 -1 9 -1 9 -1 -2
9 -1 9 -1 9 -1 9 -1 9 -1 9 -1 9 -1 -2
9 -1 9 -1 -2
9 -1 9 -1 9 -1 9 -1 9 -1 9 -1 9 -1 9 -1 -2
9 -1 -2
9 -1 9 -1 9 -1 9 -1 9 -1 9 -1 9 -1 9 -1 9 -1 9 -1 -2
9 -1 9 -1 9 -1 9 -1 9 -1 9 -1 -2
9 -1 9 -1 9 -1 9 -1 -2
9 -1 9 -1 9 -1 9 -1 -2
9 -1 9 -1 -2
9 -1 9 -1 -2
9 -1 9 -1 9 -1 9 -1 9 -1 9 -1 9 -1 9 -1 9 -1 -2
9 -1 9 -1 9 -1 9 -1 9 -1 -2
9 -1 9 -1 9 -1 9 -1 -2
9 -1 9 -1 9 -1 -2
9 -1 9 -1 -2
9 -1 9 -1 9 -1 9 -1 9 -1 9 -1 9 -1 9 -1 9 -1 9 -1 9 -1 9 -1 9 -1 9 -1 9 -1 9 -1 9 -1 9 -1 9 -1 9 -1 -2
9 -1 -2
9 -1 9 -1 9 -1 9 -1 9 -1 -2
9 -1 -2
9 -1 9 -1 9 -1 -2
9 -1 9 -1 9 -1 9 -1 9 -1 9 -1 9 -1 9 -1 9 -1 9 -1 9 -1 9 -1 -2
9 -1 9 -1 9 -1 9 -1 -2
9 -1 9 -1 9 -1 9 -1 9 -1 9 -1 9 -1 9 -1 9 -1 9 -1 -2
9 -1 9 -1 9 -1 9 -1 9 -1 -2
9 -1 9 -1 9 -1 9 -1 9 -1 9 -1 -2
9 -1 8 -1 9 -1 -2
9 -1 9 -1 9 -1 9 -1 9 -1 9 -1 9 -1 -2
9 -1 9 -1 9 -1 9 -1 -2
9 -1 9 -1 9 -1 9 -1 -2
9 -1 9 -1 9 -1 9 -1 9 -1 9 -1 -2
9 -1 9 -1 9 -1 9 -1 9 -1 -2
9 -1 9 -1 9 -1 9 -1 9 -1 9 -1 9 -1 9 -1 -2
9 -1 9 -1 9 -1 9 -1 9 -1 -2
9 -1 9 -1 9 -1 9 -1 9 -1 9 -1 9 -1 -2
9 -1 -2
9 -1 9 -1 9 -1 9 -1 9 -1 9 -1 9 -1 -2
9 -1 9 -1 9 -1 9 -1 9 -1 9 -1 9 -1 9 -1 9 -1 9 -1 9 -1 9 -1 -2
9 -1 9 -1 8 -1 9 -1 9 -1 9 -1 9 -1 -2
9 -1 9 -1 9 -1 -2
9 -1 9 -1 9 -1 9 -1 9 -1 9 -1 9 -1 9 -1 9 -1 -2
9 -1 9 -1 9 -1 9 -1 -2
9 -1 -2
9 -1 9 -1 -2
9 -1 9 -1 -2
9 -1 9 -1 9 -1 9 -1 -2
9 -1 9 -1 9 -1 9 -1 9 -1 9 -1 9 -1 9 -1 9 -1 -2
9 -1 9 -1 9 -1 9 -1 9 -1 9 -1 9 -1 9 -1 9 -1 9 -1 9 -1 -2
9 -1 9 -1 9 -1 9 -1 9 -1 9 -1 9 -1 9 -1 -2
9 -1 9 -1 9 -1 9 -1 9 -1 9 -1 9 -1 9 -1 9 -1 9 -1 9 -1 9 -1 9 -1 9 -1 9 -1 9 -1 9 -1 9 -1 9 -1 9 -1 9 -1 9 -1 9 -1 9 -1 9 -1 9 -1 -2
9 -1 9 -1 9 -1 9 -1 9 -1 9 -1 9 -1 -2
9 -1 -2
9 -1 9 -1 9 -1 9 -1 9 -1 9 -1 9 -1 -2
9 -1 9 -1 9 -1 9 -1 9 -1 -2
9 -1 9 -1 9 -1 9 -1 9 -1 9 -1 9 -1 -2
9 -1 9 -1 -2
9 -1 -2
9 -1 9 -1 9 -1 9 -1 -2
9 -1 9 -1 9 -1 9 -1 9 -1 9 -1 9 -1 9 -1 -2
9 -1 9 -1 -2
9 -1 9 -1 9 -1 9 -1 9 -1 9 -1 9 -1 9 -1 9 -1 -2
9 -1 9 -1 9 -1 9 -1 -2
9 -1 9 -1 -2
9 -1 9 -1 9 -1 9 -1 9 -1 -2
9 -1 -2
9 -1 -2
9 -1 -2
9 -1 9 -1 9 -1 9 -1 9 -1 -2
9 -1 9 -1 9 -1 9 -1 -2
9 -1 9 -1 -2
9 -1 9 -1 9 -1 9 -1 -2
9 -1 9 -1 9 -1 9 -1 9 -1 9 -1 9 -1 -2
9 -1 -2
9 -1 9 -1 -2
9 -1 9 -1 9 -1 9 -1 9 -1 -2
9 -1 9 -1 9 -1 9 -1 9 -1 9 -1 9 -1 9 -1 -2
9 -1 9 -1 9 -1 9 -1 9 -1 9 -1 9 -1 9 -1 -2
9 -1 9 -1 9 -1 -2
9 -1 9 -1 9 -1 9 -1 9 -1 9 -1 9 -1 9 -1 9 -1 9 -1 9 -1 -2
9 -1 9 -1 9 -1 9 -1 9 -1 -2
9 -1 9 -1 9 -1 9 -1 9 -1 9 -1 9 -1 9 -1 9 -1 9 -1 -2
9 -1 9 -1 9 -1 9 -1 -2
9 -1 9 -1 9 -1 9 -1 9 -1 9 -1 9 -1 9 -1 9 -1 9 -1 9 -1 9 -1 9 -1 -2
9 -1 9 -1 9 -1 9 -1 9 -1 9 -1 -2
9 -1 9 -1 9 -1 9 -1 9 -1 9 -1 9 -1 9 -1 -2
9 -1 -2
9 -1 9 -1 9 -1 9 -1 9 -1 9 -1 9 -1 9 -1 9 -1 9 -1 9 -1 -2
9 -1 9 -1 9 -1 9 -1 9 -1 9 -1 9 -1 9 -1 9 -1 9 -1 9 -1 9 -1 -2
9 -1 -2
9 -1 9 -1 -2
9 -1 -2
9 -1 9 -1 9 -1 9 -1 9 -1 -2
9 -1 9 -1 9 -1 9 -1 9 -1 9 -1 9 -1 9 -1 9 -1 9 -1 -2
9 -1 9 -1 9 -1 9 -1 9 -1 9 -1 -2
9 -1 9 -1 -2
9 -1 9 -1 9 -1 9 -1 9 -1 9 -1 9 -1 9 -1 9 -1 9 -1 9 -1 9 -1 9 -1 9 -1 -2
9 -1 9 -1 9 -1 9 -1 9 -1 9 -1 9 -1 -2
9 -1 9 -1 9 -1 9 -1 9 -1 9 -1 9 -1 9 -1 9 -1 9 -1 9 -1 -2
9 -1 -2
9 -1 9 -1 -2
9 -1 9 -1 9 -1 -2
9 -1 9 -1 9 -1 9 -1 9 -1 9 -1 -2
9 -1 9 -1 9 -1 9 -1 9 -1 9 -1 9 -1 9 -1 9 -1 9 -1 9 -1 -2
9 -1 9 -1 9 -1 9 -1 9 -1 -2
9 -1 9 -1 9 -1 9 -1 9 -1 -2
9 -1 9 -1 9 -1 9 -1 9 -1 9 -1 9 -1 9 -1 9 -1 9 -1 9 -1 9 -1 9 -1 -2
9 -1 9 -1 9 -1 9 -1 9 -1 9 -1 9 -1 9 -1 9 -1 9 -1 9 -1 9 -1 9 -1 9 -1 9 -1 9 -1 9 -1 9 -1 9 -1 9 -1 9 -1 9 -1 9 -1 9 -1 -2
9 -1 -2
9 -1 9 -1 -2
9 -1 9 -1 9 -1 9 -1 9 -1 9 -1 9 -1 9 -1 9 -1 9 -1 9 -1 -2
9 -1 9 -1 9 -1 9 -1 9 -1 9 -1 9 -1 9 -1 9 -1 9 -1 -2
9 -1 9 -1 9 -1 9 -1 9 -1 9 -1 9 -1 9 -1 9 -1 9 -1 9 -1 9 -1 9 -1 9 -1 9 -1 9 -1 9 -1 9 -1 -2
9 -1 9 -1 9 -1 9 -1 9 -1 9 -1 9 -1 9 -1 9 -1 9 -1 9 -1 -2
9 -1 9 -1 9 -1 9 -1 9 -1 9 -1 9 -1 -2
9 -1 9 -1 9 -1 9 -1 9 -1 9 -1 9 -1 9 -1 9 -1 9 -1 9 -1 9 -1 -2
9 -1 -2
9 -1 9 -1 9 -1 -2
9 -1 9 -1 9 -1 9 -1 9 -1 9 -1 9 -1 9 -1 9 -1 9 -1 -2
9 -1 9 -1 9 -1 9 -1 9 -1 9 -1 9 -1 -2
9 -1 -2
9 -1 9 -1 9 -1 -2
9 -1 9 -1 9 -1 9 -1 9 -1 9 -1 9 -1 -2
9 -1 9 -1 9 -1 9 -1 9 -1 9 -1 9 -1 -2
9 -1 9 -1 9 -1 9 -1 9 -1 9 -1 9 -1 -2
9 -1 -2
9 -1 9 -1 9 -1 9 -1 -2
9 -1 9 -1 9 -1 9 -1 9 -1 9 -1 9 -1 9 -1 9 -1 9 -1 9 -1 9 -1 9 -1 9 -1 -2
9 -1 9 -1 9 -1 9 -1 9 -1 9 -1 9 -1 -2
9 -1 9 -1 9 -1 9 -1 9 -1 -2
9 -1 9 -1 9 -1 -2
9 -1 9 -1 -2
9 -1 9 -1 9 -1 9 -1 9 -1 9 -1 9 -1 9 -1 -2
9 -1 9 -1 9 -1 9 -1 9 -1 9 -1 9 -1 9 -1 -2
9 -1 9 -1 9 -1 9 -1 9 -1 -2
9 -1 -2
9 -1 9 -1 -2
9 -1 9 -1 9 -1 9 -1 9 -1 9 -1 9 -1 -2
9 -1 9 -1 9 -1 9 -1 9 -1 9 -1 9 -1 -2
9 -1 9 -1 9 -1 9 -1 9 -1 9 -1 -2
9 -1 9 -1 9 -1 9 -1 -2
9 -1 9 -1 9 -1 9 -1 9 -1 9 -1 9 -1 -2
9 -1 9 -1 9 -1 9 -1 9 -1 9 -1 9 -1 9 -1 9 -1 9 -1 9 -1 9 -1 9 -1 9 -1 9 -1 9 -1 9 -1 9 -1 9 -1 9 -1 9 -1 9 -1 9 -1 9 -1 9 -1 9 -1 -2
9 -1 9 -1 9 -1 -2
9 -1 9 -1 9 -1 9 -1 9 -1 -2
9 -1 9 -1 9 -1 9 -1 9 -1 -2
9 -1 9 -1 9 -1 9 -1 -2
9 -1 9 -1 9 -1 -2
9 -1 9 -1 -2
9 -1 9 -1 9 -1 9 -1 9 -1 9 -1 9 -1 9 -1 9 -1 9 -1 -2
9 -1 9 -1 9 -1 9 -1 9 -1 9 -1 9 -1 9 -1 9 -1 9 -1 9 -1 -2
9 -1 9 -1 9 -1 9 -1 9 -1 9 -1 -2
9 -1 9 -1 9 -1 9 -1 9 -1 9 -1 9 -1 9 -1 9 -1 -2
9 -1 9 -1 -2
9 -1 9 -1 -2
9 -1 9 -1 9 -1 9 -1 9 -1 -2
9 -1 -2
9 -1 9 -1 9 -1 9 -1 9 -1 9 -1 9 -1 9 -1 9 -1 9 -1 9 -1 9 -1 9 -1 9 -1 9 -1 9 -1 -2
9 -1 9 -1 9 -1 9 -1 9 -1 9 -1 9 -1 9 -1 9 -1 9 -1 -2
9 -1 9 -1 9 -1 9 -1 9 -1 9 -1 9 -1 9 -1 9 -1 9 -1 9 -1 9 -1 9 -1 9 -1 9 -1 9 -1 9 -1 9 -1 9 -1 9 -1 9 -1 9 -1 9 -1 9 -1 9 -1 -2
9 -1 9 -1 9 -1 9 -1 9 -1 9 -1 9 -1 9 -1 9 -1 9 -1 9 -1 9 -1 9 -1 -2
9 -1 9 -1 9 -1 9 -1 9 -1 -2
9 -1 -2
9 -1 9 -1 9 -1 9 -1 9 -1 9 -1 9 -1 -2
9 -1 9 -1 9 -1 9 -1 9 -1 9 -1 -2
9 -1 -2
9 -1 9 -1 9 -1 9 -1 9 -1 9 -1 9 -1 9 -1 -2
9 -1 9 -1 9 -1 9 -1 9 -1 9 -1 9 -1 9 -1 9 -1 9 -1 -2
9 -1 9 -1 9 -1 9 -1 9 -1 9 -1 9 -1 9 -1 9 -1 9 -1 9 -1 -2
9 -1 9 -1 9 -1 9 -1 9 -1 9 -1 8 -1 -2
9 -1 9 -1 9 -1 9 -1 9 -1 -2
9 -1 9 -1 9 -1 9 -1 9 -1 9 -1 9 -1 9 -1 -2
9 -1 9 -1 9 -1 9 -1 -2
9 -1 -2
9 -1 9 -1 9 -1 9 -1 9 -1 -2
9 -1 9 -1 9 -1 9 -1 -2
9 -1 -2
9 -1 9 -1 9 -1 9 -1 9 -1 9 -1 9 -1 9 -1 9 -1 9 -1 9 -1 9 -1 9 -1 9 -1 -2
9 -1 9 -1 9 -1 9 -1 9 -1 9 -1 9 -1 9 -1 9 -1 9 -1 9 -1 -2
9 -1 9 -1 9 -1 -2
9 -1 -2
9 -1 9 -1 9 -1 9 -1 9 -1 9 -1 9 -1 -2
9 -1 -2
9 -1 9 -1 9 -1 9 -1 9 -1 9 -1 9 -1 -2
9 -1 9 -1 9 -1 9 -1 9 -1 9 -1 9 -1 9 -1 9 -1 9 -1 9 -1 -2
9 -1 -2
9 -1 9 -1 9 -1 9 -1 9 -1 9 -1 9 -1 9 -1 9 -1 9 -1 9 -1 9 -1 9 -1 -2
9 -1 9 -1 9 -1 9 -1 9 -1 -2
9 -1 -2
9 -1 9 -1 9 -1 9 -1 -2
9 -1 9 -1 9 -1 9 -1 9 -1 9 -1 9 -1 9 -1 9 -1 -2
9 -1 9 -1 9 -1 9 -1 9 -1 9 -1 9 -1 -2
9 -1 -2
9 -1 9 -1 9 -1 9 -1 9 -1 9 -1 9 -1 9 -1 9 -1 9 -1 -2
9 -1 9 -1 9 -1 9 -1 -2
9 -1 9 -1 9 -1 9 -1 9 -1 9 -1 9 -1 9 -1 9 -1 9 -1 9 -1 -2
9 -1 9 -1 9 -1 -2
9 -1 -2
9 -1 9 -1 9 -1 9 -1 9 -1 -2
9 -1 9 -1 9 -1 -2
9 -1 9 -1 9 -1 9 -1 -2
9 -1 9 -1 -2
9 -1 9 -1 9 -1 9 -1 9 -1 9 -1 9 -1 9 -1 9 -1 -2
9 -1 9 -1 9 -1 9 -1 9 -1 9 -1 9 -1 9 -1 9 -1 9 -1 9 -1 9 -1 9 -1 9 -1 9 -1 9 -1 9 -1 9 -1 9 -1 9 -1 9 -1 9 -1 -2
9 -1 9 -1 9 -1 9 -1 9 -1 9 -1 9 -1 -2
9 -1 9 -1 9 -1 9 -1 -2
9 -1 9 -1 -2
9 -1 9 -1 9 -1 9 -1 9 -1 9 -1 9 -1 9 -1 9 -1 9 -1 9 -1 -2
9 -1 9 -1 9 -1 9 -1 9 -1 9 -1 9 -1 9 -1 9 -1 -2
9 -1 9 -1 9 -1 9 -1 -2
9 -1 9 -1 9 -1 9 -1 9 -1 9 -1 9 -1 9 -1 9 -1 9 -1 -2
9 -1 9 -1 9 -1 9 -1 9 -1 -2
9 -1 9 -1 9 -1 9 -1 9 -1 9 -1 9 -1 9 -1 -2
9 -1 9 -1 9 -1 9 -1 -2
9 -1 -2
9 -1 9 -1 9 -1 9 -1 9 -1 9 -1 9 -1 9 -1 9 -1 9 -1 9 -1 9 -1 9 -1 9 -1 9 -1 9 -1 9 -1 9 -1 9 -1 9 -1 -2
9 -1 9 -1 9 -1 9 -1 -2
9 -1 9 -1 9 -1 9 -1 9 -1 9 -1 9 -1 9 -1 -2
9 -1 -2
9 -1 9 -1 9 -1 9 -1 9 -1 9 -1 9 -1 9 -1 9 -1 -2
9 -1 9 -1 9 -1 9 -1 -2
9 -1 9 -1 9 -1 9 -1 9 -1 9 -1 9 -1 9 -1 9 -1 9 -1 -2
9 -1 9 -1 9 -1 -2
9 -1 9 -1 9 -1 9 -1 9 -1 9 -1 9 -1 9 -1 9 -1 9 -1 9 -1 -2
9 -1 9 -1 9 -1 9 -1 9 -1 9 -1 9 -1 9 -1 9 -1 9 -1 9 -1 -2
9 -1 9 -1 9 -1 9 -1 9 -1 9 -1 9 -1 -2
9 -1 9 -1 9 -1 9 -1 9 -1 -2
9 -1 9 -1 9 -1 9 -1 9 -1 9 -1 9 -1 9 -1 9 -1 9 -1 9 -1 9 -1 9 -1 -2
9 -1 9 -1 9 -1 -2
9 -1 9 -1 9 -1 9 -1 9 -1 9 -1 9 -1 9 -1 9 -1 9 -1 9 -1 -2
9 -1 9 -1 9 -1 9 -1 9 -1 9 -1 9 -1 9 -1 9 -1 9 -1 -2
9 -1 9 -1 9 -1 9 -1 9 -1 9 -1 9 -1 9 -1 9 -1 8 -1 8 -1 -2
9 -1 9 -1 -2
9 -1 9 -1 9 -1 9 -1 9 -1 9 -1 -2
9 -1 -2
9 -1 9 -1 -2
9 -1 -2
9 -1 9 -1 9 -1 9 -1 9 -1 9 -1 9 -1 -2
9 -1 9 -1 9 -1 9 -1 9 -1 9 -1 9 -1 9 -1 9 -1 9 -1 9 -1 9 -1 9 -1 -2
9 -1 9 -1 9 -1 8 -1 9 -1 9 -1 9 -1 -2
9 -1 -2
9 -1 9 -1 -2
9 -1 -2
9 -1 9 -1 9 -1 9 -1 -2
9 -1 -2
9 -1 9 -1 9 -1 9 -1 9 -1 -2
9 -1 9 -1 9 -1 -2
9 -1 9 -1 9 -1 9 -1 -2
9 -1 -2
8 -1 9 -1 9 -1 9 -1 9 -1 9 -1 -2
9 -1 9 -1 9 -1 9 -1 9 -1 9 -1 9 -1 9 -1 9 -1 9 -1 9 -1 9 -1 9 -1 9 -1 9 -1 9 -1 9 -1 9 -1 -2
9 -1 9 -1 -2
9 -1 9 -1 9 -1 9 -1 9 -1 -2
9 -1 9 -1 9 -1 9 -1 -2
9 -1 9 -1 -2
9 -1 9 -1 9 -1 9 -1 9 -1 9 -1 9 -1 9 -1 9 -1 9 -1 9 -1 9 -1 -2
9 -1 9 -1 9 -1 9 -1 9 -1 9 -1 9 -1 -2
9 -1 9 -1 9 -1 9 -1 9 -1 9 -1 9 -1 -2
9 -1 9 -1 -2
9 -1 9 -1 9 -1 9 -1 9 -1 9 -1 -2
9 -1 9 -1 9 -1 9 -1 9 -1 9 -1 9 -1 9 -1 9 -1 9 -1 9 -1 9 -1 -2
9 -1 -2
9 -1 9 -1 9 -1 9 -1 9 -1 9 -1 -2
9 -1 9 -1 9 -1 9 -1 9 -1 9 -1 9 -1 9 -1 9 -1 9 -1 9 -1 -2
9 -1 9 -1 9 -1 9 -1 -2
9 -1 9 -1 9 -1 -2
9 -1 9 -1 9 -1 9 -1 9 -1 9 -1 9 -1 9 -1 9 -1 9 -1 -2
9 -1 9 -1 9 -1 9 -1 9 -1 9 -1 9 -1 -2
9 -1 9 -1 9 -1 9 -1 9 -1 9 -1 -2
9 -1 9 -1 9 -1 9 -1 -2
9 -1 9 -1 9 -1 9 -1 9 -1 9 -1 9 -1 9 -1 9 -1 9 -1 9 -1 9 -1 9 -1 9 -1 9 -1 9 -1 -2
9 -1 -2
9 -1 -2
9 -1 9 -1 9 -1 9 -1 -2
9 -1 9 -1 9 -1 9 -1 9 -1 9 -1 9 -1 9 -1 9 -1 9 -1 9 -1 9 -1 9 -1 -2
9 -1 9 -1 9 -1 9 -1 9 -1 9 -1 9 -1 9 -1 -2
9 -1 9 -1 9 -1 9 -1 9 -1 9 -1 -2
9 -1 9 -1 9 -1 9 -1 9 -1 -2
9 -1 9 -1 9 -1 9 -1 -2
9 -1 -2
9 -1 -2
9 -1 9 -1 9 -1 9 -1 -2
9 -1 9 -1 9 -1 9 -1 9 -1 9 -1 9 -1 9 -1 9 -1 9 -1 9 -1 9 -1 -2
9 -1 9 -1 9 -1 9 -1 9 -1 9 -1 9 -1 9 -1 9 -1 9 -1 9 -1 9 -1 -2
9 -1 9 -1 9 -1 9 -1 9 -1 9 -1 9 -1 9 -1 9 -1 9 -1 9 -1 9 -1 9 -1 9 -1 9 -1 9 -1 9 -1 9 -1 -2
9 -1 9 -1 9 -1 9 -1 9 -1 9 -1 -2
9 -1 -2
9 -1 9 -1 9 -1 9 -1 9 -1 -2
8 -1 8 -1 8 -1 8 -1 8 -1 8 -1 9 -1 9 -1 9 -1 9 -1 9 -1 -2
9 -1 9 -1 9 -1 9 -1 -2
9 -1 9 -1 9 -1 9 -1 -2
9 -1 9 -1 -2
9 -1 9 -1 9 -1 9 -1 9 -1 9 -1 9 -1 9 -1 9 -1 9 -1 9 -1 9 -1 9 -1 9 -1 9 -1 -2
9 -1 9 -1 9 -1 9 -1 9 -1 9 -1 9 -1 9 -1 9 -1 9 -1 9 -1 9 -1 9 -1 -2
9 -1 9 -1 9 -1 9 -1 9 -1 9 -1 9 -1 9 -1 9 -1 -2
9 -1 9 -1 -2
9 -1 9 -1 9 -1 9 -1 -2
9 -1 9 -1 9 -1 9 -1 -2
9 -1 9 -1 9 -1 9 -1 9 -1 9 -1 9 -1 -2
9 -1 9 -1 9 -1 9 -1 9 -1 9 -1 -2
9 -1 9 -1 9 -1 9 -1 -2
9 -1 9 -1 -2
9 -1 -2
9 -1 9 -1 9 -1 -2
9 -1 9 -1 9 -1 9 -1 9 -1 -2
9 -1 9 -1 -2
9 -1 9 -1 -2
9 -1 9 -1 9 -1 9 -1 9 -1 -2
9 -1 9 -1 9 -1 9 -1 9 -1 9 -1 9 -1 -2
9 -1 9 -1 -2
9 -1 9 -1 9 -1 9 -1 9 -1 9 -1 -2
9 -1 9 -1 9 -1 -2
9 -1 9 -1 9 -1 -2
9 -1 8 -1 8 -1 -2
9 -1 9 -1 9 -1 9 -1 9 -1 9 -1 9 -1 9 -1 9 -1 9 -1 9 -1 -2
9 -1 9 -1 9 -1 9 -1 9 -1 7 -1 -2
9 -1 9 -1 9 -1 9 -1 9 -1 9 -1 -2
9 -1 9 -1 9 -1 9 -1 9 -1 9 -1 9 -1 -2
9 -1 9 -1 9 -1 9 -1 -2
9 -1 9 -1 9 -1 9 -1 9 -1 9 -1 -2
9 -1 9 -1 9 -1 -2
9 -1 9 -1 9 -1 8 -1 9 -1 9 -1 9 -1 -2
9 -1 9 -1 9 -1 9 -1 9 -1 -2
9 -1 9 -1 9 -1 9 -1 9 -1 9 -1 9 -1 9 -1 9 -1 9 -1 -2
9 -1 9 -1 9 -1 9 -1 9 -1 9 -1 9 -1 9 -1 9 -1 9 -1 9 -1 9 -1 9 -1 9 -1 9 -1 -2
9 -1 9 -1 9 -1 -2
9 -1 9 -1 9 -1 9 -1 -2
9 -1 9 -1 -2
9 -1 9 -1 9 -1 9 -1 9 -1 9 -1 9 -1 9 -1 9 -1 9 -1 9 -1 9 -1 9 -1 9 -1 -2
9 -1 9 -1 9 -1 9 -1 9 -1 9 -1 9 -1 9 -1 9 -1 9 -1 -2
9 -1 9 -1 -2
9 -1 -2
9 -1 -2
9 -1 9 -1 9 -1 9 -1 9 -1 9 -1 9 -1 9 -1 9 -1 9 -1 -2
9 -1 9 -1 9 -1 9 -1 9 -1 9 -1 9 -1 -2
9 -1 -2
9 -1 9 -1 9 -1 9 -1 9 -1 9 -1 9 -1 9 -1 9 -1 9 -1 9 -1 9 -1 -2
9 -1 9 -1 9 -1 9 -1 9 -1 -2
9 -1 9 -1 9 -1 -2
9 -1 9 -1 9 -1 9 -1 9 -1 9 -1 9 -1 -2
9 -1 9 -1 9 -1 9 -1 9 -1 9 -1 9 -1 9 -1 9 -1 9 -1 9 -1 -2
9 -1 9 -1 9 -1 9 -1 9 -1 9 -1 9 -1 9 -1 9 -1 9 -1 -2
9 -1 9 -1 9 -1 -2
9 -1 9 -1 -2
9 -1 9 -1 9 -1 9 -1 -2
9 -1 9 -1 9 -1 9 -1 9 -1 -2
9 -1 9 -1 -2
9 -1 9 -1 9 -1 9 -1 9 -1 9 -1 9 -1 -2
9 -1 9 -1 9 -1 9 -1 9 -1 9 -1 9 -1 9 -1 -2
9 -1 9 -1 9 -1 9 -1 -2
9 -1 9 -1 9 -1 9 -1 9 -1 9 -1 9 -1 9 -1 9 -1 9 -1 9 -1 9 -1 9 -1 9 -1 -2
9 -1 9 -1 9 -1 9 -1 9 -1 9 -1 9 -1 -2
9 -1 8 -1 -2
9 -1 9 -1 9 -1 9 -1 9 -1 9 -1 9 -1 9 -1 9 -1 9 -1 9 -1 -2
9 -1 9 -1 -2
9 -1 9 -1 9 -1 9 -1 -2
9 -1 -2
9 -1 9 -1 9 -1 9 -1 9 -1 -2
9 -1 9 -1 9 -1 9 -1 9 -1 9 -1 9 -1 9 -1 9 -1 9 -1 9 -1 9 -1 9 -1 9 -1 9 -1 9 -1 9 -1 9 -1 9 -1 -2
9 -1 9 -1 9 -1 9 -1 9 -1 9 -1 9 -1 9 -1 -2
9 -1 9 -1 9 -1 9 -1 -2
9 -1 -2
9 -1 9 -1 9 -1 9 -1 9 -1 9 -1 9 -1 9 -1 9 -1 9 -1 9 -1 -2
9 -1 9 -1 9 -1 9 -1 9 -1 9 -1 9 -1 9 -1 9 -1 -2
9 -1 9 -1 9 -1 9 -1 9 -1 9 -1 9 -1 9 -1 9 -1 9 -1 -2
9 -1 9 -1 9 -1 9 -1 9 -1 -2
9 -1 9 -1 9 -1 9 -1 9 -1 9 -1 9 -1 9 -1 -2
9 -1 9 -1 9 -1 9 -1 9 -1 9 -1 9 -1 9 -1 9 -1 9 -1 9 -1 9 -1 9 -1 -2
9 -1 9 -1 9 -1 9 -1 -2
9 -1 9 -1 9 -1 -2
9 -1 9 -1 9 -1 9 -1 -2
9 -1 9 -1 9 -1 9 -1 9 -1 9 -1 9 -1 9 -1 9 -1 9 -1 9 -1 -2
9 -1 9 -1 9 -1 9 -1 -2
9 -1 9 -1 9 -1 9 -1 9 -1 -2
9 -1 9 -1 9 -1 9 -1 9 -1 9 -1 9 -1 9 -1 9 -1 9 -1 9 -1 -2
9 -1 9 -1 9 -1 9 -1 9 -1 9 -1 9 -1 -2
9 -1 9 -1 -2
9 -1 9 -1 9 -1 9 -1 9 -1 9 -1 9 -1 9 -1 9 -1 9 -1 -2
9 -1 9 -1 9 -1 9 -1 9 -1 9 -1 9 -1 -2
9 -1 -2
9 -1 9 -1 -2
9 -1 9 -1 9 -1 9 -1 -2
9 -1 9 -1 9 -1 9 -1 -2
9 -1 9 -1 -2
9 -1 9 -1 9 -1 9 -1 9 -1 9 -1 9 -1 9 -1 -2
9 -1 9 -1 9 -1 9 -1 9 -1 9 -1 9 -1 8 -1 9 -1 9 -1 -2
9 -1 9 -1 9 -1 9 -1 9 -1 9 -1 9 -1 9 -1 9 -1 9 -1 9 -1 -2
9 -1 9 -1 9 -1 9 -1 -2
9 -1 -2
9 -1 -2
9 -1 9 -1 9 -1 9 -1 9 -1 9 -1 9 -1 9 -1 -2
9 -1 9 -1 9 -1 9 -1 9 -1 9 -1 9 -1 -2
9 -1 -2
9 -1 9 -1 -2
9 -1 9 -1 -2
9 -1 9 -1 9 -1 9 -1 9 -1 9 -1 9 -1 9 -1 -2
9 -1 9 -1 9 -1 -2
9 -1 -2
9 -1 9 -1 9 -1 9 -1 9 -1 9 -1 -2
9 -1 9 -1 -2
9 -1 -2
9 -1 9 -1 9 -1 9 -1 9 -1 9 -1 9 -1 -2
9 -1 9 -1 9 -1 9 -1 9 -1 9 -1 9 -1 -2
9 -1 -2
9 -1 9 -1 9 -1 9 -1 9 -1 9 -1 9 -1 9 -1 9 -1 9 -1 9 -1 -2
9 -1 9 -1 9 -1 9 -1 9 -1 -2
9 -1 9 -1 9 -1 9 -1 9 -1 9 -1 9 -1 9 -1 9 -1 9 -1 9 -1 -2
9 -1 9 -1 9 -1 9 -1 9 -1 9 -1 9 -1 9 -1 9 -1 -2
9 -1 9 -1 9 -1 9 -1 9 -1 -2
9 -1 9 -1 9 -1 9 -1 9 -1 -2
9 -1 9 -1 9 -1 9 -1 9 -1 9 -1 9 -1 -2
9 -1 9 -1 9 -1 9 -1 9 -1 -2
9 -1 9 -1 9 -1 -2
9 -1 9 -1 9 -1 9 -1 9 -1 9 -1 9 -1 9 -1 9 -1 9 -1 9 -1 9 -1 -2
9 -1 9 -1 9 -1 -2
9 -1 9 -1 9 -1 9 -1 9 -1 9 -1 9 -1 9 -1 9 -1 9 -1 9 -1 -2
9 -1 9 -1 9 -1 9 -1 9 -1 9 -1 9 -1 9 -1 9 -1 -2
9 -1 9 -1 9 -1 9 -1 9 -1 9 -1 9 -1 9 -1 -2
9 -1 -2
9 -1 -2
9 -1 9 -1 9 -1 9 -1 -2
9 -1 9 -1 9 -1 -2
9 -1 9 -1 -2
9 -1 9 -1 9 -1 9 -1 9 -1 9 -1 -2
9 -1 9 -1 9 -1 9 -1 9 -1 9 -1 9 -1 9 -1 -2
9 -1 -2
9 -1 9 -1 9 -1 9 -1 9 -1 9 -1 -2
9 -1 9 -1 9 -1 -2
9 -1 9 -1 9 -1 9 -1 9 -1 9 -1 9 -1 -2
9 -1 9 -1 9 -1 9 -1 9 -1 9 -1 9 -1 9 -1 9 -1 9 -1 9 -1 -2
9 -1 9 -1 9 -1 -2
9 -1 -2
9 -1 9 -1 9 -1 9 -1 9 -1 9 -1 9 -1 9 -1 9 -1 9 -1 9 -1 9 -1 9 -1 9 -1 9 -1 -2
9 -1 9 -1 9 -1 9 -1 9 -1 9 -1 9 -1 9 -1 9 -1 9 -1 9 -1 -2
9 -1 9 -1 9 -1 9 -1 9 -1 9 -1 9 -1 9 -1 9 -1 9 -1 -2
9 -1 9 -1 9 -1 9 -1 9 -1 9 -1 -2
9 -1 9 -1 9 -1 9 -1 9 -1 9 -1 9 -1 9 -1 9 -1 9 -1 9 -1 9 -1 -2
9 -1 9 -1 9 -1 -2
9 -1 -2
9 -1 9 -1 9 -1 9 -1 9 -1 9 -1 9 -1 9 -1 9 -1 9 -1 9 -1 9 -1 9 -1 -2
9 -1 9 -1 9 -1 9 -1 9 -1 9 -1 9 -1 9 -1 9 -1 9 -1 -2
9 -1 9 -1 9 -1 9 -1 9 -1 9 -1 9 -1 9 -1 9 -1 -2
9 -1 9 -1 -2
9 -1 -2
9 -1 9 -1 9 -1 9 -1 9 -1 -2
9 -1 9 -1 9 -1 9 -1 9 -1 9 -1 9 -1 9 -1 9 -1 9 -1 9 -1 -2
9 -1 -2
9 -1 9 -1 9 -1 9 -1 9 -1 9 -1 9 -1 -2
9 -1 9 -1 9 -1 9 -1 9 -1 9 -1 -2
9 -1 9 -1 -2
9 -1 9 -1 9 -1 9 -1 9 -1 9 -1 -2
9 -1 9 -1 -2
9 -1 9 -1 9 -1 9 -1 9 -1 9 -1 9 -1 9 -1 9 -1 9 -1 -2
9 -1 9 -1 9 -1 9 -1 9 -1 9 -1 -2
9 -1 9 -1 9 -1 9 -1 -2
9 -1 9 -1 9 -1 9 -1 9 -1 9 -1 9 -1 9 -1 9 -1 9 -1 9 -1 9 -1 9 -1 9 -1 9 -1 -2
9 -1 9 -1 9 -1 9 -1 9 -1 9 -1 9 -1 9 -1 9 -1 9 -1 -2
9 -1 9 -1 9 -1 9 -1 9 -1 9 -1 -2
9 -1 9 -1 9 -1 9 -1 9 -1 -2
9 -1 9 -1 9 -1 9 -1 9 -1 9 -1 9 -1 -2
9 -1 9 -1 9 -1 -2
9 -1 9 -1 9 -1 9 -1 9 -1 9 -1 9 -1 9 -1 9 -1 9 -1 9 -1 -2
9 -1 9 -1 9 -1 9 -1 9 -1 9 -1 9 -1 9 -1 9 -1 9 -1 -2
9 -1 9 -1 9 -1 9 -1 9 -1 9 -1 9 -1 9 -1 -2
9 -1 9 -1 9 -1 9 -1 9 -1 -2
9 -1 9 -1 9 -1 9 -1 9 -1 9 -1 9 -1 9 -1 9 -1 9 -1 -2
9 -1 9 -1 9 -1 9 -1 9 -1 -2
9 -1 9 -1 9 -1 9 -1 9 -1 9 -1 -2
9 -1 9 -1 9 -1 9 -1 9 -1 9 -1 9 -1 9 -1 9 -1 9 -1 9 -1 -2
9 -1 9 -1 9 -1 9 -1 9 -1 9 -1 9 -1 9 -1 9 -1 -2
9 -1 9 -1 9 -1 9 -1 9 -1 -2
9 -1 9 -1 -2
9 -1 -2
9 -1 -2
9 -1 9 -1 9 -1 -2
9 -1 9 -1 9 -1 9 -1 -2
9 -1 9 -1 9 -1 9 -1 9 -1 9 -1 9 -1 9 -1 9 -1 9 -1 9 -1 9 -1 9 -1 9 -1 9 -1 -2
9 -1 -2
9 -1 9 -1 9 -1 9 -1 9 -1 9 -1 9 -1 9 -1 9 -1 -2
9 -1 9 -1 9 -1 9 -1 9 -1 9 -1 -2
9 -1 9 -1 9 -1 9 -1 9 -1 9 -1 9 -1 9 -1 9 -1 -2
9 -1 9 -1 9 -1 9 -1 9 -1 9 -1 9 -1 9 -1 -2
9 -1 9 -1 9 -1 9 -1 -2
9 -1 9 -1 9 -1 9 -1 -2
9 -1 9 -1 -2
9 -1 9 -1 9 -1 9 -1 9 -1 9 -1 9 -1 9 -1 9 -1 9 -1 -2
9 -1 -2
9 -1 9 -1 9 -1 9 -1 -2
9 -1 9 -1 9 -1 9 -1 9 -1 9 -1 9 -1 9 -1 9 -1 9 -1 9 -1 9 -1 9 -1 9 -1 9 -1 9 -1 9 -1 9 -1 9 -1 9 -1 9 -1 9 -1 -2
9 -1 9 -1 9 -1 9 -1 9 -1 9 -1 9 -1 -2
9 -1 9 -1 9 -1 -2
9 -1 9 -1 -2
9 -1 9 -1 9 -1 9 -1 9 -1 9 -1 9 -1 9 -1 9 -1 9 -1 9 -1 -2
9 -1 9 -1 9 -1 9 -1 9 -1 9 -1 9 -1 9 -1 9 -1 9 -1 9 -1 9 -1 -2
9 -1 9 -1 9 -1 9 -1 9 -1 9 -1 9 -1 9 -1 9 -1 9 -1 9 -1 -2
9 -1 9 -1 9 -1 9 -1 9 -1 8 -1 -2
9 -1 9 -1 9 -1 9 -1 9 -1 9 -1 9 -1 9 -1 9 -1 9 -1 9 -1 9 -1 9 -1 -2
9 -1 -2
9 -1 9 -1 9 -1 9 -1 9 -1 9 -1 9 -1 9 -1 9 -1 -2
9 -1 9 -1 -2
9 -1 9 -1 -2
9 -1 9 -1 -2
9 -1 9 -1 9 -1 9 -1 -2
9 -1 9 -1 9 -1 9 -1 9 -1 9 -1 -2
9 -1 9 -1 9 -1 9 -1 9 -1 9 -1 9 -1 -2
9 -1 9 -1 9 -1 -2
9 -1 9 -1 9 -1 9 -1 9 -1 9 -1 9 -1 -2
9 -1 9 -1 9 -1 9 -1 9 -1 9 -1 9 -1 9 -1 9 -1 9 -1 9 -1 9 -1 -2
9 -1 -2
9 -1 9 -1 9 -1 -2
9 -1 9 -1 9 -1 -2
9 -1 -2
9 -1 9 -1 9 -1 9 -1 9 -1 9 -1 9 -1 9 -1 -2
9 -1 9 -1 -2
9 -1 9 -1 9 -1 9 -1 9 -1 9 -1 9 -1 9 -1 -2
9 -1 9 -1 9 -1 9 -1 9 -1 9 -1 -2
9 -1 9 -1 9 -1 9 -1 9 -1 9 -1 9 -1 9 -1 9 -1 9 -1 -2
9 -1 9 -1 9 -1 9 -1 9 -1 9 -1 9 -1 9 -1 9 -1 9 -1 9 -1 9 -1 9 -1 -2
9 -1 9 -1 9 -1 9 -1 9 -1 9 -1 9 -1 9 -1 9 -1 9 -1 9 -1 9 -1 -2
9 -1 9 -1 9 -1 9 -1 9 -1 9 -1 9 -1 -2
9 -1 9 -1 9 -1 9 -1 9 -1 9 -1 9 -1 9 -1 9 -1 -2
9 -1 9 -1 9 -1 9 -1 -2
9 -1 -2
9 -1 9 -1 9 -1 9 -1 9 -1 9 -1 -2
9 -1 9 -1 9 -1 9 -1 9 -1 9 -1 9 -1 9 -1 -2
9 -1 9 -1 9 -1 9 -1 9 -1 9 -1 9 -1 9 -1 9 -1 9 -1 9 -1 9 -1 -2
9 -1 -2
9 -1 9 -1 9 -1 9 -1 9 -1 9 -1 9 -1 9 -1 9 -1 9 -1 9 -1 -2
9 -1 9 -1 9 -1 9 -1 9 -1 9 -1 9 -1 -2
9 -1 9 -1 9 -1 -2
9 -1 9 -1 9 -1 9 -1 9 -1 9 -1 9 -1 9 -1 9 -1 9 -1 9 -1 -2
9 -1 9 -1 9 -1 9 -1 9 -1 9 -1 9 -1 9 -1 9 -1 9 -1 9 -1 9 -1 9 -1 9 -1 9 -1 9 -1 9 -1 9 -1 9 -1 -2
9 -1 9 -1 9 -1 9 -1 -2
9 -1 9 -1 9 -1 9 -1 -2
9 -1 9 -1 9 -1 9 -1 -2
9 -1 9 -1 9 -1 9 -1 9 -1 -2
9 -1 9 -1 -2
9 -1 9 -1 9 -1 9 -1 9 -1 9 -1 -2
9 -1 9 -1 9 -1 9 -1 9 -1 9 -1 9 -1 9 -1 9 -1 9 -1 9 -1 -2
9 -1 9 -1 9 -1 9 -1 9 -1 9 -1 9 -1 9 -1 9 -1 9 -1 9 -1 9 -1 9 -1 9 -1 9 -1 9 -1 9 -1 -2
9 -1 9 -1 9 -1 9 -1 9 -1 9 -1 9 -1 -2
9 -1 9 -1 9 -1 9 -1 9 -1 9 -1 9 -1 9 -1 9 -1 9 -1 -2
9 -1 9 -1 9 -1 9 -1 9 -1 9 -1 9 -1 9 -1 9 -1 9 -1 9 -1 9 -1 -2
9 -1 9 -1 9 -1 9 -1 9 -1 9 -1 9 -1 9 -1 9 -1 9 -1 -2
9 -1 9 -1 9 -1 9 -1 -2
8 -1 9 -1 9 -1 9 -1 9 -1 9 -1 9 -1 9 -1 -2
9 -1 -2
9 -1 9 -1 9 -1 9 -1 9 -1 9 -1 9 -1 9 -1 9 -1 9 -1 -2
9 -1 9 -1 9 -1 -2
9 -1 9 -1 9 -1 9 -1 9 -1 9 -1 9 -1 9 -1 9 -1 9 -1 9 -1 9 -1 -2
9 -1 9 -1 -2
9 -1 9 -1 9 -1 9 -1 9 -1 9 -1 9 -1 9 -1 9 -1 9 -1 9 -1 9 -1 9 -1 9 -1 9 -1 -2
9 -1 9 -1 9 -1 9 -1 9 -1 9 -1 9 -1 9 -1 9 -1 9 -1 9 -1 -2
9 -1 9 -1 9 -1 9 -1 9 -1 9 -1 9 -1 9 -1 -2
9 -1 -2
9 -1 9 -1 9 -1 9 -1 9 -1 9 -1 9 -1 9 -1 9 -1 -2
9 -1 9 -1 9 -1 -2
9 -1 9 -1 9 -1 9 -1 9 -1 9 -1 9 -1 9 -1 9 -1 9 -1 9 -1 9 -1 9 -1 9 -1 9 -1 9 -1 9 -1 9 -1 9 -1 8 -1 9 -1 -2
9 -1 9 -1 -2
9 -1 -2
9 -1 9 -1 9 -1 9 -1 9 -1 9 -1 9 -1 9 -1 9 -1 -2
9 -1 9 -1 9 -1 9 -1 -2
9 -1 9 -1 9 -1 9 -1 9 -1 9 -1 9 -1 9 -1 9 -1 -2
9 -1 9 -1 9 -1 -2
9 -1 9 -1 9 -1 9 -1 9 -1 9 -1 9 -1 9 -1 9 -1 9 -1 9 -1 9 -1 9 -1 9 -1 9 -1 9 -1 -2
9 -1 9 -1 9 -1 9 -1 -2
9 -1 9 -1 9 -1 9 -1 9 -1 9 -1 -2
9 -1 9 -1 9 -1 9 -1 9 -1 -2
9 -1 9 -1 9 -1 9 -1 9 -1 9 -1 9 -1 9 -1 9 -1 9 -1 -2
9 -1 9 -1 9 -1 9 -1 9 -1 9 -1 9 -1 -2
9 -1 9 -1 9 -1 9 -1 -2
9 -1 9 -1 9 -1 9 -1 9 -1 9 -1 -2
9 -1 9 -1 9 -1 9 -1 -2
9 -1 9 -1 9 -1 9 -1 9 -1 9 -1 9 -1 9 -1 9 -1 9 -1 -2
9 -1 9 -1 9 -1 9 -1 9 -1 9 -1 9 -1 -2
9 -1 9 -1 9 -1 9 -1 9 -1 9 -1 9 -1 9 -1 -2
9 -1 9 -1 9 -1 9 -1 9 -1 9 -1 9 -1 9 -1 9 -1 9 -1 -2
9 -1 9 -1 9 -1 9 -1 9 -1 9 -1 9 -1 9 -1 9 -1 -2
9 -1 9 -1 -2
9 -1 9 -1 9 -1 9 -1 9 -1 9 -1 9 -1 9 -1 9 -1 9 -1 9 -1 -2
9 -1 9 -1 9 -1 9 -1 9 -1 -2
9 -1 9 -1 9 -1 9 -1 9 -1 9 -1 9 -1 -2
9 -1 9 -1 9 -1 9 -1 9 -1 9 -1 9 -1 9 -1 9 -1 9 -1 9 -1 9 -1 -2
9 -1 -2
9 -1 9 -1 9 -1 9 -1 -2
9 -1 9 -1 9 -1 9 -1 9 -1 9 -1 9 -1 9 -1 9 -1 9 -1 9 -1 9 -1 -2
9 -1 -2
9 -1 9 -1 9 -1 9 -1 9 -1 9 -1 9 -1 9 -1 -2
9 -1 9 -1 9 -1 9 -1 9 -1 9 -1 9 -1 -2
9 -1 9 -1 9 -1 -2
9 -1 9 -1 9 -1 -2
9 -1 9 -1 9 -1 9 -1 -2
9 -1 9 -1 9 -1 -2
9 -1 9 -1 9 -1 9 -1 9 -1 -2
9 -1 -2
9 -1 9 -1 9 -1 9 -1 9 -1 9 -1 9 -1 9 -1 9 -1 9 -1 -2
9 -1 9 -1 9 -1 9 -1 9 -1 9 -1 9 -1 9 -1 9 -1 9 -1 9 -1 9 -1 9 -1 -2
9 -1 9 -1 9 -1 9 -1 9 -1 -2
9 -1 9 -1 9 -1 -2
9 -1 9 -1 9 -1 9 -1 9 -1 9 -1 9 -1 9 -1 9 -1 -2
9 -1 9 -1 9 -1 9 -1 9 -1 9 -1 9 -1 9 -1 -2
9 -1 9 -1 9 -1 9 -1 9 -1 9 -1 9 -1 9 -1 -2
9 -1 9 -1 9 -1 9 -1 9 -1 9 -1 9 -1 9 -1 9 -1 9 -1 9 -1 -2
9 -1 9 -1 9 -1 9 -1 9 -1 9 -1 -2
9 -1 9 -1 9 -1 9 -1 9 -1 9 -1 9 -1 9 -1 9 -1 9 -1 9 -1 -2
9 -1 9 -1 9 -1 9 -1 9 -1 9 -1 9 -1 9 -1 9 -1 9 -1 9 -1 9 -1 9 -1 9 -1 9 -1 9 -1 9 -1 9 -1 9 -1 9 -1 9 -1 9 -1 -2
9 -1 -2
9 -1 9 -1 9 -1 -2
9 -1 -2
9 -1 -2
9 -1 9 -1 9 -1 9 -1 9 -1 -2
9 -1 9 -1 9 -1 -2
9 -1 9 -1 9 -1 9 -1 9 -1 9 -1 9 -1 9 -1 9 -1 9 -1 -2
9 -1 9 -1 9 -1 9 -1 9 -1 9 -1 9 -1 9 -1 9 -1 9 -1 9 -1 -2
9 -1 9 -1 9 -1 9 -1 -2
9 -1 9 -1 9 -1 -2
9 -1 9 -1 9 -1 9 -1 9 -1 9 -1 9 -1 9 -1 9 -1 9 -1 9 -1 9 -1 9 -1 9 -1 9 -1 9 -1 -2
9 -1 9 -1 9 -1 9 -1 9 -1 9 -1 9 -1 9 -1 9 -1 9 -1 9 -1 9 -1 -2
9 -1 9 -1 9 -1 9 -1 9 -1 9 -1 9 -1 9 -1 9 -1 9 -1 -2
9 -1 9 -1 9 -1 9 -1 9 -1 9 -1 -2
9 -1 9 -1 9 -1 9 -1 9 -1 9 -1 9 -1 9 -1 -2
9 -1 9 -1 9 -1 -2
9 -1 9 -1 9 -1 9 -1 9 -1 9 -1 9 -1 9 -1 9 -1 9 -1 9 -1 9 -1 -2
9 -1 9 -1 9 -1 9 -1 9 -1 9 -1 9 -1 9 -1 9 -1 9 -1 9 -1 9 -1 9 -1 9 -1 -2
9 -1 9 -1 9 -1 9 -1 9 -1 9 -1 9 -1 9 -1 -2
9 -1 9 -1 9 -1 9 -1 9 -1 9 -1 9 -1 9 -1 9 -1 9 -1 -2
9 -1 9 -1 -2
9 -1 8 -1 9 -1 9 -1 9 -1 9 -1 -2
9 -1 9 -1 9 -1 9 -1 8 -1 -2
9 -1 7 -1 9 -1 9 -1 9 -1 9 -1 9 -1 9 -1 9 -1 9 -1 -2
9 -1 -2
9 -1 9 -1 9 -1 9 -1 -2
9 -1 9 -1 9 -1 9 -1 9 -1 9 -1 9 -1 9 -1 -2
9 -1 9 -1 9 -1 9 -1 9 -1 9 -1 9 -1 9 -1 9 -1 9 -1 9 -1 9 -1 9 -1 -2
9 -1 9 -1 9 -1 9 -1 9 -1 9 -1 9 -1 9 -1 -2
9 -1 9 -1 9 -1 -2
9 -1 9 -1 9 -1 9 -1 9 -1 9 -1 9 -1 9 -1 9 -1 -2
9 -1 9 -1 9 -1 9 -1 9 -1 -2
9 -1 9 -1 9 -1 9 -1 9 -1 9 -1 -2
9 -1 9 -1 -2
9 -1 9 -1 9 -1 9 -1 9 -1 9 -1 -2
9 -1 9 -1 8 -1 -2
9 -1 9 -1 9 -1 9 -1 9 -1 9 -1 -2
9 -1 9 -1 9 -1 9 -1 9 -1 9 -1 9 -1 -2
9 -1 9 -1 9 -1 9 -1 9 -1 9 -1 9 -1 9 -1 9 -1 -2
9 -1 9 -1 9 -1 9 -1 9 -1 9 -1 9 -1 9 -1 9 -1 9 -1 -2
8 -1 9 -1 9 -1 9 -1 9 -1 -2
9 -1 9 -1 9 -1 9 -1 9 -1 9 -1 9 -1 9 -1 9 -1 9 -1 -2
9 -1 -2
9 -1 9 -1 9 -1 9 -1 9 -1 9 -1 9 -1 9 -1 9 -1 9 -1 9 -1 -2
9 -1 -2
9 -1 9 -1 -2
9 -1 9 -1 9 -1 9 -1 9 -1 -2
9 -1 9 -1 9 -1 9 -1 9 -1 9 -1 9 -1 9 -1 -2
9 -1 9 -1 9 -1 -2
9 -1 9 -1 9 -1 9 -1 9 -1 9 -1 9 -1 9 -1 -2
9 -1 9 -1 9 -1 9 -1 9 -1 9 -1 9 -1 -2
9 -1 9 -1 9 -1 9 -1 9 -1 9 -1 9 -1 -2
9 -1 9 -1 9 -1 9 -1 9 -1 9 -1 9 -1 -2
9 -1 9 -1 9 -1 9 -1 9 -1 9 -1 9 -1 9 -1 9 -1 9 -1 9 -1 9 -1 -2
9 -1 9 -1 9 -1 9 -1 9 -1 -2
9 -1 -2
9 -1 9 -1 9 -1 9 -1 9 -1 9 -1 9 -1 9 -1 -2
9 -1 9 -1 9 -1 -2
9 -1 9 -1 -2
9 -1 9 -1 -2
9 -1 -2
9 -1 -2
9 -1 -2
9 -1 9 -1 9 -1 9 -1 -2
9 -1 9 -1 9 -1 9 -1 9 -1 9 -1 -2
9 -1 9 -1 9 -1 -2
9 -1 9 -1 9 -1 9 -1 -2
9 -1 9 -1 9 -1 9 -1 9 -1 9 -1 9 -1 9 -1 9 -1 -2
9 -1 -2
9 -1 9 -1 9 -1 9 -1 9 -1 9 -1 9 -1 9 -1 9 -1 -2
9 -1 -2
9 -1 9 -1 9 -1 9 -1 9 -1 9 -1 9 -1 9 -1 9 -1 9 -1 9 -1 9 -1 -2
9 -1 9 -1 9 -1 -2
9 -1 -2
9 -1 9 -1 9 -1 9 -1 9 -1 9 -1 9 -1 -2
9 -1 -2
9 -1 9 -1 9 -1 9 -1 9 -1 9 -1 9 -1 -2
9 -1 9 -1 9 -1 -2
9 -1 9 -1 9 -1 9 -1 9 -1 9 -1 9 -1 9 -1 9 -1 9 -1 -2
9 -1 9 -1 9 -1 9 -1 9 -1 9 -1 -2
9 -1 9 -1 -2
9 -1 9 -1 9 -1 9 -1 9 -1 9 -1 9 -1 9 -1 9 -1 -2
9 -1 9 -1 9 -1 9 -1 9 -1 -2
9 -1 9 -1 9 -1 9 -1 9 -1 9 -1 9 -1 9 -1 -2
9 -1 9 -1 -2
9 -1 9 -1 -2
9 -1 9 -1 9 -1 9 -1 9 -1 -2
9 -1 9 -1 9 -1 9 -1 9 -1 -2
9 -1 -2
9 -1 -2
9 -1 9 -1 9 -1 9 -1 9 -1 9 -1 9 -1 -2
9 -1 9 -1 9 -1 9 -1 9 -1 9 -1 -2
9 -1 -2
9 -1 9 -1 9 -1 -2
9 -1 -2
9 -1 9 -1 9 -1 9 -1 9 -1 9 -1 9 -1 9 -1 9 -1 9 -1 9 -1 9 -1 -2
9 -1 9 -1 9 -1 9 -1 9 -1 -2
9 -1 9 -1 9 -1 9 -1 9 -1 9 -1 9 -1 -2
9 -1 9 -1 9 -1 9 -1 9 -1 9 -1 9 -1 9 -1 9 -1 9 -1 9 -1 -2
9 -1 9 -1 9 -1 -2
9 -1 9 -1 9 -1 9 -1 9 -1 9 -1 9 -1 -2
9 -1 9 -1 -2
9 -1 -2
9 -1 9 -1 9 -1 9 -1 9 -1 9 -1 -2
9 -1 -2
9 -1 9 -1 9 -1 9 -1 9 -1 9 -1 9 -1 -2
9 -1 9 -1 9 -1 9 -1 9 -1 9 -1 9 -1 9 -1 9 -1 9 -1 9 -1 9 -1 9 -1 9 -1 9 -1 9 -1 9 -1 9 -1 9 -1 9 -1 9 -1 -2
9 -1 9 -1 -2
9 -1 9 -1 9 -1 9 -1 9 -1 -2
9 -1 9 -1 9 -1 9 -1 9 -1 9 -1 9 -1 9 -1 9 -1 9 -1 9 -1 9 -1 9 -1 9 -1 9 -1 9 -1 9 -1 9 -1 9 -1 9 -1 9 -1 9 -1 9 -1 9 -1 9 -1 9 -1 9 -1 9 -1 -2
9 -1 9 -1 9 -1 9 -1 9 -1 -2
9 -1 9 -1 9 -1 9 -1 9 -1 9 -1 9 -1 9 -1 9 -1 9 -1 9 -1 9 -1 -2
9 -1 9 -1 9 -1 9 -1 9 -1 -2
9 -1 9 -1 9 -1 9 -1 -2
9 -1 9 -1 9 -1 9 -1 9 -1 9 -1 9 -1 9 -1 -2
9 -1 9 -1 9 -1 9 -1 9 -1 9 -1 9 -1 -2
9 -1 9 -1 9 -1 9 -1 9 -1 -2
9 -1 -2
9 -1 9 -1 9 -1 -2
9 -1 9 -1 9 -1 9 -1 -2
9 -1 8 -1 9 -1 9 -1 9 -1 9 -1 9 -1 9 -1 9 -1 9 -1 -2
9 -1 9 -1 9 -1 9 -1 9 -1 9 -1 9 -1 9 -1 9 -1 9 -1 9 -1 9 -1 9 -1 9 -1 -2
9 -1 9 -1 -2
9 -1 9 -1 9 -1 -2
9 -1 9 -1 -2
9 -1 9 -1 9 -1 9 -1 9 -1 9 -1 9 -1 9 -1 -2
9 -1 9 -1 9 -1 9 -1 9 -1 -2
9 -1 9 -1 9 -1 -2
9 -1 9 -1 9 -1 -2
9 -1 9 -1 9 -1 9 -1 9 -1 9 -1 9 -1 9 -1 -2
9 -1 -2
9 -1 9 -1 9 -1 9 -1 9 -1 9 -1 -2
9 -1 9 -1 9 -1 9 -1 9 -1 -2
9 -1 9 -1 9 -1 9 -1 9 -1 9 -1 9 -1 9 -1 9 -1 9 -1 -2
9 -1 9 -1 9 -1 9 -1 9 -1 9 -1 9 -1 9 -1 9 -1 9 -1 9 -1 9 -1 -2
9 -1 9 -1 9 -1 9 -1 9 -1 9 -1 9 -1 9 -1 9 -1 -2
9 -1 9 -1 9 -1 9 -1 9 -1 9 -1 9 -1 -2
9 -1 9 -1 9 -1 9 -1 9 -1 9 -1 9 -1 9 -1 9 -1 9 -1 9 -1 9 -1 9 -1 9 -1 -2
9 -1 9 -1 9 -1 9 -1 9 -1 9 -1 9 -1 9 -1 9 -1 -2
9 -1 9 -1 9 -1 9 -1 9 -1 9 -1 9 -1 9 -1 9 -1 9 -1 9 -1 9 -1 -2
9 -1 9 -1 9 -1 9 -1 9 -1 9 -1 9 -1 -2
9 -1 -2
9 -1 9 -1 9 -1 9 -1 9 -1 9 -1 9 -1 -2
9 -1 -2
9 -1 9 -1 9 -1 -2
9 -1 9 -1 9 -1 9 -1 9 -1 9 -1 9 -1 9 -1 -2
9 -1 -2
9 -1 -2
9 -1 9 -1 9 -1 9 -1 9 -1 9 -1 9 -1 9 -1 9 -1 9 -1 9 -1 9 -1 -2
9 -1 9 -1 9 -1 9 -1 9 -1 9 -1 9 -1 9 -1 9 -1 9 -1 -2
9 -1 9 -1 9 -1 9 -1 9 -1 9 -1 9 -1 9 -1 9 -1 9 -1 9 -1 -2
9 -1 9 -1 9 -1 9 -1 9 -1 9 -1 9 -1 9 -1 9 -1 9 -1 -2
9 -1 9 -1 9 -1 9 -1 -2
9 -1 9 -1 9 -1 9 -1 9 -1 9 -1 9 -1 9 -1 9 -1 9 -1 9 -1 9 -1 -2
9 -1 9 -1 9 -1 9 -1 9 -1 -2
9 -1 9 -1 -2
9 -1 9 -1 9 -1 9 -1 9 -1 9 -1 9 -1 9 -1 -2
9 -1 9 -1 9 -1 9 -1 9 -1 9 -1 -2
9 -1 9 -1 9 -1 9 -1 9 -1 -2
9 -1 9 -1 9 -1 -2
9 -1 9 -1 9 -1 9 -1 9 -1 9 -1 9 -1 9 -1 9 -1 9 -1 -2
9 -1 9 -1 9 -1 9 -1 9 -1 9 -1 9 -1 9 -1 9 -1 9 -1 9 -1 9 -1 9 -1 9 -1 9 -1 9 -1 9 -1 9 -1 9 -1 9 -1 9 -1 -2
9 -1 9 -1 9 -1 9 -1 9 -1 -2
9 -1 9 -1 9 -1 9 -1 9 -1 9 -1 9 -1 -2
9 -1 9 -1 9 -1 -2
9 -1 9 -1 -2
9 -1 9 -1 9 -1 9 -1 9 -1 9 -1 -2
9 -1 -2
9 -1 9 -1 9 -1 9 -1 9 -1 9 -1 9 -1 -2
9 -1 9 -1 -2
9 -1 9 -1 9 -1 9 -1 -2
9 -1 9 -1 9 -1 9 -1 9 -1 9 -1 9 -1 9 -1 9 -1 9 -1 9 -1 -2
9 -1 9 -1 9 -1 9 -1 9 -1 -2
9 -1 9 -1 9 -1 9 -1 9 -1 9 -1 9 -1 9 -1 9 -1 9 -1 9 -1 9 -1 9 -1 9 -1 -2
9 -1 9 -1 9 -1 9 -1 9 -1 9 -1 9 -1 9 -1 9 -1 -2
9 -1 9 -1 9 -1 9 -1 9 -1 9 -1 9 -1 9 -1 9 -1 9 -1 -2
9 -1 9 -1 9 -1 9 -1 9 -1 9 -1 9 -1 9 -1 9 -1 9 -1 9 -1 -2
9 -1 9 -1 9 -1 -2
9 -1 9 -1 9 -1 9 -1 9 -1 9 -1 9 -1 9 -1 -2
9 -1 9 -1 9 -1 9 -1 9 -1 9 -1 9 -1 9 -1 9 -1 9 -1 9 -1 9 -1 -2
9 -1 9 -1 9 -1 9 -1 9 -1 9 -1 9 -1 9 -1 9 -1 9 -1 9 -1 9 -1 9 -1 9 -1 -2
9 -1 9 -1 9 -1 9 -1 9 -1 9 -1 9 -1 9 -1 9 -1 9 -1 9 -1 -2
9 -1 9 -1 9 -1 9 -1 9 -1 9 -1 -2
9 -1 9 -1 9 -1 9 -1 9 -1 -2
9 -1 -2
9 -1 9 -1 9 -1 9 -1 9 -1 -2
9 -1 9 -1 9 -1 9 -1 9 -1 9 -1 9 -1 9 -1 9 -1 9 -1 -2
9 -1 9 -1 9 -1 9 -1 9 -1 9 -1 9 -1 9 -1 9 -1 -2
9 -1 9 -1 9 -1 9 -1 9 -1 9 -1 -2
9 -1 -2
9 -1 9 -1 9 -1 9 -1 9 -1 9 -1 9 -1 9 -1 9 -1 9 -1 -2
9 -1 9 -1 9 -1 9 -1 9 -1 9 -1 9 -1 9 -1 9 -1 9 -1 -2
9 -1 9 -1 9 -1 9 -1 9 -1 9 -1 9 -1 9 -1 -2
9 -1 9 -1 -2
9 -1 9 -1 9 -1 9 -1 9 -1 -2
9 -1 9 -1 9 -1 9 -1 9 -1 9 -1 9 -1 9 -1 9 -1 -2
9 -1 9 -1 9 -1 9 -1 9 -1 9 -1 9 -1 9 -1 9 -1 9 -1 9 -1 9 -1 9 -1 9 -1 9 -1 9 -1 9 -1 9 -1 9 -1 9 -1 9 -1 -2
9 -1 9 -1 9 -1 9 -1 9 -1 9 -1 9 -1 9 -1 9 -1 9 -1 9 -1 -2
9 -1 9 -1 -2
9 -1 9 -1 -2
9 -1 9 -1 9 -1 9 -1 9 -1 -2
2 -1 9 -1 9 -1 9 -1 9 -1 9 -1 9 -1 9 -1 -2
9 -1 9 -1 9 -1 9 -1 9 -1 9 -1 9 -1 -2
9 -1 -2
9 -1 9 -1 -2
9 -1 9 -1 -2
9 -1 9 -1 9 -1 9 -1 -2
9 -1 9 -1 9 -1 9 -1 9 -1 -2
9 -1 9 -1 9 -1 -2
9 -1 9 -1 9 -1 9 -1 9 -1 -2
9 -1 -2
9 -1 9 -1 9 -1 9 -1 -2
9 -1 9 -1 9 -1 9 -1 9 -1 9 -1 9 -1 9 -1 9 -1 9 -1 9 -1 9 -1 -2
9 -1 9 -1 9 -1 9 -1 -2
9 -1 9 -1 9 -1 9 -1 9 -1 9 -1 9 -1 9 -1 9 -1 9 -1 -2
9 -1 9 -1 -2
9 -1 9 -1 9 -1 -2
9 -1 9 -1 9 -1 9 -1 9 -1 9 -1 9 -1 9 -1 9 -1 9 -1 9 -1 9 -1 9 -1 9 -1 9 -1 -2
9 -1 -2
9 -1 9 -1 9 -1 9 -1 9 -1 9 -1 9 -1 9 -1 9 -1 9 -1 -2
9 -1 9 -1 9 -1 9 -1 9 -1 -2
9 -1 9 -1 9 -1 9 -1 9 -1 9 -1 9 -1 9 -1 9 -1 9 -1 9 -1 9 -1 9 -1 9 -1 9 -1 9 -1 9 -1 9 -1 9 -1 9 -1 9 -1 9 -1 9 -1 -2
9 -1 9 -1 9 -1 9 -1 9 -1 9 -1 9 -1 9 -1 9 -1 -2
9 -1 9 -1 -2
9 -1 9 -1 9 -1 9 -1 9 -1 -2
9 -1 -2
9 -1 9 -1 9 -1 9 -1 9 -1 9 -1 9 -1 9 -1 -2
9 -1 9 -1 9 -1 9 -1 9 -1 9 -1 9 -1 -2
9 -1 9 -1 9 -1 9 -1 9 -1 -2
9 -1 9 -1 9 -1 9 -1 9 -1 9 -1 9 -1 9 -1 9 -1 9 -1 -2
9 -1 9 -1 9 -1 9 -1 9 -1 -2
9 -1 9 -1 9 -1 9 -1 9 -1 9 -1 9 -1 9 -1 9 -1 9 -1 -2
9 -1 9 -1 9 -1 9 -1 9 -1 9 -1 9 -1 -2
9 -1 9 -1 -2
9 -1 9 -1 9 -1 9 -1 9 -1 9 -1 -2
9 -1 -2
9 -1 9 -1 9 -1 9 -1 9 -1 -2
9 -1 -2
9 -1 9 -1 9 -1 9 -1 9 -1 9 -1 9 -1 9 -1 9 -1 -2
9 -1 9 -1 9 -1 9 -1 9 -1 9 -1 -2
9 -1 9 -1 9 -1 9 -1 9 -1 9 -1 9 -1 9 -1 9 -1 -2
8 -1 -2
9 -1 9 -1 -2
9 -1 9 -1 9 -1 9 -1 9 -1 -2
9 -1 9 -1 9 -1 9 -1 9 -1 9 -1 9 -1 9 -1 -2
9 -1 9 -1 9 -1 9 -1 9 -1 9 -1 9 -1 9 -1 9 -1 9 -1 9 -1 -2
9 -1 9 -1 9 -1 9 -1 9 -1 9 -1 9 -1 9 -1 9 -1 9 -1 9 -1 -2
9 -1 9 -1 -2
9 -1 -2
9 -1 9 -1 9 -1 9 -1 9 -1 9 -1 9 -1 -2
9 -1 9 -1 9 -1 9 -1 9 -1 9 -1 -2
9 -1 9 -1 9 -1 9 -1 9 -1 -2
9 -1 9 -1 9 -1 9 -1 9 -1 9 -1 9 -1 -2
9 -1 9 -1 9 -1 9 -1 9 -1 9 -1 9 -1 -2
9 -1 9 -1 9 -1 9 -1 9 -1 9 -1 -2
9 -1 9 -1 9 -1 -2
9 -1 9 -1 9 -1 9 -1 9 -1 9 -1 -2
9 -1 9 -1 9 -1 9 -1 9 -1 9 -1 9 -1 -2
9 -1 9 -1 9 -1 9 -1 9 -1 9 -1 9 -1 9 -1 9 -1 9 -1 9 -1 9 -1 9 -1 9 -1 9 -1 9 -1 9 -1 9 -1 9 -1 9 -1 9 -1 9 -1 9 -1 -2
9 -1 9 -1 9 -1 9 -1 9 -1 9 -1 9 -1 9 -1 9 -1 9 -1 9 -1 9 -1 9 -1 -2
9 -1 9 -1 9 -1 9 -1 9 -1 9 -1 9 -1 9 -1 9 -1 -2
9 -1 -2
9 -1 9 -1 9 -1 9 -1 9 -1 -2
9 -1 9 -1 9 -1 9 -1 9 -1 -2
9 -1 9 -1 9 -1 9 -1 9 -1 9 -1 9 -1 9 -1 9 -1 9 -1 9 -1 9 -1 9 -1 9 -1 9 -1 9 -1 9 -1 -2
9 -1 9 -1 9 -1 9 -1 9 -1 9 -1 9 -1 9 -1 9 -1 -2
9 -1 -2
9 -1 9 -1 -2
9 -1 -2
9 -1 9 -1 9 -1 -2
9 -1 9 -1 9 -1 9 -1 9 -1 -2
9 -1 9 -1 9 -1 9 -1 9 -1 9 -1 9 -1 9 -1 9 -1 -2
9 -1 -2
9 -1 9 -1 9 -1 9 -1 -2
9 -1 9 -1 9 -1 9 -1 -2
9 -1 9 -1 9 -1 9 -1 -2
9 -1 9 -1 9 -1 9 -1 9 -1 9 -1 9 -1 9 -1 9 -1 9 -1 9 -1 9 -1 9 -1 9 -1 9 -1 9 -1 9 -1 9 -1 9 -1 9 -1 9 -1 9 -1 9 -1 9 -1 -2
9 -1 9 -1 9 -1 9 -1 9 -1 9 -1 9 -1 -2
9 -1 -2
9 -1 9 -1 -2
9 -1 -2
9 -1 9 -1 9 -1 9 -1 9 -1 9 -1 9 -1 9 -1 9 -1 9 -1 9 -1 -2
9 -1 9 -1 9 -1 9 -1 9 -1 9 -1 9 -1 9 -1 9 -1 9 -1 9 -1 -2
9 -1 9 -1 9 -1 9 -1 9 -1 -2
9 -1 9 -1 8 -1 9 -1 9 -1 9 -1 9 -1 9 -1 9 -1 9 -1 9 -1 -2
9 -1 9 -1 9 -1 9 -1 -2
9 -1 9 -1 9 -1 9 -1 9 -1 9 -1 9 -1 9 -1 9 -1 9 -1 9 -1 9 -1 9 -1 9 -1 9 -1 9 -1 9 -1 -2
9 -1 9 -1 -2
9 -1 9 -1 9 -1 9 -1 9 -1 9 -1 9 -1 9 -1 -2
9 -1 -2
9 -1 9 -1 9 -1 9 -1 9 -1 9 -1 -2
9 -1 9 -1 9 -1 9 -1 9 -1 9 -1 9 -1 9 -1 -2
9 -1 -2
9 -1 9 -1 9 -1 9 -1 9 -1 9 -1 9 -1 9 -1 9 -1 9 -1 9 -1 9 -1 -2
9 -1 9 -1 9 -1 -2
9 -1 9 -1 9 -1 9 -1 9 -1 9 -1 9 -1 9 -1 -2
9 -1 -2
9 -1 9 -1 9 -1 9 -1 9 -1 9 -1 9 -1 9 -1 9 -1 9 -1 -2
9 -1 9 -1 -2
9 -1 9 -1 9 -1 9 -1 9 -1 9 -1 -2
9 -1 9 -1 9 -1 9 -1 9 -1 9 -1 -2
9 -1 -2
9 -1 9 -1 9 -1 9 -1 9 -1 9 -1 9 -1 9 -1 9 -1 -2
9 -1 9 -1 9 -1 9 -1 9 -1 9 -1 9 -1 9 -1 9 -1 9 -1 9 -1 9 -1 -2
9 -1 9 -1 9 -1 9 -1 9 -1 9 -1 -2
9 -1 9 -1 9 -1 9 -1 9 -1 9 -1 9 -1 9 -1 9 -1 9 -1 9 -1 9 -1 9 -1 9 -1 9 -1 9 -1 9 -1 9 -1 9 -1 9 -1 -2
9 -1 9 -1 9 -1 -2
9 -1 9 -1 -2
9 -1 9 -1 9 -1 9 -1 9 -1 9 -1 9 -1 9 -1 9 -1 9 -1 9 -1 9 -1 9 -1 9 -1 9 -1 -2
9 -1 9 -1 9 -1 9 -1 9 -1 9 -1 9 -1 9 -1 9 -1 9 -1 9 -1 9 -1 9 -1 -2
9 -1 -2
9 -1 9 -1 9 -1 9 -1 9 -1 -2
9 -1 9 -1 9 -1 -2
9 -1 9 -1 9 -1 9 -1 9 -1 -2
9 -1 -2
9 -1 9 -1 9 -1 9 -1 9 -1 9 -1 9 -1 9 -1 9 -1 9 -1 -2
9 -1 9 -1 -2
9 -1 9 -1 9 -1 9 -1 9 -1 9 -1 9 -1 9 -1 9 -1 9 -1 9 -1 -2
9 -1 -2
9 -1 9 -1 9 -1 9 -1 9 -1 9 -1 9 -1 9 -1 -2
9 -1 9 -1 9 -1 9 -1 9 -1 9 -1 9 -1 9 -1 9 -1 9 -1 9 -1 -2
9 -1 9 -1 9 -1 9 -1 9 -1 9 -1 9 -1 9 -1 -2
9 -1 9 -1 9 -1 9 -1 9 -1 9 -1 9 -1 9 -1 9 -1 9 -1 9 -1 9 -1 -2
9 -1 9 -1 9 -1 9 -1 9 -1 9 -1 -2
9 -1 9 -1 9 -1 9 -1 9 -1 9 -1 9 -1 9 -1 9 -1 9 -1 9 -1 9 -1 -2
9 -1 -2
9 -1 9 -1 9 -1 9 -1 9 -1 9 -1 9 -1 -2
9 -1 9 -1 9 -1 9 -1 9 -1 9 -1 9 -1 9 -1 9 -1 -2
9 -1 9 -1 9 -1 -2
9 -1 9 -1 9 -1 9 -1 9 -1 9 -1 9 -1 9 -1 9 -1 9 -1 -2
9 -1 9 -1 9 -1 9 -1 -2
9 -1 -2
9 -1 9 -1 9 -1 9 -1 9 -1 9 -1 9 -1 9 -1 -2
9 -1 9 -1 9 -1 9 -1 9 -1 9 -1 9 -1 -2
9 -1 9 -1 9 -1 -2
9 -1 9 -1 9 -1 9 -1 9 -1 9 -1 -2
9 -1 9 -1 9 -1 9 -1 9 -1 9 -1 9 -1 9 -1 9 -1 9 -1 9 -1 -2
9 -1 9 -1 9 -1 9 -1 9 -1 9 -1 9 -1 9 -1 9 -1 9 -1 -2
9 -1 9 -1 9 -1 9 -1 9 -1 9 -1 9 -1 9 -1 9 -1 9 -1 -2
9 -1 9 -1 9 -1 9 -1 9 -1 -2
9 -1 9 -1 9 -1 9 -1 9 -1 9 -1 9 -1 9 -1 9 -1 9 -1 9 -1 9 -1 9 -1 9 -1 9 -1 9 -1 9 -1 9 -1 9 -1 9 -1 -2
9 -1 -2
9 -1 -2
9 -1 9 -1 9 -1 -2
9 -1 9 -1 -2
9 -1 9 -1 9 -1 9 -1 9 -1 9 -1 9 -1 -2
9 -1 -2
9 -1 -2
9 -1 9 -1 9 -1 9 -1 9 -1 9 -1 -2
9 -1 -2
9 -1 9 -1 9 -1 9 -1 9 -1 9 -1 9 -1 9 -1 9 -1 9 -1 9 -1 9 -1 9 -1 9 -1 9 -1 9 -1 9 -1 9 -1 9 -1 9 -1 -2
9 -1 9 -1 9 -1 9 -1 9 -1 9 -1 9 -1 -2
9 -1 9 -1 9 -1 9 -1 9 -1 9 -1 9 -1 9 -1 9 -1 9 -1 9 -1 9 -1 -2
9 -1 9 -1 9 -1 9 -1 9 -1 9 -1 9 -1 9 -1 9 -1 9 -1 9 -1 9 -1 9 -1 -2
9 -1 9 -1 9 -1 9 -1 9 -1 9 -1 9 -1 9 -1 -2
9 -1 9 -1 9 -1 9 -1 9 -1 9 -1 -2
9 -1 9 -1 9 -1 8 -1 9 -1 9 -1 9 -1 9 -1 9 -1 -2
9 -1 9 -1 9 -1 9 -1 9 -1 9 -1 -2
9 -1 9 -1 -2
9 -1 9 -1 9 -1 9 -1 9 -1 9 -1 -2
9 -1 9 -1 9 -1 9 -1 9 -1 9 -1 9 -1 9 -1 9 -1 9 -1 9 -1 9 -1 9 -1 -2
9 -1 9 -1 9 -1 9 -1 9 -1 -2
9 -1 -2
9 -1 9 -1 -2
9 -1 9 -1 9 -1 9 -1 9 -1 9 -1 9 -1 9 -1 -2
9 -1 -2
9 -1 9 -1 9 -1 9 -1 9 -1 9 -1 9 -1 9 -1 9 -1 9 -1 9 -1 9 -1 9 -1 -2
9 -1 -2
9 -1 -2
9 -1 9 -1 9 -1 9 -1 9 -1 9 -1 9 -1 -2
9 -1 9 -1 9 -1 -2
9 -1 9 -1 9 -1 9 -1 9 -1 9 -1 -2
9 -1 9 -1 9 -1 9 -1 9 -1 -2
9 -1 9 -1 -2
9 -1 -2
9 -1 9 -1 9 -1 -2
9 -1 9 -1 9 -1 9 -1 9 -1 9 -1 9 -1 9 -1 9 -1 9 -1 9 -1 9 -1 9 -1 -2
9 -1 -2
9 -1 9 -1 -2
9 -1 9 -1 9 -1 9 -1 9 -1 -2
9 -1 -2
9 -1 9 -1 9 -1 -2
9 -1 9 -1 9 -1 9 -1 9 -1 9 -1 9 -1 -2
9 -1 -2
9 -1 9 -1 9 -1 9 -1 9 -1 9 -1 9 -1 9 -1 9 -1 9 -1 -2
9 -1 9 -1 9 -1 9 -1 9 -1 9 -1 9 -1 9 -1 -2
9 -1 9 -1 9 -1 -2
9 -1 9 -1 9 -1 9 -1 9 -1 -2
9 -1 9 -1 9 -1 9 -1 9 -1 9 -1 -2
9 -1 9 -1 9 -1 9 -1 -2
9 -1 -2
9 -1 9 -1 9 -1 9 -1 9 -1 9 -1 -2
9 -1 9 -1 9 -1 9 -1 9 -1 9 -1 9 -1 9 -1 -2
9 -1 9 -1 -2
9 -1 -2
9 -1 9 -1 9 -1 9 -1 9 -1 9 -1 9 -1 -2
9 -1 9 -1 9 -1 9 -1 9 -1 9 -1 -2
9 -1 9 -1 9 -1 9 -1 9 -1 9 -1 9 -1 9 -1 9 -1 9 -1 9 -1 9 -1 9 -1 -2
9 -1 9 -1 9 -1 9 -1 -2
9 -1 9 -1 9 -1 9 -1 9 -1 9 -1 9 -1 9 -1 9 -1 9 -1 9 -1 -2
9 -1 -2
9 -1 9 -1 9 -1 9 -1 9 -1 -2
9 -1 9 -1 9 -1 9 -1 -2
9 -1 9 -1 -2
9 -1 9 -1 9 -1 9 -1 9 -1 9 -1 9 -1 9 -1 9 -1 9 -1 -2
9 -1 -2
9 -1 9 -1 9 -1 9 -1 9 -1 9 -1 9 -1 9 -1 9 -1 -2
9 -1 -2
9 -1 9 -1 9 -1 9 -1 -2
9 -1 9 -1 9 -1 9 -1 9 -1 9 -1 9 -1 -2
9 -1 -2
9 -1 -2
9 -1 9 -1 9 -1 9 -1 9 -1 -2
9 -1 -2
9 -1 9 -1 9 -1 9 -1 9 -1 9 -1 -2
9 -1 9 -1 9 -1 9 -1 9 -1 9 -1 9 -1 -2
9 -1 9 -1 9 -1 9 -1 9 -1 9 -1 -2
9 -1 9 -1 9 -1 9 -1 9 -1 9 -1 9 -1 -2
9 -1 9 -1 9 -1 9 -1 9 -1 -2
9 -1 9 -1 9 -1 9 -1 9 -1 9 -1 9 -1 9 -1 9 -1 9 -1 -2
9 -1 -2
9 -1 -2
9 -1 9 -1 9 -1 9 -1 9 -1 9 -1 9 -1 9 -1 9 -1 9 -1 9 -1 9 -1 9 -1 -2
9 -1 9 -1 9 -1 9 -1 9 -1 -2
9 -1 9 -1 -2
8 -1 9 -1 9 -1 -2
8 -1 9 -1 8 -1 9 -1 9 -1 -2
9 -1 9 -1 9 -1 9 -1 9 -1 -2
9 -1 9 -1 9 -1 -2
9 -1 9 -1 9 -1 9 -1 9 -1 9 -1 -2
9 -1 9 -1 9 -1 -2
9 -1 9 -1 9 -1 9 -1 -2
9 -1 9 -1 9 -1 9 -1 9 -1 9 -1 9 -1 9 -1 9 -1 9 -1 9 -1 9 -1 9 -1 9 -1 9 -1 9 -1 9 -1 9 -1 9 -1 -2
8 -1 -2
9 -1 9 -1 9 -1 9 -1 9 -1 9 -1 9 -1 9 -1 9 -1 -2
9 -1 9 -1 9 -1 9 -1 9 -1 9 -1 9 -1 9 -1 9 -1 9 -1 9 -1 -2
9 -1 9 -1 9 -1 9 -1 9 -1 9 -1 9 -1 9 -1 9 -1 9 -1 9 -1 -2
9 -1 9 -1 -2
9 -1 9 -1 9 -1 9 -1 9 -1 9 -1 9 -1 9 -1 9 -1 9 -1 9 -1 -2
9 -1 9 -1 9 -1 9 -1 9 -1 -2
9 -1 -2
9 -1 -2
9 -1 -2
9 -1 9 -1 -2
9 -1 -2
9 -1 9 -1 9 -1 9 -1 9 -1 9 -1 9 -1 9 -1 9 -1 9 -1 -2
9 -1 -2
9 -1 9 -1 9 -1 9 -1 9 -1 9 -1 9 -1 9 -1 9 -1 9 -1 -2
9 -1 9 -1 9 -1 9 -1 9 -1 9 -1 9 -1 9 -1 9 -1 9 -1 -2
9 -1 9 -1 9 -1 9 -1 9 -1 9 -1 9 -1 9 -1 9 -1 9 -1 9 -1 9 -1 9 -1 9 -1 -2
9 -1 9 -1 9 -1 9 -1 9 -1 -2
9 -1 9 -1 9 -1 9 -1 9 -1 9 -1 9 -1 9 -1 9 -1 9 -1 9 -1 9 -1 9 -1 9 -1 -2
9 -1 9 -1 9 -1 9 -1 9 -1 -2
9 -1 -2
9 -1 9 -1 9 -1 9 -1 9 -1 -2
9 -1 9 -1 9 -1 9 -1 9 -1 9 -1 9 -1 9 -1 -2
9 -1 9 -1 9 -1 9 -1 9 -1 9 -1 9 -1 9 -1 9 -1 9 -1 -2
9 -1 9 -1 9 -1 9 -1 9 -1 9 -1 9 -1 9 -1 9 -1 9 -1 9 -1 9 -1 9 -1 -2
7 -1 9 -1 9 -1 9 -1 9 -1 9 -1 9 -1 -2
9 -1 9 -1 9 -1 9 -1 9 -1 -2
9 -1 9 -1 9 -1 9 -1 9 -1 9 -1 -2
9 -1 9 -1 9 -1 9 -1 -2
9 -1 -2
9 -1 9 -1 -2
9 -1 -2
9 -1 9 -1 9 -1 9 -1 -2
9 -1 9 -1 -2
9 -1 9 -1 9 -1 9 -1 9 -1 9 -1 9 -1 9 -1 9 -1 9 -1 -2
9 -1 -2
9 -1 9 -1 -2
9 -1 -2
9 -1 9 -1 9 -1 9 -1 9 -1 9 -1 9 -1 9 -1 9 -1 9 -1 9 -1 9 -1 9 -1 9 -1 9 -1 9 -1 9 -1 -2
9 -1 9 -1 9 -1 9 -1 9 -1 9 -1 9 -1 9 -1 9 -1 9 -1 9 -1 9 -1 -2
9 -1 9 -1 9 -1 9 -1 9 -1 9 -1 9 -1 9 -1 9 -1 9 -1 9 -1 9 -1 9 -1 -2
9 -1 -2
9 -1 -2
9 -1 9 -1 9 -1 -2
9 -1 9 -1 -2
9 -1 9 -1 -2
9 -1 -2
9 -1 9 -1 9 -1 -2
9 -1 9 -1 9 -1 9 -1 9 -1 9 -1 9 -1 9 -1 9 -1 9 -1 9 -1 9 -1 9 -1 9 -1 9 -1 9 -1 9 -1 9 -1 9 -1 9 -1 9 -1 -2
9 -1 9 -1 -2
9 -1 9 -1 9 -1 9 -1 9 -1 -2
9 -1 9 -1 9 -1 9 -1 9 -1 -2
9 -1 9 -1 9 -1 9 -1 9 -1 -2
9 -1 9 -1 9 -1 -2
9 -1 9 -1 9 -1 -2
9 -1 9 -1 9 -1 -2
9 -1 9 -1 9 -1 9 -1 9 -1 -2
9 -1 9 -1 9 -1 9 -1 9 -1 9 -1 9 -1 -2
9 -1 9 -1 9 -1 9 -1 9 -1 -2
9 -1 9 -1 9 -1 9 -1 9 -1 9 -1 9 -1 9 -1 9 -1 -2
9 -1 9 -1 9 -1 9 -1 9 -1 9 -1 9 -1 9 -1 9 -1 9 -1 9 -1 9 -1 9 -1 -2
9 -1 9 -1 9 -1 9 -1 9 -1 9 -1 9 -1 9 -1 9 -1 9 -1 9 -1 -2
9 -1 9 -1 9 -1 9 -1 9 -1 9 -1 9 -1 9 -1 9 -1 -2
9 -1 9 -1 9 -1 9 -1 9 -1 9 -1 9 -1 -2
9 -1 9 -1 9 -1 9 -1 9 -1 9 -1 9 -1 9 -1 -2
9 -1 9 -1 9 -1 9 -1 9 -1 9 -1 9 -1 9 -1 -2
9 -1 9 -1 9 -1 9 -1 9 -1 9 -1 9 -1 9 -1 9 -1 9 -1 9 -1 9 -1 9 -1 -2
9 -1 9 -1 -2
9 -1 9 -1 9 -1 9 -1 9 -1 9 -1 9 -1 -2
9 -1 -2
9 -1 9 -1 9 -1 9 -1 9 -1 9 -1 -2
9 -1 9 -1 9 -1 9 -1 9 -1 9 -1 9 -1 9 -1 9 -1 9 -1 -2
9 -1 9 -1 -2
9 -1 9 -1 9 -1 9 -1 9 -1 9 -1 9 -1 9 -1 9 -1 9 -1 9 -1 -2
9 -1 9 -1 9 -1 9 -1 9 -1 9 -1 9 -1 -2
9 -1 9 -1 -2
9 -1 9 -1 -2
9 -1 9 -1 9 -1 9 -1 9 -1 9 -1 9 -1 9 -1 9 -1 9 -1 9 -1 -2
9 -1 9 -1 9 -1 9 -1 9 -1 9 -1 9 -1 9 -1 9 -1 9 -1 9 -1 9 -1 9 -1 -2
9 -1 9 -1 9 -1 9 -1 9 -1 9 -1 9 -1 9 -1 9 -1 -2
9 -1 9 -1 -2
9 -1 9 -1 9 -1 9 -1 9 -1 9 -1 9 -1 9 -1 9 -1 9 -1 9 -1 9 -1 -2
9 -1 -2
9 -1 -2
9 -1 9 -1 9 -1 9 -1 9 -1 9 -1 9 -1 9 -1 9 -1 9 -1 9 -1 -2
9 -1 -2
9 -1 9 -1 9 -1 9 -1 9 -1 -2
9 -1 9 -1 9 -1 9 -1 9 -1 -2
9 -1 -2
9 -1 9 -1 9 -1 9 -1 9 -1 -2
9 -1 9 -1 9 -1 9 -1 9 -1 9 -1 9 -1 9 -1 9 -1 9 -1 9 -1 -2
9 -1 9 -1 9 -1 9 -1 9 -1 9 -1 -2
9 -1 9 -1 9 -1 9 -1 -2
9 -1 9 -1 9 -1 9 -1 -2
9 -1 9 -1 9 -1 9 -1 9 -1 9 -1 9 -1 9 -1 9 -1 9 -1 9 -1 9 -1 9 -1 -2
9 -1 9 -1 9 -1 9 -1 9 -1 9 -1 9 -1 9 -1 -2
9 -1 9 -1 9 -1 9 -1 9 -1 9 -1 9 -1 9 -1 9 -1 9 -1 9 -1 9 -1 9 -1 9 -1 9 -1 9 -1 -2
9 -1 9 -1 9 -1 9 -1 9 -1 9 -1 9 -1 9 -1 -2
9 -1 9 -1 9 -1 9 -1 9 -1 -2
9 -1 9 -1 9 -1 9 -1 9 -1 -2
9 -1 9 -1 9 -1 9 -1 9 -1 9 -1 9 -1 9 -1 9 -1 9 -1 9 -1 9 -1 9 -1 9 -1 9 -1 -2
9 -1 9 -1 9 -1 -2
9 -1 9 -1 9 -1 9 -1 9 -1 9 -1 9 -1 9 -1 9 -1 9 -1 9 -1 9 -1 9 -1 9 -1 -2
9 -1 9 -1 -2
9 -1 -2
9 -1 9 -1 9 -1 -2
9 -1 -2
9 -1 -2
9 -1 9 -1 9 -1 9 -1 -2
9 -1 9 -1 -2
9 -1 9 -1 9 -1 9 -1 9 -1 9 -1 -2
9 -1 9 -1 9 -1 9 -1 9 -1 9 -1 9 -1 9 -1 9 -1 9 -1 -2
9 -1 -2
9 -1 9 -1 9 -1 -2
9 -1 9 -1 9 -1 9 -1 9 -1 -2
9 -1 9 -1 9 -1 9 -1 9 -1 9 -1 9 -1 -2
9 -1 -2
9 -1 9 -1 9 -1 9 -1 9 -1 -2
9 -1 8 -1 9 -1 9 -1 9 -1 9 -1 9 -1 9 -1 -2
9 -1 9 -1 9 -1 9 -1 9 -1 -2
9 -1 9 -1 -2
9 -1 -2
9 -1 9 -1 9 -1 9 -1 9 -1 9 -1 9 -1 -2
9 -1 9 -1 9 -1 9 -1 9 -1 9 -1 9 -1 9 -1 9 -1 9 -1 9 -1 9 -1 9 -1 9 -1 -2
9 -1 -2
9 -1 -2
9 -1 9 -1 9 -1 9 -1 9 -1 9 -1 9 -1 9 -1 9 -1 9 -1 9 -1 9 -1 9 -1 9 -1 9 -1 -2
9 -1 9 -1 9 -1 9 -1 9 -1 -2
9 -1 9 -1 9 -1 9 -1 9 -1 9 -1 9 -1 9 -1 9 -1 9 -1 -2
9 -1 9 -1 9 -1 9 -1 9 -1 9 -1 9 -1 9 -1 9 -1 9 -1 9 -1 -2
9 -1 9 -1 9 -1 9 -1 9 -1 9 -1 9 -1 9 -1 9 -1 9 -1 9 -1 9 -1 -2
9 -1 9 -1 9 -1 9 -1 -2
9 -1 -2
9 -1 9 -1 9 -1 9 -1 9 -1 9 -1 -2
9 -1 9 -1 9 -1 9 -1 9 -1 8 -1 9 -1 9 -1 9 -1 9 -1 9 -1 -2
9 -1 9 -1 9 -1 9 -1 -2
9 -1 9 -1 9 -1 -2
9 -1 -2
9 -1 9 -1 9 -1 9 -1 9 -1 9 -1 9 -1 9 -1 9 -1 9 -1 9 -1 9 -1 -2
9 -1 9 -1 9 -1 -2
9 -1 9 -1 -2
9 -1 9 -1 9 -1 9 -1 -2
9 -1 9 -1 9 -1 -2
9 -1 -2
9 -1 9 -1 9 -1 9 -1 -2
9 -1 9 -1 9 -1 -2
9 -1 9 -1 9 -1 9 -1 9 -1 -2
9 -1 -2
9 -1 9 -1 -2
9 -1 -2
9 -1 -2
9 -1 9 -1 9 -1 9 -1 9 -1 -2
9 -1 9 -1 -2
9 -1 9 -1 9 -1 9 -1 9 -1 9 -1 9 -1 9 -1 9 -1 9 -1 9 -1 9 -1 -2
9 -1 9 -1 9 -1 9 -1 9 -1 9 -1 9 -1 9 -1 9 -1 9 -1 9 -1 9 -1 -2
9 -1 9 -1 9 -1 9 -1 9 -1 9 -1 9 -1 9 -1 -2
9 -1 9 -1 9 -1 9 -1 9 -1 9 -1 9 -1 9 -1 9 -1 -2
9 -1 9 -1 -2
9 -1 9 -1 9 -1 9 -1 9 -1 9 -1 9 -1 9 -1 9 -1 9 -1 9 -1 9 -1 9 -1 -2
9 -1 9 -1 9 -1 9 -1 9 -1 9 -1 -2
8 -1 8 -1 9 -1 9 -1 9 -1 9 -1 9 -1 9 -1 9 -1 9 -1 -2
9 -1 9 -1 9 -1 9 -1 9 -1 9 -1 9 -1 9 -1 9 -1 9 -1 9 -1 9 -1 9 -1 -2
9 -1 9 -1 9 -1 9 -1 9 -1 9 -1 9 -1 9 -1 9 -1 -2
9 -1 9 -1 -2
9 -1 9 -1 9 -1 -2
9 -1 9 -1 9 -1 9 -1 9 -1 -2
9 -1 9 -1 9 -1 9 -1 9 -1 9 -1 9 -1 9 -1 9 -1 9 -1 9 -1 9 -1 9 -1 9 -1 9 -1 9 -1 9 -1 9 -1 9 -1 9 -1 9 -1 9 -1 9 -1 9 -1 9 -1 -2
9 -1 9 -1 -2
9 -1 9 -1 9 -1 9 -1 9 -1 9 -1 9 -1 9 -1 9 -1 9 -1 9 -1 9 -1 9 -1 -2
9 -1 9 -1 9 -1 9 -1 9 -1 9 -1 9 -1 9 -1 9 -1 -2
9 -1 9 -1 9 -1 9 -1 -2
9 -1 9 -1 9 -1 9 -1 9 -1 -2
9 -1 9 -1 9 -1 9 -1 9 -1 9 -1 -2
7 -1 9 -1 9 -1 -2
9 -1 -2
9 -1 9 -1 9 -1 9 -1 9 -1 -2
9 -1 -2
9 -1 -2
9 -1 9 -1 9 -1 -2
9 -1 9 -1 9 -1 9 -1 9 -1 9 -1 9 -1 -2
9 -1 -2
9 -1 9 -1 9 -1 9 -1 9 -1 9 -1 9 -1 9 -1 9 -1 9 -1 9 -1 9 -1 9 -1 9 -1 9 -1 9 -1 9 -1 -2
9 -1 9 -1 9 -1 9 -1 9 -1 9 -1 9 -1 9 -1 -2
9 -1 9 -1 -2
9 -1 -2
9 -1 9 -1 9 -1 9 -1 9 -1 9 -1 9 -1 -2
9 -1 9 -1 9 -1 9 -1 9 -1 -2
9 -1 9 -1 9 -1 9 -1 9 -1 -2
9 -1 9 -1 9 -1 9 -1 -2
9 -1 9 -1 9 -1 9 -1 -2
9 -1 9 -1 9 -1 9 -1 9 -1 9 -1 -2
9 -1 9 -1 9 -1 9 -1 9 -1 -2
9 -1 9 -1 9 -1 9 -1 9 -1 9 -1 9 -1 9 -1 9 -1 9 -1 9 -1 -2
9 -1 9 -1 9 -1 9 -1 9 -1 -2
9 -1 9 -1 9 -1 9 -1 9 -1 9 -1 9 -1 9 -1 9 -1 -2
9 -1 -2
9 -1 9 -1 9 -1 9 -1 9 -1 -2
9 -1 9 -1 9 -1 9 -1 -2
9 -1 9 -1 9 -1 9 -1 -2
9 -1 -2
9 -1 9 -1 9 -1 9 -1 9 -1 9 -1 9 -1 9 -1 9 -1 9 -1 -2
9 -1 9 -1 9 -1 9 -1 9 -1 9 -1 9 -1 9 -1 9 -1 9 -1 9 -1 9 -1 9 -1 9 -1 9 -1 -2
9 -1 9 -1 9 -1 9 -1 9 -1 9 -1 8 -1 9 -1 -2
9 -1 9 -1 -2
9 -1 9 -1 9 -1 9 -1 9 -1 9 -1 9 -1 -2
9 -1 -2
9 -1 9 -1 -2
9 -1 9 -1 9 -1 9 -1 -2
9 -1 9 -1 9 -1 -2
9 -1 9 -1 9 -1 9 -1 9 -1 9 -1 9 -1 -2
9 -1 -2
9 -1 9 -1 9 -1 9 -1 9 -1 9 -1 9 -1 -2
9 -1 9 -1 9 -1 9 -1 9 -1 9 -1 9 -1 9 -1 9 -1 9 -1 9 -1 9 -1 9 -1 9 -1 9 -1 9 -1 9 -1 9 -1 9 -1 9 -1 9 -1 9 -1 -2
9 -1 9 -1 -2
9 -1 9 -1 9 -1 9 -1 -2
9 -1 9 -1 9 -1 9 -1 9 -1 9 -1 9 -1 9 -1 9 -1 -2
9 -1 9 -1 9 -1 9 -1 9 -1 9 -1 9 -1 9 -1 9 -1 -2
9 -1 9 -1 9 -1 9 -1 9 -1 9 -1 9 -1 9 -1 9 -1 9 -1 9 -1 9 -1 -2
9 -1 9 -1 9 -1 9 -1 9 -1 9 -1 9 -1 9 -1 -2
9 -1 9 -1 9 -1 9 -1 -2
9 -1 9 -1 9 -1 9 -1 9 -1 9 -1 -2
9 -1 9 -1 9 -1 9 -1 9 -1 9 -1 9 -1 9 -1 9 -1 9 -1 -2
9 -1 9 -1 9 -1 9 -1 -2
9 -1 9 -1 9 -1 9 -1 9 -1 -2
9 -1 -2
9 -1 9 -1 9 -1 9 -1 9 -1 9 -1 9 -1 9 -1 -2
9 -1 9 -1 9 -1 9 -1 9 -1 -2
9 -1 9 -1 9 -1 9 -1 9 -1 9 -1 9 -1 9 -1 -2
3 -1 -2
9 -1 9 -1 9 -1 9 -1 9 -1 -2
9 -1 9 -1 9 -1 9 -1 9 -1 9 -1 -2
9 -1 9 -1 9 -1 9 -1 9 -1 9 -1 9 -1 9 -1 -2
9 -1 9 -1 -2
9 -1 9 -1 9 -1 9 -1 9 -1 9 -1 9 -1 9 -1 9 -1 9 -1 9 -1 -2
9 -1 9 -1 9 -1 9 -1 9 -1 9 -1 -2
9 -1 -2
9 -1 9 -1 9 -1 9 -1 9 -1 -2
9 -1 9 -1 9 -1 9 -1 9 -1 9 -1 9 -1 -2
9 -1 9 -1 9 -1 9 -1 9 -1 9 -1 9 -1 9 -1 9 -1 9 -1 -2
9 -1 -2
9 -1 9 -1 9 -1 -2
9 -1 9 -1 9 -1 9 -1 9 -1 9 -1 9 -1 -2
9 -1 9 -1 9 -1 9 -1 9 -1 9 -1 9 -1 9 -1 9 -1 -2
9 -1 9 -1 9 -1 9 -1 9 -1 9 -1 -2
9 -1 9 -1 9 -1 9 -1 9 -1 -2
9 -1 -2
9 -1 9 -1 9 -1 9 -1 9 -1 9 -1 9 -1 -2
9 -1 9 -1 9 -1 9 -1 9 -1 9 -1 9 -1 9 -1 9 -1 9 -1 -2
9 -1 9 -1 -2
9 -1 9 -1 9 -1 9 -1 9 -1 9 -1 -2
9 -1 -2
9 -1 9 -1 9 -1 -2
9 -1 9 -1 9 -1 9 -1 9 -1 9 -1 9 -1 -2
9 -1 9 -1 9 -1 9 -1 9 -1 9 -1 9 -1 9 -1 9 -1 9 -1 9 -1 9 -1 9 -1 9 -1 9 -1 9 -1 9 -1 -2
9 -1 9 -1 9 -1 9 -1 9 -1 9 -1 9 -1 9 -1 9 -1 9 -1 9 -1 9 -1 -2
9 -1 9 -1 9 -1 9 -1 9 -1 9 -1 9 -1 9 -1 9 -1 9 -1 -2
9 -1 9 -1 9 -1 9 -1 -2
9 -1 9 -1 9 -1 9 -1 9 -1 -2
9 -1 -2
9 -1 9 -1 9 -1 9 -1 9 -1 9 -1 9 -1 9 -1 -2
9 -1 9 -1 9 -1 9 -1 9 -1 9 -1 9 -1 9 -1 9 -1 9 -1 -2
9 -1 9 -1 9 -1 9 -1 9 -1 9 -1 9 -1 9 -1 -2
9 -1 9 -1 8 -1 9 -1 9 -1 9 -1 9 -1 9 -1 9 -1 9 -1 9 -1 9 -1 9 -1 9 -1 9 -1 9 -1 9 -1 9 -1 9 -1 9 -1 -2
9 -1 9 -1 9 -1 9 -1 9 -1 9 -1 9 -1 9 -1 9 -1 9 -1 9 -1 9 -1 9 -1 9 -1 9 -1 9 -1 9 -1 9 -1 9 -1 9 -1 9 -1 9 -1 -2
9 -1 9 -1 9 -1 -2
9 -1 9 -1 9 -1 9 -1 9 -1 9 -1 9 -1 9 -1 9 -1 9 -1 9 -1 -2
9 -1 9 -1 9 -1 9 -1 9 -1 9 -1 9 -1 9 -1 9 -1 9 -1 9 -1 -2
9 -1 9 -1 9 -1 9 -1 9 -1 9 -1 9 -1 9 -1 9 -1 9 -1 -2
9 -1 9 -1 9 -1 9 -1 9 -1 9 -1 9 -1 9 -1 9 -1 -2
9 -1 9 -1 9 -1 9 -1 9 -1 9 -1 9 -1 9 -1 9 -1 9 -1 9 -1 9 -1 9 -1 9 -1 9 -1 9 -1 -2
9 -1 9 -1 9 -1 9 -1 9 -1 -2
9 -1 9 -1 8 -1 9 -1 9 -1 9 -1 9 -1 9 -1 -2
9 -1 9 -1 9 -1 9 -1 9 -1 9 -1 9 -1 9 -1 -2
9 -1 9 -1 9 -1 9 -1 9 -1 9 -1 9 -1 9 -1 9 -1 -2
9 -1 9 -1 9 -1 9 -1 9 -1 9 -1 -2
9 -1 9 -1 9 -1 9 -1 9 -1 9 -1 9 -1 9 -1 9 -1 9 -1 9 -1 9 -1 9 -1 9 -1 -2
9 -1 9 -1 9 -1 -2
9 -1 9 -1 -2
9 -1 9 -1 9 -1 9 -1 9 -1 9 -1 9 -1 9 -1 9 -1 9 -1 9 -1 9 -1 -2
9 -1 9 -1 9 -1 9 -1 9 -1 -2
9 -1 -2
9 -1 9 -1 -2
9 -1 9 -1 9 -1 9 -1 9 -1 9 -1 9 -1 9 -1 9 -1 -2
9 -1 -2
9 -1 9 -1 9 -1 9 -1 9 -1 9 -1 9 -1 -2
9 -1 9 -1 9 -1 9 -1 9 -1 9 -1 9 -1 9 -1 -2
9 -1 9 -1 9 -1 9 -1 9 -1 9 -1 -2
9 -1 -2
9 -1 9 -1 -2
9 -1 -2
9 -1 9 -1 9 -1 9 -1 9 -1 9 -1 9 -1 -2
9 -1 9 -1 9 -1 9 -1 9 -1 -2
9 -1 8 -1 9 -1 9 -1 9 -1 9 -1 -2
9 -1 9 -1 9 -1 9 -1 9 -1 -2
9 -1 9 -1 9 -1 9 -1 9 -1 9 -1 9 -1 9 -1 9 -1 9 -1 -2
9 -1 9 -1 9 -1 -2
9 -1 9 -1 -2
9 -1 9 -1 9 -1 9 -1 9 -1 9 -1 9 -1 9 -1 9 -1 9 -1 -2
9 -1 -2
9 -1 -2
9 -1 9 -1 9 -1 9 -1 9 -1 9 -1 9 -1 -2
9 -1 9 -1 9 -1 9 -1 9 -1 9 -1 -2
9 -1 9 -1 -2
9 -1 9 -1 9 -1 9 -1 9 -1 9 -1 9 -1 9 -1 9 -1 9 -1 9 -1 9 -1 9 -1 -2
9 -1 9 -1 -2
9 -1 9 -1 9 -1 9 -1 9 -1 9 -1 9 -1 9 -1 9 -1 9 -1 9 -1 9 -1 -2
9 -1 9 -1 9 -1 9 -1 9 -1 9 -1 9 -1 -2
9 -1 9 -1 9 -1 9 -1 9 -1 9 -1 -2
9 -1 9 -1 9 -1 9 -1 9 -1 -2
9 -1 9 -1 9 -1 9 -1 9 -1 9 -1 -2
9 -1 -2
9 -1 9 -1 9 -1 9 -1 -2
9 -1 9 -1 9 -1 -2
9 -1 9 -1 9 -1 9 -1 9 -1 -2
9 -1 9 -1 9 -1 9 -1 9 -1 -2
9 -1 9 -1 -2
9 -1 9 -1 9 -1 9 -1 9 -1 9 -1 9 -1 -2
9 -1 9 -1 9 -1 9 -1 9 -1 9 -1 -2
9 -1 9 -1 9 -1 9 -1 -2
9 -1 9 -1 9 -1 9 -1 -2
9 -1 9 -1 -2
9 -1 9 -1 9 -1 9 -1 9 -1 9 -1 9 -1 9 -1 9 -1 9 -1 9 -1 -2
9 -1 9 -1 9 -1 -2
9 -1 9 -1 -2
9 -1 9 -1 9 -1 9 -1 9 -1 9 -1 9 -1 9 -1 9 -1 9 -1 9 -1 9 -1 9 -1 -2
9 -1 9 -1 9 -1 9 -1 9 -1 9 -1 9 -1 9 -1 9 -1 9 -1 9 -1 -2
9 -1 9 -1 9 -1 9 -1 9 -1 9 -1 -2
9 -1 9 -1 9 -1 9 -1 9 -1 9 -1 9 -1 9 -1 9 -1 9 -1 9 -1 9 -1 -2
9 -1 9 -1 9 -1 9 -1 9 -1 9 -1 9 -1 9 -1 9 -1 9 -1 9 -1 9 -1 -2
9 -1 -2
9 -1 9 -1 9 -1 9 -1 9 -1 9 -1 9 -1 -2
9 -1 9 -1 -2
9 -1 9 -1 9 -1 9 -1 8 -1 -2
9 -1 9 -1 9 -1 9 -1 9 -1 9 -1 9 -1 9 -1 9 -1 -2
9 -1 -2
9 -1 9 -1 9 -1 9 -1 9 -1 9 -1 9 -1 9 -1 9 -1 9 -1 9 -1 9 -1 -2
9 -1 -2
9 -1 9 -1 -2
9 -1 9 -1 9 -1 9 -1 9 -1 9 -1 9 -1 9 -1 -2
9 -1 9 -1 9 -1 9 -1 -2
9 -1 9 -1 9 -1 9 -1 9 -1 9 -1 9 -1 9 -1 9 -1 9 -1 9 -1 9 -1 9 -1 -2
9 -1 9 -1 9 -1 9 -1 9 -1 9 -1 8 -1 -2
9 -1 9 -1 9 -1 9 -1 9 -1 9 -1 9 -1 9 -1 -2
9 -1 9 -1 9 -1 9 -1 9 -1 -2
8 -1 -2
9 -1 9 -1 9 -1 9 -1 9 -1 9 -1 9 -1 9 -1 -2
9 -1 9 -1 9 -1 9 -1 -2
9 -1 9 -1 9 -1 9 -1 9 -1 9 -1 9 -1 9 -1 -2
9 -1 9 -1 9 -1 9 -1 -2
9 -1 9 -1 9 -1 9 -1 9 -1 9 -1 9 -1 -2
9 -1 -2
9 -1 9 -1 9 -1 -2
9 -1 9 -1 9 -1 9 -1 -2
9 -1 9 -1 9 -1 9 -1 9 -1 9 -1 9 -1 9 -1 -2
9 -1 9 -1 9 -1 -2
9 -1 9 -1 -2
9 -1 9 -1 9 -1 9 -1 9 -1 9 -1 -2
9 -1 -2
9 -1 9 -1 9 -1 9 -1 9 -1 9 -1 9 -1 9 -1 -2
9 -1 9 -1 9 -1 9 -1 9 -1 9 -1 9 -1 9 -1 9 -1 9 -1 9 -1 9 -1 9 -1 -2
9 -1 9 -1 9 -1 9 -1 9 -1 9 -1 9 -1 9 -1 9 -1 9 -1 -2
9 -1 9 -1 9 -1 9 -1 9 -1 9 -1 9 -1 -2
9 -1 9 -1 9 -1 9 -1 9 -1 9 -1 9 -1 9 -1 9 -1 9 -1 9 -1 9 -1 -2
9 -1 9 -1 9 -1 9 -1 9 -1 -2
9 -1 9 -1 9 -1 9 -1 9 -1 9 -1 9 -1 9 -1 9 -1 9 -1 9 -1 9 -1 9 -1 9 -1 9 -1 9 -1 9 -1 9 -1 9 -1 9 -1 9 -1 9 -1 9 -1 -2
9 -1 9 -1 9 -1 9 -1 9 -1 9 -1 9 -1 9 -1 -2
9 -1 9 -1 9 -1 9 -1 -2
9 -1 9 -1 9 -1 9 -1 9 -1 -2
9 -1 9 -1 9 -1 9 -1 9 -1 9 -1 9 -1 9 -1 -2
9 -1 9 -1 9 -1 9 -1 9 -1 9 -1 9 -1 -2
9 -1 -2
9 -1 9 -1 9 -1 9 -1 9 -1 9 -1 -2
9 -1 9 -1 9 -1 -2
9 -1 -2
9 -1 9 -1 -2
9 -1 9 -1 9 -1 9 -1 9 -1 9 -1 9 -1 9 -1 -2
9 -1 9 -1 9 -1 9 -1 9 -1 -2
9 -1 8 -1 9 -1 -2
9 -1 9 -1 9 -1 9 -1 9 -1 9 -1 9 -1 9 -1 9 -1 9 -1 -2
9 -1 9 -1 9 -1 9 -1 9 -1 9 -1 9 -1 -2
9 -1 9 -1 9 -1 9 -1 9 -1 9 -1 9 -1 9 -1 9 -1 -2
9 -1 -2
9 -1 9 -1 9 -1 9 -1 9 -1 -2
9 -1 -2
9 -1 9 -1 9 -1 -2
9 -1 9 -1 -2
9 -1 9 -1 9 -1 9 -1 9 -1 9 -1 9 -1 9 -1 -2
9 -1 9 -1 9 -1 9 -1 9 -1 -2
9 -1 9 -1 9 -1 9 -1 9 -1 9 -1 9 -1 9 -1 9 -1 9 -1 -2
9 -1 9 -1 9 -1 9 -1 9 -1 9 -1 9 -1 9 -1 9 -1 9 -1 -2
9 -1 9 -1 9 -1 9 -1 9 -1 9 -1 9 -1 9 -1 9 -1 -2
9 -1 9 -1 9 -1 9 -1 9 -1 9 -1 -2
9 -1 -2
9 -1 9 -1 -2
9 -1 9 -1 9 -1 -2
9 -1 -2
9 -1 9 -1 9 -1 9 -1 -2
9 -1 9 -1 9 -1 9 -1 9 -1 9 -1 9 -1 -2
9 -1 -2
9 -1 -2
9 -1 9 -1 9 -1 9 -1 9 -1 9 -1 9 -1 9 -1 9 -1 -2
9 -1 9 -1 9 -1 9 -1 9 -1 9 -1 9 -1 -2
9 -1 9 -1 9 -1 -2
9 -1 9 -1 9 -1 9 -1 9 -1 9 -1 9 -1 -2
9 -1 9 -1 9 -1 9 -1 -2
9 -1 9 -1 -2
9 -1 9 -1 9 -1 -2
9 -1 9 -1 9 -1 9 -1 -2
9 -1 9 -1 9 -1 9 -1 9 -1 9 -1 9 -1 9 -1 9 -1 9 -1 9 -1 9 -1 9 -1 9 -1 9 -1 9 -1 9 -1 9 -1 9 -1 9 -1 9 -1 9 -1 -2
9 -1 9 -1 9 -1 9 -1 9 -1 9 -1 -2
9 -1 9 -1 9 -1 9 -1 9 -1 9 -1 -2
9 -1 9 -1 9 -1 9 -1 9 -1 9 -1 9 -1 -2
9 -1 9 -1 9 -1 9 -1 9 -1 9 -1 -2
9 -1 9 -1 9 -1 9 -1 9 -1 9 -1 9 -1 9 -1 9 -1 9 -1 9 -1 -2
9 -1 9 -1 9 -1 9 -1 9 -1 9 -1 9 -1 9 -1 -2
9 -1 9 -1 9 -1 9 -1 9 -1 9 -1 9 -1 -2
9 -1 9 -1 9 -1 9 -1 -2
9 -1 9 -1 9 -1 9 -1 9 -1 9 -1 9 -1 9 -1 9 -1 9 -1 9 -1 9 -1 9 -1 9 -1 9 -1 9 -1 9 -1 9 -1 9 -1 9 -1 9 -1 9 -1 9 -1 9 -1 9 -1 -2
9 -1 9 -1 9 -1 9 -1 9 -1 9 -1 -2
9 -1 9 -1 -2
9 -1 9 -1 9 -1 9 -1 -2
9 -1 9 -1 9 -1 9 -1 9 -1 9 -1 9 -1 9 -1 9 -1 -2
9 -1 9 -1 9 -1 9 -1 9 -1 -2
9 -1 9 -1 9 -1 9 -1 9 -1 9 -1 9 -1 9 -1 9 -1 9 -1 9 -1 9 -1 9 -1 9 -1 -2
9 -1 9 -1 9 -1 -2
9 -1 -2
9 -1 9 -1 9 -1 9 -1 9 -1 9 -1 9 -1 9 -1 9 -1 9 -1 9 -1 -2
9 -1 9 -1 9 -1 9 -1 -2
9 -1 -2
9 -1 9 -1 9 -1 9 -1 9 -1 9 -1 9 -1 9 -1 9 -1 9 -1 9 -1 9 -1 9 -1 9 -1 9 -1 9 -1 9 -1 9 -1 9 -1 -2
9 -1 9 -1 9 -1 9 -1 9 -1 9 -1 9 -1 9 -1 9 -1 9 -1 -2
9 -1 9 -1 9 -1 -2
9 -1 9 -1 9 -1 9 -1 9 -1 9 -1 9 -1 9 -1 9 -1 9 -1 9 -1 -2
9 -1 9 -1 9 -1 9 -1 9 -1 9 -1 9 -1 9 -1 9 -1 -2
9 -1 9 -1 7 -1 9 -1 9 -1 -2
9 -1 9 -1 9 -1 -2
9 -1 9 -1 9 -1 9 -1 9 -1 9 -1 9 -1 9 -1 -2
9 -1 9 -1 9 -1 9 -1 9 -1 9 -1 9 -1 9 -1 9 -1 9 -1 9 -1 9 -1 -2
9 -1 9 -1 9 -1 9 -1 9 -1 9 -1 9 -1 -2
9 -1 9 -1 9 -1 9 -1 9 -1 9 -1 9 -1 9 -1 9 -1 9 -1 9 -1 9 -1 -2
9 -1 9 -1 9 -1 9 -1 9 -1 -2
9 -1 9 -1 9 -1 9 -1 9 -1 9 -1 9 -1 9 -1 9 -1 9 -1 9 -1 9 -1 9 -1 9 -1 9 -1 9 -1 9 -1 -2
9 -1 9 -1 9 -1 9 -1 -2
9 -1 9 -1 9 -1 9 -1 9 -1 9 -1 -2
9 -1 9 -1 9 -1 9 -1 9 -1 9 -1 9 -1 9 -1 9 -1 -2
9 -1 9 -1 9 -1 9 -1 9 -1 9 -1 9 -1 9 -1 9 -1 9 -1 -2
9 -1 9 -1 9 -1 9 -1 9 -1 9 -1 -2
9 -1 9 -1 9 -1 9 -1 -2
9 -1 9 -1 9 -1 -2
9 -1 -2
9 -1 -2
9 -1 9 -1 9 -1 9 -1 9 -1 9 -1 9 -1 9 -1 9 -1 9 -1 9 -1 -2
9 -1 9 -1 9 -1 9 -1 9 -1 9 -1 9 -1 9 -1 9 -1 9 -1 9 -1 9 -1 9 -1 -2
9 -1 9 -1 9 -1 9 -1 -2
9 -1 -2
9 -1 9 -1 9 -1 9 -1 9 -1 9 -1 -2
9 -1 -2
9 -1 9 -1 9 -1 9 -1 9 -1 9 -1 9 -1 9 -1 9 -1 9 -1 9 -1 9 -1 9 -1 9 -1 -2
9 -1 9 -1 9 -1 9 -1 9 -1 9 -1 9 -1 9 -1 -2
9 -1 9 -1 -2
9 -1 9 -1 9 -1 9 -1 9 -1 9 -1 9 -1 9 -1 9 -1 9 -1 9 -1 -2
9 -1 9 -1 9 -1 9 -1 9 -1 9 -1 9 -1 9 -1 -2
9 -1 9 -1 9 -1 9 -1 9 -1 9 -1 9 -1 9 -1 9 -1 9 -1 9 -1 -2
9 -1 9 -1 9 -1 9 -1 9 -1 9 -1 -2
9 -1 9 -1 9 -1 9 -1 -2
9 -1 9 -1 9 -1 9 -1 9 -1 9 -1 9 -1 9 -1 9 -1 9 -1 9 -1 9 -1 9 -1 9 -1 9 -1 9 -1 9 -1 9 -1 9 -1 9 -1 9 -1 9 -1 9 -1 9 -1 9 -1 9 -1 -2
9 -1 9 -1 -2
9 -1 9 -1 9 -1 9 -1 -2
9 -1 9 -1 -2
9 -1 -2
9 -1 9 -1 9 -1 9 -1 9 -1 9 -1 9 -1 9 -1 -2
9 -1 9 -1 -2
9 -1 9 -1 9 -1 9 -1 9 -1 9 -1 9 -1 9 -1 9 -1 -2
9 -1 9 -1 9 -1 -2
9 -1 9 -1 9 -1 9 -1 -2
9 -1 -2
