67 -1 44 -1 67 -1 44 -1 67 -1 44 -1 -2
44 -1 67 -1 44 -1 67 -1 44 -1 -2
44 -1 67 -1 44 -1 67 -1 44 -1 -2
44 -1 67 -1 44 -1 67 -1 44 -1 67 -1 -2
44 -1 44 -1 253 -1 44 -1 299 -1 -2
44 -1 67 -1 44 -1 67 -1 44 -1 -2
67 -1 44 -1 67 -1 44 -1 67 -1 44 -1 -2
44 -1 67 -1 44 -1 67 -1 44 -1 -2
44 -1 67 -1 44 -1 44 -1 67 -1 -2
44 -1 67 -1 44 -1 67 -1 44 -1 -2
44 -1 276 -1 44 -1 437 -1 44 -1 -2
44 -1 368 -1 44 -1 67 -1 44 -1 -2
44 -1 67 -1 44 -1 67 -1 44 -1 -2
44 -1 67 -1 44 -1 67 -1 44 -1 -2
44 -1 67 -1 44 -1 67 -1 44 -1 -2
