62 -1 54 -1 462 -1 54 -1 54 -1 54 -1 54 -1 54 -1 466 -1 54 -1 54 -1 54 -1 54 -1 467 -1 54 -1 485 -1 54 -1 671 -1 54 -1 685 -1 54 -1 678 -1 54 -1 54 -1 682 -1 54 -1 54 -1 54 -1 54 -1 54 -1 54 -1 54 -1 54 -1 54 -1 54 -1 54 -1 54 -1 54 -1 688 -1 54 -1 54 -1 54 -1 691 -1 54 -1 54 -1 685 -1 54 -1 -2
62 -1 54 -1 463 -1 54 -1 54 -1 54 -1 54 -1 -2
62 -1 54 -1 484 -1 54 -1 483 -1 54 -1 483 -1 54 -1 54 -1 54 -1 54 -1 483 -1 54 -1 54 -1 54 -1 54 -1 54 -1 491 -1 54 -1 483 -1 54 -1 54 -1 484 -1 54 -1 54 -1 54 -1 54 -1 54 -1 481 -1 54 -1 54 -1 54 -1 54 -1 480 -1 54 -1 54 -1 54 -1 54 -1 54 -1 478 -1 54 -1 54 -1 54 -1 54 -1 484 -1 54 -1 54 -1 54 -1 484 -1 54 -1 54 -1 482 -1 54 -1 54 -1 54 -1 54 -1 486 -1 54 -1 483 -1 54 -1 54 -1 54 -1 54 -1 54 -1 500 -1 54 -1 54 -1 491 -1 54 -1 54 -1 -2
62 -1 54 -1 484 -1 54 -1 54 -1 54 -1 54 -1 54 -1 54 -1 480 -1 54 -1 501 -1 54 -1 54 -1 54 -1 54 -1 486 -1 54 -1 54 -1 54 -1 481 -1 54 -1 54 -1 54 -1 54 -1 54 -1 54 -1 54 -1 478 -1 54 -1 482 -1 54 -1 54 -1 54 -1 54 -1 484 -1 54 -1 54 -1 54 -1 54 -1 54 -1 54 -1 480 -1 54 -1 54 -1 54 -1 54 -1 54 -1 496 -1 54 -1 54 -1 54 -1 54 -1 491 -1 54 -1 481 -1 54 -1 54 -1 54 -1 54 -1 486 -1 54 -1 54 -1 54 -1 54 -1 482 -1 54 -1 54 -1 54 -1 54 -1 54 -1 54 -1 54 -1 54 -1 483 -1 54 -1 54 -1 476 -1 54 -1 54 -1 481 -1 54 -1 -2
62 -1 54 -1 530 -1 54 -1 804 -1 54 -1 -2
62 -1 54 -1 696 -1 54 -1 54 -1 54 -1 54 -1 54 -1 54 -1 54 -1 -2
62 -1 54 -1 427 -1 54 -1 54 -1 54 -1 54 -1 54 -1 440 -1 54 -1 54 -1 54 -1 54 -1 437 -1 54 -1 54 -1 54 -1 453 -1 54 -1 54 -1 435 -1 54 -1 54 -1 54 -1 54 -1 431 -1 54 -1 54 -1 443 -1 54 -1 54 -1 54 -1 54 -1 54 -1 432 -1 54 -1 54 -1 54 -1 433 -1 54 -1 54 -1 434 -1 54 -1 54 -1 440 -1 54 -1 54 -1 437 -1 54 -1 54 -1 54 -1 54 -1 54 -1 435 -1 54 -1 54 -1 54 -1 54 -1 54 -1 54 -1 54 -1 54 -1 54 -1 54 -1 54 -1 54 -1 434 -1 54 -1 54 -1 54 -1 434 -1 54 -1 54 -1 434 -1 54 -1 54 -1 54 -1 -2
62 -1 54 -1 687 -1 54 -1 687 -1 54 -1 639 -1 54 -1 599 -1 54 -1 -2
62 -1 54 -1 588 -1 54 -1 583 -1 54 -1 54 -1 54 -1 54 -1 54 -1 54 -1 583 -1 54 -1 54 -1 54 -1 54 -1 54 -1 54 -1 54 -1 54 -1 54 -1 54 -1 54 -1 577 -1 54 -1 570 -1 54 -1 566 -1 54 -1 54 -1 590 -1 54 -1 591 -1 54 -1 54 -1 54 -1 54 -1 54 -1 596 -1 54 -1 589 -1 54 -1 583 -1 54 -1 582 -1 583 -1 582 -1 583 -1 54 -1 -2
62 -1 54 -1 640 -1 54 -1 547 -1 54 -1 -2
62 -1 54 -1 475 -1 54 -1 544 -1 54 -1 -2
62 -1 54 -1 582 -1 54 -1 644 -1 54 -1 -2
62 -1 54 -1 533 -1 443 -1 54 -1 515 -1 540 -1 54 -1 420 -1 54 -1 448 -1 54 -1 441 -1 54 -1 475 -1 54 -1 445 -1 54 -1 442 -1 54 -1 541 -1 54 -1 -2
62 -1 54 -1 537 -1 54 -1 516 -1 417 -1 54 -1 445 -1 54 -1 539 -1 477 -1 446 -1 54 -1 471 -1 54 -1 -2
62 -1 54 -1 893 -1 54 -1 54 -1 54 -1 54 -1 54 -1 54 -1 54 -1 54 -1 54 -1 54 -1 54 -1 54 -1 54 -1 54 -1 54 -1 -2
62 -1 54 -1 484 -1 54 -1 54 -1 54 -1 54 -1 54 -1 54 -1 54 -1 54 -1 54 -1 54 -1 54 -1 54 -1 54 -1 54 -1 54 -1 54 -1 54 -1 54 -1 54 -1 54 -1 54 -1 54 -1 54 -1 54 -1 54 -1 54 -1 54 -1 54 -1 54 -1 54 -1 54 -1 54 -1 54 -1 54 -1 54 -1 54 -1 54 -1 54 -1 54 -1 54 -1 54 -1 54 -1 54 -1 54 -1 54 -1 54 -1 54 -1 54 -1 54 -1 54 -1 54 -1 54 -1 54 -1 54 -1 54 -1 54 -1 54 -1 54 -1 54 -1 54 -1 54 -1 54 -1 54 -1 54 -1 54 -1 54 -1 54 -1 54 -1 54 -1 54 -1 54 -1 54 -1 54 -1 54 -1 54 -1 54 -1 54 -1 54 -1 54 -1 54 -1 54 -1 54 -1 54 -1 54 -1 54 -1 54 -1 54 -1 54 -1 54 -1 54 -1 54 -1 54 -1 54 -1 54 -1 54 -1 54 -1 54 -1 54 -1 54 -1 54 -1 54 -1 54 -1 54 -1 54 -1 54 -1 54 -1 54 -1 54 -1 54 -1 54 -1 54 -1 54 -1 54 -1 54 -1 54 -1 54 -1 54 -1 54 -1 54 -1 54 -1 54 -1 54 -1 54 -1 54 -1 54 -1 54 -1 54 -1 54 -1 54 -1 54 -1 54 -1 54 -1 54 -1 54 -1 54 -1 54 -1 54 -1 54 -1 54 -1 54 -1 54 -1 54 -1 54 -1 54 -1 54 -1 54 -1 54 -1 54 -1 54 -1 54 -1 54 -1 54 -1 54 -1 54 -1 54 -1 54 -1 54 -1 54 -1 54 -1 54 -1 54 -1 54 -1 54 -1 54 -1 54 -1 54 -1 54 -1 54 -1 54 -1 54 -1 54 -1 54 -1 54 -1 54 -1 54 -1 54 -1 54 -1 54 -1 54 -1 54 -1 54 -1 54 -1 54 -1 54 -1 54 -1 54 -1 54 -1 54 -1 54 -1 54 -1 54 -1 54 -1 54 -1 54 -1 54 -1 54 -1 54 -1 54 -1 54 -1 54 -1 54 -1 54 -1 54 -1 54 -1 54 -1 54 -1 54 -1 54 -1 54 -1 54 -1 54 -1 54 -1 54 -1 54 -1 54 -1 54 -1 54 -1 54 -1 54 -1 54 -1 54 -1 54 -1 54 -1 54 -1 54 -1 54 -1 54 -1 54 -1 54 -1 54 -1 54 -1 54 -1 54 -1 54 -1 54 -1 54 -1 54 -1 54 -1 54 -1 54 -1 54 -1 54 -1 54 -1 54 -1 54 -1 54 -1 54 -1 54 -1 54 -1 54 -1 54 -1 54 -1 54 -1 54 -1 54 -1 54 -1 54 -1 54 -1 54 -1 54 -1 54 -1 54 -1 54 -1 54 -1 54 -1 54 -1 54 -1 54 -1 54 -1 54 -1 54 -1 54 -1 54 -1 54 -1 54 -1 54 -1 54 -1 54 -1 54 -1 54 -1 54 -1 54 -1 54 -1 54 -1 54 -1 54 -1 54 -1 54 -1 54 -1 54 -1 54 -1 54 -1 54 -1 54 -1 54 -1 54 -1 -2
