62 -1 60 -1 121 -1 60 -1 60 -1 -2
62 -1 60 -1 121 -1 60 -1 60 -1 60 -1 60 -1 60 -1 60 -1 60 -1 60 -1 60 -1 60 -1 60 -1 60 -1 60 -1 60 -1 -2
62 -1 60 -1 307 -1 60 -1 60 -1 60 -1 60 -1 60 -1 60 -1 60 -1 60 -1 60 -1 60 -1 60 -1 60 -1 60 -1 60 -1 60 -1 -2
62 -1 60 -1 177 -1 138 -1 60 -1 60 -1 60 -1 60 -1 60 -1 60 -1 60 -1 145 -1 160 -1 60 -1 60 -1 -2
62 -1 60 -1 747 -1 60 -1 146 -1 60 -1 146 -1 148 -1 148 -1 119 -1 117 -1 117 -1 121 -1 121 -1 116 -1 121 -1 117 -1 117 -1 117 -1 117 -1 117 -1 121 -1 121 -1 121 -1 60 -1 60 -1 -2
62 -1 60 -1 123 -1 60 -1 60 -1 60 -1 60 -1 60 -1 60 -1 60 -1 60 -1 -2
62 -1 60 -1 134 -1 60 -1 60 -1 66 -1 66 -1 66 -1 66 -1 66 -1 60 -1 60 -1 60 -1 60 -1 60 -1 60 -1 60 -1 60 -1 60 -1 60 -1 60 -1 60 -1 60 -1 60 -1 -2
62 -1 60 -1 175 -1 60 -1 60 -1 60 -1 60 -1 60 -1 60 -1 60 -1 60 -1 60 -1 60 -1 60 -1 60 -1 60 -1 -2
62 -1 60 -1 119 -1 60 -1 60 -1 -2
62 -1 60 -1 152 -1 60 -1 60 -1 60 -1 60 -1 60 -1 60 -1 60 -1 60 -1 60 -1 60 -1 60 -1 60 -1 60 -1 60 -1 128 -1 60 -1 60 -1 60 -1 60 -1 60 -1 132 -1 60 -1 128 -1 60 -1 60 -1 60 -1 60 -1 60 -1 60 -1 60 -1 60 -1 60 -1 60 -1 60 -1 60 -1 60 -1 60 -1 141 -1 60 -1 60 -1 60 -1 60 -1 124 -1 124 -1 60 -1 130 -1 60 -1 60 -1 60 -1 60 -1 129 -1 60 -1 60 -1 60 -1 60 -1 124 -1 131 -1 130 -1 128 -1 60 -1 126 -1 130 -1 60 -1 126 -1 60 -1 128 -1 133 -1 135 -1 140 -1 60 -1 60 -1 60 -1 60 -1 60 -1 60 -1 60 -1 140 -1 60 -1 60 -1 60 -1 60 -1 60 -1 60 -1 140 -1 60 -1 60 -1 60 -1 60 -1 60 -1 60 -1 140 -1 60 -1 60 -1 60 -1 60 -1 60 -1 60 -1 60 -1 -2
62 -1 60 -1 134 -1 60 -1 60 -1 60 -1 60 -1 66 -1 66 -1 66 -1 66 -1 66 -1 60 -1 60 -1 66 -1 66 -1 60 -1 60 -1 60 -1 60 -1 60 -1 60 -1 60 -1 60 -1 60 -1 60 -1 60 -1 -2
62 -1 60 -1 119 -1 119 -1 117 -1 117 -1 121 -1 121 -1 116 -1 121 -1 117 -1 117 -1 117 -1 117 -1 117 -1 121 -1 121 -1 121 -1 60 -1 60 -1 -2
62 -1 60 -1 324 -1 60 -1 60 -1 60 -1 60 -1 60 -1 60 -1 60 -1 60 -1 60 -1 60 -1 60 -1 60 -1 60 -1 60 -1 -2
62 -1 60 -1 144 -1 60 -1 125 -1 60 -1 129 -1 60 -1 117 -1 60 -1 121 -1 60 -1 120 -1 122 -1 128 -1 127 -1 60 -1 125 -1 60 -1 123 -1 60 -1 127 -1 60 -1 123 -1 125 -1 130 -1 132 -1 60 -1 137 -1 60 -1 137 -1 60 -1 137 -1 60 -1 137 -1 60 -1 60 -1 -2
62 -1 60 -1 147 -1 60 -1 60 -1 60 -1 60 -1 60 -1 66 -1 66 -1 66 -1 66 -1 66 -1 66 -1 66 -1 66 -1 66 -1 60 -1 60 -1 128 -1 60 -1 60 -1 60 -1 60 -1 60 -1 132 -1 120 -1 60 -1 60 -1 60 -1 60 -1 60 -1 124 -1 123 -1 60 -1 125 -1 60 -1 131 -1 130 -1 128 -1 126 -1 130 -1 126 -1 60 -1 128 -1 60 -1 133 -1 135 -1 140 -1 60 -1 60 -1 60 -1 60 -1 60 -1 60 -1 60 -1 140 -1 60 -1 60 -1 60 -1 60 -1 60 -1 60 -1 140 -1 60 -1 60 -1 60 -1 60 -1 60 -1 60 -1 140 -1 60 -1 60 -1 60 -1 60 -1 60 -1 60 -1 60 -1 -2
62 -1 60 -1 896 -1 60 -1 60 -1 -2
62 -1 60 -1 765 -1 60 -1 118 -1 60 -1 60 -1 -2
62 -1 60 -1 114 -1 60 -1 60 -1 60 -1 66 -1 66 -1 66 -1 66 -1 66 -1 66 -1 60 -1 60 -1 60 -1 60 -1 60 -1 60 -1 60 -1 60 -1 60 -1 -2
62 -1 60 -1 129 -1 60 -1 60 -1 60 -1 60 -1 60 -1 60 -1 60 -1 60 -1 60 -1 60 -1 60 -1 60 -1 60 -1 60 -1 -2
62 -1 60 -1 157 -1 60 -1 125 -1 60 -1 129 -1 117 -1 60 -1 128 -1 117 -1 128 -1 117 -1 128 -1 117 -1 128 -1 117 -1 60 -1 128 -1 117 -1 60 -1 128 -1 117 -1 60 -1 128 -1 60 -1 117 -1 60 -1 128 -1 117 -1 60 -1 128 -1 60 -1 117 -1 60 -1 128 -1 60 -1 117 -1 60 -1 128 -1 60 -1 117 -1 60 -1 128 -1 117 -1 128 -1 117 -1 128 -1 117 -1 60 -1 128 -1 128 -1 60 -1 127 -1 60 -1 125 -1 123 -1 127 -1 123 -1 125 -1 130 -1 132 -1 60 -1 137 -1 60 -1 137 -1 60 -1 137 -1 60 -1 137 -1 60 -1 60 -1 -2
62 -1 60 -1 163 -1 60 -1 60 -1 60 -1 60 -1 60 -1 60 -1 -2
62 -1 60 -1 887 -1 60 -1 112 -1 60 -1 883 -1 60 -1 115 -1 60 -1 60 -1 -2
62 -1 60 -1 163 -1 60 -1 60 -1 60 -1 60 -1 60 -1 60 -1 60 -1 60 -1 -2
62 -1 60 -1 157 -1 143 -1 60 -1 155 -1 160 -1 160 -1 151 -1 163 -1 60 -1 161 -1 60 -1 60 -1 60 -1 60 -1 60 -1 60 -1 60 -1 60 -1 60 -1 60 -1 60 -1 60 -1 60 -1 60 -1 -2
62 -1 60 -1 163 -1 60 -1 60 -1 60 -1 60 -1 60 -1 60 -1 -2
62 -1 60 -1 149 -1 60 -1 125 -1 60 -1 129 -1 60 -1 117 -1 60 -1 122 -1 122 -1 125 -1 122 -1 127 -1 122 -1 127 -1 60 -1 127 -1 60 -1 125 -1 60 -1 129 -1 60 -1 117 -1 60 -1 122 -1 60 -1 127 -1 60 -1 125 -1 60 -1 125 -1 130 -1 60 -1 132 -1 60 -1 127 -1 60 -1 127 -1 60 -1 125 -1 137 -1 60 -1 127 -1 125 -1 123 -1 60 -1 127 -1 60 -1 123 -1 125 -1 130 -1 60 -1 132 -1 60 -1 137 -1 60 -1 137 -1 60 -1 137 -1 60 -1 137 -1 60 -1 60 -1 -2
62 -1 60 -1 227 -1 60 -1 60 -1 60 -1 60 -1 60 -1 60 -1 60 -1 60 -1 -2
62 -1 60 -1 126 -1 60 -1 128 -1 60 -1 127 -1 60 -1 125 -1 60 -1 123 -1 127 -1 123 -1 60 -1 127 -1 125 -1 60 -1 137 -1 60 -1 137 -1 60 -1 128 -1 60 -1 137 -1 60 -1 60 -1 -2
62 -1 60 -1 134 -1 60 -1 139 -1 60 -1 -2
62 -1 60 -1 143 -1 125 -1 137 -1 60 -1 60 -1 60 -1 60 -1 60 -1 60 -1 60 -1 60 -1 60 -1 60 -1 60 -1 60 -1 119 -1 125 -1 137 -1 60 -1 60 -1 60 -1 60 -1 60 -1 60 -1 60 -1 60 -1 60 -1 60 -1 60 -1 60 -1 60 -1 -2
62 -1 60 -1 233 -1 210 -1 60 -1 -2
62 -1 60 -1 285 -1 95 -1 60 -1 60 -1 60 -1 60 -1 60 -1 60 -1 60 -1 60 -1 60 -1 60 -1 60 -1 60 -1 60 -1 60 -1 60 -1 60 -1 -2
62 -1 60 -1 119 -1 60 -1 60 -1 60 -1 60 -1 60 -1 60 -1 60 -1 60 -1 60 -1 60 -1 60 -1 60 -1 60 -1 128 -1 60 -1 60 -1 60 -1 60 -1 60 -1 132 -1 60 -1 119 -1 60 -1 60 -1 60 -1 60 -1 60 -1 60 -1 60 -1 60 -1 60 -1 60 -1 60 -1 60 -1 60 -1 139 -1 60 -1 60 -1 60 -1 60 -1 60 -1 124 -1 125 -1 60 -1 131 -1 60 -1 130 -1 60 -1 128 -1 126 -1 130 -1 126 -1 60 -1 128 -1 60 -1 133 -1 135 -1 140 -1 60 -1 60 -1 60 -1 60 -1 60 -1 60 -1 60 -1 140 -1 60 -1 60 -1 60 -1 60 -1 60 -1 60 -1 140 -1 60 -1 60 -1 60 -1 60 -1 60 -1 60 -1 140 -1 60 -1 60 -1 60 -1 60 -1 60 -1 60 -1 60 -1 -2
62 -1 60 -1 191 -1 191 -1 191 -1 191 -1 -2
