60 -1 60 -1 949 -1 60 -1 60 -1 -2
60 -1 60 -1 954 -1 60 -1 60 -1 -2
60 -1 60 -1 954 -1 60 -1 60 -1 -2
60 -1 60 -1 952 -1 60 -1 60 -1 -2
60 -1 60 -1 954 -1 60 -1 60 -1 -2
60 -1 60 -1 948 -1 60 -1 60 -1 -2
60 -1 60 -1 948 -1 60 -1 60 -1 -2
60 -1 60 -1 948 -1 60 -1 60 -1 -2
60 -1 60 -1 951 -1 60 -1 60 -1 -2
60 -1 60 -1 954 -1 60 -1 60 -1 -2
60 -1 60 -1 951 -1 60 -1 60 -1 -2
60 -1 60 -1 948 -1 60 -1 60 -1 -2
60 -1 60 -1 951 -1 60 -1 60 -1 -2
60 -1 60 -1 951 -1 60 -1 60 -1 -2
60 -1 60 -1 951 -1 60 -1 60 -1 -2
60 -1 60 -1 952 -1 60 -1 60 -1 -2
60 -1 60 -1 954 -1 60 -1 60 -1 -2
60 -1 60 -1 948 -1 60 -1 60 -1 -2
60 -1 60 -1 954 -1 60 -1 60 -1 -2
60 -1 60 -1 948 -1 60 -1 60 -1 -2
60 -1 60 -1 951 -1 60 -1 60 -1 -2
60 -1 60 -1 951 -1 60 -1 60 -1 -2
60 -1 60 -1 951 -1 60 -1 60 -1 -2
60 -1 60 -1 954 -1 60 -1 60 -1 -2
60 -1 60 -1 952 -1 60 -1 60 -1 -2
60 -1 60 -1 954 -1 60 -1 60 -1 -2
60 -1 60 -1 948 -1 60 -1 60 -1 -2
60 -1 60 -1 954 -1 60 -1 60 -1 -2
60 -1 60 -1 938 -1 60 -1 60 -1 -2
60 -1 60 -1 948 -1 60 -1 60 -1 -2
60 -1 60 -1 951 -1 60 -1 60 -1 -2
60 -1 60 -1 951 -1 60 -1 60 -1 -2
60 -1 60 -1 949 -1 60 -1 60 -1 -2
60 -1 60 -1 949 -1 60 -1 60 -1 -2
60 -1 60 -1 954 -1 60 -1 60 -1 -2
60 -1 60 -1 952 -1 60 -1 60 -1 -2
60 -1 60 -1 954 -1 60 -1 60 -1 -2
60 -1 60 -1 948 -1 60 -1 60 -1 -2
60 -1 60 -1 949 -1 60 -1 60 -1 -2
60 -1 60 -1 954 -1 60 -1 60 -1 -2
60 -1 60 -1 948 -1 60 -1 60 -1 -2
60 -1 60 -1 951 -1 60 -1 60 -1 -2
60 -1 60 -1 951 -1 60 -1 60 -1 -2
60 -1 60 -1 949 -1 60 -1 60 -1 -2
60 -1 60 -1 949 -1 60 -1 60 -1 -2
60 -1 60 -1 954 -1 60 -1 60 -1 -2
60 -1 60 -1 952 -1 60 -1 60 -1 -2
60 -1 60 -1 954 -1 60 -1 60 -1 -2
60 -1 60 -1 948 -1 60 -1 60 -1 -2
60 -1 60 -1 954 -1 60 -1 60 -1 -2
60 -1 60 -1 948 -1 60 -1 60 -1 -2
60 -1 60 -1 951 -1 60 -1 60 -1 -2
60 -1 60 -1 951 -1 60 -1 60 -1 -2
60 -1 60 -1 954 -1 60 -1 60 -1 -2
60 -1 60 -1 952 -1 60 -1 60 -1 -2
60 -1 60 -1 954 -1 60 -1 60 -1 -2
60 -1 60 -1 948 -1 60 -1 60 -1 -2
60 -1 60 -1 954 -1 60 -1 60 -1 -2
60 -1 60 -1 948 -1 60 -1 60 -1 -2
60 -1 60 -1 951 -1 60 -1 60 -1 -2
60 -1 60 -1 949 -1 60 -1 60 -1 -2
60 -1 60 -1 951 -1 60 -1 60 -1 -2
60 -1 60 -1 949 -1 60 -1 60 -1 -2
60 -1 60 -1 954 -1 60 -1 60 -1 -2
60 -1 60 -1 952 -1 60 -1 60 -1 -2
60 -1 60 -1 949 -1 60 -1 60 -1 -2
60 -1 60 -1 949 -1 60 -1 60 -1 -2
60 -1 60 -1 949 -1 60 -1 60 -1 -2
60 -1 60 -1 954 -1 60 -1 60 -1 -2
60 -1 60 -1 949 -1 60 -1 60 -1 -2
60 -1 60 -1 954 -1 60 -1 60 -1 -2
60 -1 60 -1 952 -1 60 -1 60 -1 -2
60 -1 60 -1 954 -1 60 -1 60 -1 -2
60 -1 60 -1 954 -1 60 -1 60 -1 -2
60 -1 60 -1 952 -1 60 -1 60 -1 -2
60 -1 60 -1 948 -1 60 -1 60 -1 -2
60 -1 60 -1 948 -1 60 -1 60 -1 -2
60 -1 60 -1 954 -1 60 -1 60 -1 -2
60 -1 60 -1 954 -1 60 -1 60 -1 -2
60 -1 60 -1 948 -1 60 -1 60 -1 -2
60 -1 60 -1 948 -1 60 -1 60 -1 -2
60 -1 60 -1 954 -1 60 -1 60 -1 -2
60 -1 60 -1 954 -1 60 -1 60 -1 -2
60 -1 60 -1 951 -1 60 -1 60 -1 -2
60 -1 60 -1 951 -1 60 -1 60 -1 -2
