62 -1 60 -1 676 -1 60 -1 60 -1 -2
62 -1 60 -1 676 -1 60 -1 60 -1 -2
62 -1 60 -1 676 -1 60 -1 60 -1 -2
62 -1 60 -1 675 -1 60 -1 60 -1 -2
62 -1 60 -1 676 -1 60 -1 60 -1 -2
62 -1 60 -1 663 -1 60 -1 60 -1 -2
62 -1 60 -1 675 -1 60 -1 60 -1 -2
62 -1 60 -1 676 -1 60 -1 60 -1 -2
62 -1 60 -1 676 -1 60 -1 60 -1 62 -1 60 -1 676 -1 60 -1 60 -1 -2
62 -1 60 -1 676 -1 60 -1 60 -1 -2
62 -1 60 -1 675 -1 60 -1 60 -1 -2
62 -1 60 -1 652 -1 60 -1 60 -1 -2
62 -1 60 -1 676 -1 60 -1 60 -1 -2
62 -1 60 -1 670 -1 60 -1 60 -1 -2
62 -1 60 -1 675 -1 60 -1 60 -1 -2
62 -1 60 -1 676 -1 60 -1 60 -1 -2
62 -1 60 -1 666 -1 60 -1 60 -1 -2
62 -1 60 -1 676 -1 60 -1 60 -1 -2
62 -1 60 -1 675 -1 60 -1 60 -1 -2
62 -1 60 -1 653 -1 60 -1 60 -1 -2
62 -1 60 -1 676 -1 60 -1 60 -1 -2
62 -1 60 -1 676 -1 60 -1 60 -1 -2
62 -1 60 -1 675 -1 60 -1 60 -1 -2
62 -1 60 -1 675 -1 60 -1 60 -1 -2
62 -1 60 -1 676 -1 60 -1 60 -1 -2
62 -1 60 -1 675 -1 60 -1 60 -1 -2
62 -1 60 -1 676 -1 60 -1 60 -1 -2
62 -1 60 -1 676 -1 60 -1 60 -1 -2
62 -1 60 -1 676 -1 60 -1 60 -1 -2
62 -1 60 -1 676 -1 60 -1 60 -1 -2
62 -1 60 -1 675 -1 60 -1 60 -1 -2
62 -1 60 -1 659 -1 60 -1 60 -1 -2
62 -1 60 -1 676 -1 60 -1 60 -1 -2
62 -1 60 -1 675 -1 60 -1 60 -1 -2
62 -1 60 -1 676 -1 60 -1 60 -1 -2
62 -1 60 -1 676 -1 60 -1 60 -1 -2
62 -1 60 -1 676 -1 60 -1 60 -1 -2
62 -1 60 -1 485 -1 60 -1 60 -1 -2
62 -1 60 -1 675 -1 60 -1 60 -1 -2
62 -1 60 -1 676 -1 60 -1 60 -1 -2
62 -1 60 -1 676 -1 60 -1 60 -1 -2
62 -1 60 -1 675 -1 60 -1 60 -1 -2
62 -1 60 -1 485 -1 60 -1 60 -1 -2
62 -1 60 -1 675 -1 60 -1 60 -1 -2
62 -1 60 -1 653 -1 60 -1 60 -1 -2
62 -1 60 -1 676 -1 60 -1 60 -1 -2
62 -1 60 -1 676 -1 60 -1 60 -1 -2
62 -1 60 -1 676 -1 60 -1 60 -1 -2
62 -1 60 -1 676 -1 60 -1 60 -1 -2
62 -1 60 -1 675 -1 60 -1 60 -1 -2
62 -1 60 -1 676 -1 60 -1 60 -1 -2
62 -1 60 -1 676 -1 60 -1 60 -1 -2
62 -1 60 -1 676 -1 60 -1 60 -1 -2
62 -1 60 -1 485 -1 60 -1 60 -1 -2
62 -1 60 -1 675 -1 60 -1 60 -1 -2
62 -1 60 -1 676 -1 60 -1 60 -1 -2
62 -1 60 -1 673 -1 60 -1 60 -1 -2
62 -1 60 -1 676 -1 60 -1 60 -1 -2
62 -1 60 -1 676 -1 60 -1 60 -1 -2
62 -1 60 -1 676 -1 60 -1 60 -1 -2
62 -1 60 -1 653 -1 60 -1 60 -1 -2
62 -1 60 -1 676 -1 60 -1 60 -1 -2
62 -1 60 -1 485 -1 60 -1 60 -1 -2
62 -1 60 -1 675 -1 60 -1 60 -1 -2
62 -1 60 -1 675 -1 60 -1 60 -1 -2
62 -1 60 -1 485 -1 60 -1 60 -1 -2
62 -1 60 -1 485 -1 60 -1 60 -1 -2
62 -1 60 -1 675 -1 60 -1 60 -1 -2
62 -1 60 -1 676 -1 60 -1 60 -1 -2
62 -1 60 -1 676 -1 60 -1 60 -1 -2
62 -1 60 -1 675 -1 60 -1 60 -1 -2
62 -1 60 -1 675 -1 60 -1 60 -1 -2
62 -1 60 -1 675 -1 60 -1 60 -1 -2
62 -1 60 -1 675 -1 60 -1 60 -1 -2
62 -1 60 -1 676 -1 60 -1 60 -1 -2
62 -1 60 -1 676 -1 60 -1 60 -1 -2
62 -1 60 -1 653 -1 60 -1 60 -1 -2
62 -1 60 -1 676 -1 60 -1 60 -1 62 -1 60 -1 663 -1 60 -1 60 -1 -2
62 -1 60 -1 675 -1 60 -1 60 -1 -2
62 -1 60 -1 675 -1 60 -1 60 -1 -2
62 -1 60 -1 676 -1 60 -1 60 -1 -2
62 -1 60 -1 676 -1 60 -1 60 -1 -2
62 -1 60 -1 676 -1 60 -1 60 -1 -2
62 -1 60 -1 676 -1 60 -1 60 -1 -2
62 -1 60 -1 675 -1 60 -1 60 -1 -2
62 -1 60 -1 676 -1 60 -1 60 -1 -2
62 -1 60 -1 675 -1 60 -1 60 -1 -2
62 -1 60 -1 652 -1 60 -1 60 -1 -2
62 -1 60 -1 652 -1 60 -1 60 -1 -2
62 -1 60 -1 675 -1 60 -1 60 -1 -2
62 -1 60 -1 483 -1 60 -1 60 -1 -2
62 -1 60 -1 675 -1 60 -1 60 -1 -2
62 -1 60 -1 675 -1 60 -1 60 -1 -2
62 -1 60 -1 485 -1 60 -1 60 -1 -2
62 -1 60 -1 676 -1 60 -1 60 -1 -2
62 -1 60 -1 660 -1 60 -1 60 -1 -2
62 -1 60 -1 675 -1 60 -1 60 -1 -2
62 -1 60 -1 675 -1 60 -1 60 -1 -2
62 -1 60 -1 676 -1 60 -1 60 -1 -2
62 -1 60 -1 676 -1 60 -1 60 -1 -2
62 -1 60 -1 676 -1 60 -1 60 -1 -2
62 -1 60 -1 676 -1 60 -1 60 -1 -2
62 -1 60 -1 676 -1 60 -1 60 -1 -2
62 -1 60 -1 676 -1 60 -1 60 -1 -2
62 -1 60 -1 675 -1 60 -1 60 -1 -2
62 -1 60 -1 675 -1 60 -1 60 -1 -2
62 -1 60 -1 676 -1 60 -1 60 -1 -2
62 -1 60 -1 676 -1 60 -1 60 -1 -2
62 -1 60 -1 675 -1 60 -1 60 -1 -2
62 -1 60 -1 676 -1 60 -1 60 -1 -2
62 -1 60 -1 675 -1 60 -1 60 -1 -2
62 -1 60 -1 675 -1 60 -1 60 -1 -2
62 -1 60 -1 485 -1 60 -1 60 -1 -2
62 -1 60 -1 675 -1 60 -1 60 -1 -2
62 -1 60 -1 675 -1 60 -1 60 -1 -2
62 -1 60 -1 486 -1 60 -1 60 -1 -2
62 -1 60 -1 675 -1 60 -1 60 -1 -2
62 -1 60 -1 671 -1 60 -1 60 -1 -2
62 -1 60 -1 675 -1 60 -1 60 -1 -2
62 -1 60 -1 676 -1 60 -1 60 -1 -2
62 -1 60 -1 675 -1 60 -1 60 -1 -2
62 -1 60 -1 676 -1 60 -1 60 -1 -2
62 -1 60 -1 675 -1 60 -1 60 -1 -2
62 -1 60 -1 676 -1 60 -1 60 -1 -2
62 -1 60 -1 675 -1 60 -1 60 -1 -2
62 -1 60 -1 676 -1 60 -1 60 -1 -2
62 -1 60 -1 675 -1 60 -1 60 -1 -2
62 -1 60 -1 485 -1 60 -1 60 -1 -2
62 -1 60 -1 653 -1 60 -1 60 -1 -2
62 -1 60 -1 675 -1 60 -1 60 -1 -2
62 -1 60 -1 676 -1 60 -1 60 -1 -2
62 -1 60 -1 675 -1 60 -1 60 -1 -2
62 -1 60 -1 676 -1 60 -1 60 -1 -2
62 -1 60 -1 676 -1 60 -1 60 -1 -2
62 -1 60 -1 676 -1 60 -1 60 -1 -2
62 -1 60 -1 675 -1 60 -1 60 -1 -2
62 -1 60 -1 675 -1 60 -1 60 -1 -2
62 -1 60 -1 675 -1 60 -1 60 -1 -2
