9 -1 9 -1 9 -1 9 -1 9 -1 9 -1 9 -1 9 -1 9 -1 9 -1 9 -1 -2
9 -1 9 -1 9 -1 9 -1 9 -1 9 -1 9 -1 9 -1 9 -1 9 -1 9 -1 9 -1 9 -1 9 -1 9 -1 9 -1 9 -1 9 -1 9 -1 9 -1 9 -1 9 -1 9 -1 -2
9 -1 9 -1 9 -1 9 -1 9 -1 8 -1 9 -1 8 -1 9 -1 9 -1 9 -1 9 -1 9 -1 9 -1 9 -1 9 -1 9 -1 9 -1 -2
9 -1 9 -1 9 -1 9 -1 9 -1 9 -1 9 -1 9 -1 9 -1 9 -1 -2
8 -1 9 -1 9 -1 9 -1 9 -1 9 -1 9 -1 9 -1 9 -1 9 -1 9 -1 9 -1 9 -1 9 -1 9 -1 9 -1 9 -1 9 -1 -2
9 -1 9 -1 9 -1 9 -1 9 -1 9 -1 9 -1 9 -1 9 -1 9 -1 9 -1 9 -1 9 -1 9 -1 9 -1 9 -1 9 -1 9 -1 9 -1 9 -1 9 -1 9 -1 9 -1 9 -1 9 -1 9 -1 9 -1 9 -1 9 -1 9 -1 9 -1 9 -1 9 -1 9 -1 9 -1 -2
9 -1 9 -1 9 -1 9 -1 9 -1 9 -1 9 -1 9 -1 9 -1 9 -1 9 -1 9 -1 9 -1 9 -1 9 -1 9 -1 9 -1 9 -1 -2
9 -1 9 -1 9 -1 9 -1 9 -1 9 -1 9 -1 9 -1 9 -1 9 -1 9 -1 9 -1 9 -1 9 -1 9 -1 9 -1 9 -1 9 -1 9 -1 9 -1 9 -1 9 -1 9 -1 9 -1 9 -1 9 -1 -2
9 -1 9 -1 9 -1 9 -1 9 -1 9 -1 9 -1 9 -1 9 -1 9 -1 9 -1 9 -1 9 -1 9 -1 9 -1 9 -1 9 -1 9 -1 -2
9 -1 9 -1 9 -1 9 -1 9 -1 9 -1 9 -1 9 -1 9 -1 9 -1 -2
9 -1 9 -1 9 -1 9 -1 9 -1 9 -1 9 -1 9 -1 9 -1 9 -1 9 -1 9 -1 9 -1 9 -1 9 -1 9 -1 9 -1 9 -1 9 -1 9 -1 9 -1 9 -1 9 -1 9 -1 9 -1 9 -1 9 -1 -2
4 -1 4 -1 4 -1 9 -1 4 -1 4 -1 4 -1 9 -1 9 -1 4 -1 4 -1 4 -1 4 -1 4 -1 9 -1 9 -1 4 -1 9 -1 4 -1 4 -1 4 -1 4 -1 4 -1 4 -1 9 -1 9 -1 9 -1 9 -1 9 -1 9 -1 9 -1 9 -1 9 -1 9 -1 -2
9 -1 9 -1 9 -1 9 -1 9 -1 9 -1 9 -1 9 -1 9 -1 9 -1 -2
9 -1 9 -1 9 -1 9 -1 9 -1 9 -1 9 -1 9 -1 9 -1 9 -1 9 -1 9 -1 9 -1 9 -1 9 -1 9 -1 9 -1 9 -1 9 -1 9 -1 9 -1 9 -1 9 -1 9 -1 9 -1 9 -1 9 -1 9 -1 9 -1 -2
9 -1 9 -1 9 -1 9 -1 9 -1 9 -1 9 -1 9 -1 9 -1 9 -1 9 -1 9 -1 9 -1 -2
9 -1 9 -1 9 -1 9 -1 9 -1 9 -1 9 -1 9 -1 9 -1 9 -1 9 -1 9 -1 9 -1 9 -1 9 -1 9 -1 9 -1 9 -1 9 -1 9 -1 9 -1 9 -1 -2
9 -1 9 -1 9 -1 9 -1 9 -1 9 -1 9 -1 9 -1 9 -1 9 -1 9 -1 9 -1 9 -1 9 -1 9 -1 9 -1 9 -1 9 -1 9 -1 9 -1 9 -1 9 -1 9 -1 9 -1 9 -1 -2
9 -1 9 -1 9 -1 9 -1 9 -1 9 -1 9 -1 9 -1 9 -1 9 -1 9 -1 9 -1 -2
7 -1 7 -1 7 -1 7 -1 7 -1 7 -1 7 -1 7 -1 7 -1 7 -1 7 -1 7 -1 -2
9 -1 8 -1 8 -1 9 -1 9 -1 9 -1 9 -1 9 -1 9 -1 9 -1 9 -1 9 -1 9 -1 9 -1 9 -1 9 -1 9 -1 9 -1 9 -1 9 -1 9 -1 9 -1 9 -1 9 -1 9 -1 9 -1 9 -1 9 -1 9 -1 9 -1 9 -1 9 -1 9 -1 9 -1 9 -1 9 -1 9 -1 9 -1 9 -1 9 -1 9 -1 9 -1 9 -1 9 -1 9 -1 9 -1 9 -1 9 -1 9 -1 9 -1 9 -1 9 -1 9 -1 9 -1 -2
9 -1 9 -1 9 -1 9 -1 9 -1 9 -1 9 -1 9 -1 9 -1 9 -1 9 -1 9 -1 9 -1 9 -1 9 -1 9 -1 9 -1 9 -1 9 -1 9 -1 9 -1 9 -1 9 -1 9 -1 9 -1 9 -1 9 -1 9 -1 9 -1 9 -1 9 -1 9 -1 9 -1 9 -1 9 -1 9 -1 9 -1 9 -1 9 -1 9 -1 9 -1 9 -1 9 -1 9 -1 9 -1 9 -1 9 -1 9 -1 9 -1 9 -1 9 -1 9 -1 9 -1 9 -1 9 -1 9 -1 9 -1 9 -1 9 -1 9 -1 9 -1 9 -1 9 -1 9 -1 -2
2 -1 2 -1 -2
9 -1 9 -1 9 -1 9 -1 9 -1 9 -1 9 -1 9 -1 9 -1 9 -1 9 -1 9 -1 9 -1 9 -1 9 -1 9 -1 -2
