62 -1 62 -1 249 -1 60 -1 249 -1 60 -1 60 -1 60 -1 -2
62 -1 62 -1 74 -1 74 -1 60 -1 60 -1 60 -1 60 -1 70 -1 70 -1 63 -1 63 -1 72 -1 72 -1 60 -1 60 -1 -2
62 -1 62 -1 74 -1 74 -1 60 -1 60 -1 60 -1 60 -1 70 -1 70 -1 63 -1 63 -1 72 -1 72 -1 60 -1 60 -1 -2
62 -1 62 -1 74 -1 74 -1 60 -1 60 -1 60 -1 60 -1 70 -1 70 -1 63 -1 63 -1 72 -1 72 -1 60 -1 60 -1 -2
62 -1 62 -1 74 -1 74 -1 60 -1 60 -1 60 -1 60 -1 70 -1 70 -1 63 -1 63 -1 72 -1 72 -1 60 -1 60 -1 -2
62 -1 62 -1 74 -1 74 -1 60 -1 60 -1 60 -1 60 -1 70 -1 70 -1 63 -1 63 -1 72 -1 72 -1 60 -1 60 -1 -2
62 -1 62 -1 74 -1 74 -1 60 -1 60 -1 60 -1 60 -1 70 -1 70 -1 63 -1 63 -1 72 -1 72 -1 60 -1 60 -1 -2
62 -1 62 -1 74 -1 74 -1 60 -1 60 -1 60 -1 60 -1 70 -1 70 -1 63 -1 63 -1 72 -1 72 -1 60 -1 60 -1 -2
62 -1 62 -1 74 -1 74 -1 60 -1 60 -1 60 -1 60 -1 70 -1 70 -1 63 -1 63 -1 72 -1 72 -1 60 -1 60 -1 -2
62 -1 62 -1 74 -1 74 -1 60 -1 60 -1 60 -1 60 -1 70 -1 70 -1 63 -1 63 -1 72 -1 72 -1 60 -1 60 -1 -2
62 -1 62 -1 74 -1 74 -1 60 -1 60 -1 60 -1 60 -1 70 -1 70 -1 63 -1 63 -1 72 -1 72 -1 60 -1 60 -1 -2
62 -1 62 -1 74 -1 74 -1 60 -1 60 -1 60 -1 60 -1 70 -1 70 -1 63 -1 63 -1 72 -1 72 -1 60 -1 60 -1 -2
62 -1 62 -1 74 -1 74 -1 60 -1 60 -1 60 -1 60 -1 70 -1 70 -1 63 -1 63 -1 72 -1 72 -1 60 -1 60 -1 -2
62 -1 62 -1 74 -1 74 -1 60 -1 60 -1 60 -1 60 -1 70 -1 70 -1 63 -1 63 -1 72 -1 72 -1 60 -1 60 -1 -2
62 -1 62 -1 74 -1 74 -1 60 -1 60 -1 60 -1 60 -1 70 -1 70 -1 63 -1 63 -1 72 -1 72 -1 60 -1 60 -1 -2
62 -1 62 -1 74 -1 74 -1 60 -1 60 -1 60 -1 60 -1 70 -1 70 -1 63 -1 63 -1 72 -1 72 -1 60 -1 60 -1 -2
62 -1 62 -1 74 -1 74 -1 60 -1 60 -1 60 -1 60 -1 70 -1 70 -1 63 -1 63 -1 72 -1 72 -1 60 -1 60 -1 -2
62 -1 62 -1 74 -1 74 -1 60 -1 60 -1 60 -1 60 -1 70 -1 70 -1 63 -1 63 -1 72 -1 72 -1 60 -1 60 -1 -2
62 -1 62 -1 74 -1 74 -1 60 -1 60 -1 60 -1 60 -1 70 -1 70 -1 63 -1 63 -1 72 -1 72 -1 60 -1 60 -1 -2
62 -1 62 -1 74 -1 74 -1 60 -1 60 -1 60 -1 60 -1 70 -1 70 -1 63 -1 63 -1 72 -1 72 -1 60 -1 60 -1 -2
62 -1 62 -1 74 -1 74 -1 60 -1 60 -1 60 -1 60 -1 70 -1 70 -1 63 -1 63 -1 72 -1 72 -1 60 -1 60 -1 -2
62 -1 62 -1 74 -1 74 -1 60 -1 60 -1 60 -1 60 -1 70 -1 70 -1 63 -1 63 -1 72 -1 72 -1 60 -1 60 -1 -2
62 -1 62 -1 74 -1 74 -1 60 -1 60 -1 60 -1 60 -1 70 -1 70 -1 63 -1 63 -1 72 -1 72 -1 60 -1 60 -1 -2
62 -1 62 -1 74 -1 74 -1 60 -1 60 -1 60 -1 60 -1 70 -1 70 -1 63 -1 63 -1 72 -1 72 -1 60 -1 60 -1 -2
62 -1 62 -1 74 -1 74 -1 60 -1 60 -1 60 -1 60 -1 70 -1 70 -1 63 -1 63 -1 72 -1 72 -1 60 -1 60 -1 -2
62 -1 62 -1 74 -1 74 -1 60 -1 60 -1 60 -1 60 -1 70 -1 70 -1 63 -1 63 -1 72 -1 72 -1 60 -1 60 -1 -2
62 -1 62 -1 74 -1 74 -1 60 -1 60 -1 60 -1 60 -1 70 -1 70 -1 63 -1 63 -1 72 -1 72 -1 60 -1 60 -1 -2
62 -1 62 -1 74 -1 74 -1 60 -1 60 -1 60 -1 60 -1 70 -1 70 -1 63 -1 63 -1 72 -1 72 -1 60 -1 60 -1 -2
62 -1 62 -1 74 -1 74 -1 60 -1 60 -1 60 -1 60 -1 70 -1 70 -1 63 -1 63 -1 72 -1 72 -1 60 -1 60 -1 -2
62 -1 62 -1 74 -1 74 -1 60 -1 60 -1 60 -1 60 -1 70 -1 70 -1 63 -1 63 -1 72 -1 72 -1 60 -1 60 -1 -2
62 -1 62 -1 74 -1 74 -1 60 -1 60 -1 60 -1 60 -1 70 -1 70 -1 63 -1 63 -1 72 -1 72 -1 60 -1 60 -1 -2
62 -1 62 -1 74 -1 74 -1 60 -1 60 -1 60 -1 60 -1 70 -1 70 -1 63 -1 63 -1 72 -1 72 -1 60 -1 60 -1 -2
62 -1 62 -1 74 -1 74 -1 60 -1 60 -1 60 -1 60 -1 70 -1 70 -1 63 -1 63 -1 72 -1 72 -1 60 -1 60 -1 -2
62 -1 62 -1 74 -1 74 -1 60 -1 60 -1 60 -1 60 -1 70 -1 70 -1 63 -1 63 -1 72 -1 72 -1 60 -1 60 -1 -2
62 -1 62 -1 74 -1 74 -1 60 -1 60 -1 60 -1 60 -1 70 -1 70 -1 63 -1 63 -1 72 -1 72 -1 60 -1 60 -1 -2
62 -1 62 -1 74 -1 74 -1 60 -1 60 -1 60 -1 60 -1 70 -1 70 -1 63 -1 63 -1 72 -1 72 -1 60 -1 60 -1 -2
62 -1 62 -1 74 -1 74 -1 60 -1 60 -1 60 -1 60 -1 70 -1 70 -1 63 -1 63 -1 72 -1 72 -1 60 -1 60 -1 -2
62 -1 62 -1 74 -1 74 -1 60 -1 60 -1 60 -1 60 -1 70 -1 70 -1 63 -1 63 -1 72 -1 72 -1 60 -1 60 -1 -2
62 -1 62 -1 74 -1 74 -1 60 -1 60 -1 60 -1 60 -1 70 -1 70 -1 63 -1 63 -1 72 -1 72 -1 60 -1 60 -1 -2
62 -1 62 -1 74 -1 74 -1 60 -1 60 -1 60 -1 60 -1 70 -1 70 -1 63 -1 63 -1 72 -1 72 -1 60 -1 60 -1 -2
62 -1 62 -1 74 -1 74 -1 60 -1 60 -1 60 -1 60 -1 70 -1 70 -1 63 -1 63 -1 72 -1 72 -1 60 -1 60 -1 -2
62 -1 62 -1 74 -1 74 -1 60 -1 60 -1 60 -1 60 -1 70 -1 70 -1 63 -1 63 -1 72 -1 72 -1 60 -1 60 -1 -2
62 -1 62 -1 74 -1 74 -1 60 -1 60 -1 60 -1 60 -1 70 -1 70 -1 63 -1 63 -1 72 -1 72 -1 60 -1 60 -1 -2
62 -1 62 -1 74 -1 74 -1 60 -1 60 -1 60 -1 60 -1 70 -1 70 -1 63 -1 63 -1 72 -1 72 -1 60 -1 60 -1 -2
62 -1 62 -1 74 -1 74 -1 60 -1 60 -1 60 -1 60 -1 70 -1 70 -1 63 -1 63 -1 72 -1 72 -1 60 -1 60 -1 -2
62 -1 62 -1 74 -1 74 -1 60 -1 60 -1 60 -1 60 -1 70 -1 70 -1 63 -1 63 -1 72 -1 72 -1 60 -1 60 -1 -2
62 -1 62 -1 74 -1 74 -1 60 -1 60 -1 60 -1 60 -1 70 -1 70 -1 63 -1 63 -1 72 -1 72 -1 60 -1 60 -1 -2
62 -1 62 -1 74 -1 74 -1 60 -1 60 -1 60 -1 60 -1 70 -1 70 -1 63 -1 63 -1 72 -1 72 -1 60 -1 60 -1 -2
62 -1 62 -1 74 -1 74 -1 60 -1 60 -1 60 -1 60 -1 70 -1 70 -1 63 -1 63 -1 72 -1 72 -1 60 -1 60 -1 -2
62 -1 62 -1 74 -1 74 -1 60 -1 60 -1 60 -1 60 -1 70 -1 70 -1 63 -1 63 -1 72 -1 72 -1 60 -1 60 -1 -2
62 -1 62 -1 74 -1 74 -1 60 -1 60 -1 60 -1 60 -1 70 -1 70 -1 63 -1 63 -1 72 -1 72 -1 60 -1 60 -1 -2
62 -1 62 -1 74 -1 74 -1 60 -1 60 -1 60 -1 60 -1 70 -1 70 -1 63 -1 63 -1 72 -1 72 -1 60 -1 60 -1 -2
62 -1 62 -1 74 -1 74 -1 60 -1 60 -1 60 -1 60 -1 70 -1 70 -1 63 -1 63 -1 72 -1 72 -1 60 -1 60 -1 -2
62 -1 62 -1 74 -1 74 -1 60 -1 60 -1 60 -1 60 -1 70 -1 70 -1 63 -1 63 -1 72 -1 72 -1 60 -1 60 -1 -2
62 -1 62 -1 74 -1 74 -1 60 -1 60 -1 60 -1 60 -1 70 -1 70 -1 63 -1 63 -1 72 -1 72 -1 60 -1 60 -1 -2
62 -1 62 -1 74 -1 74 -1 60 -1 60 -1 60 -1 60 -1 70 -1 70 -1 63 -1 63 -1 72 -1 72 -1 60 -1 60 -1 -2
62 -1 62 -1 74 -1 74 -1 60 -1 60 -1 60 -1 60 -1 70 -1 70 -1 63 -1 63 -1 72 -1 72 -1 60 -1 60 -1 -2
62 -1 62 -1 74 -1 74 -1 60 -1 60 -1 60 -1 60 -1 70 -1 70 -1 63 -1 63 -1 72 -1 72 -1 60 -1 60 -1 -2
62 -1 62 -1 74 -1 74 -1 60 -1 60 -1 60 -1 60 -1 70 -1 70 -1 63 -1 63 -1 72 -1 72 -1 60 -1 60 -1 -2
62 -1 62 -1 74 -1 74 -1 60 -1 60 -1 60 -1 60 -1 70 -1 70 -1 63 -1 63 -1 72 -1 72 -1 60 -1 60 -1 -2
62 -1 62 -1 74 -1 74 -1 60 -1 60 -1 60 -1 60 -1 70 -1 70 -1 63 -1 63 -1 72 -1 72 -1 60 -1 60 -1 -2
62 -1 62 -1 74 -1 74 -1 60 -1 60 -1 60 -1 60 -1 70 -1 70 -1 63 -1 63 -1 72 -1 72 -1 60 -1 60 -1 -2
62 -1 62 -1 74 -1 74 -1 60 -1 60 -1 60 -1 60 -1 70 -1 70 -1 63 -1 63 -1 72 -1 72 -1 60 -1 60 -1 -2
62 -1 62 -1 74 -1 74 -1 60 -1 60 -1 60 -1 60 -1 70 -1 70 -1 63 -1 63 -1 72 -1 72 -1 60 -1 60 -1 -2
62 -1 62 -1 74 -1 74 -1 60 -1 60 -1 60 -1 60 -1 70 -1 70 -1 63 -1 63 -1 72 -1 72 -1 60 -1 60 -1 -2
62 -1 62 -1 74 -1 74 -1 60 -1 60 -1 60 -1 60 -1 70 -1 70 -1 63 -1 63 -1 72 -1 72 -1 60 -1 60 -1 -2
62 -1 62 -1 74 -1 74 -1 60 -1 60 -1 60 -1 60 -1 70 -1 70 -1 63 -1 63 -1 72 -1 72 -1 60 -1 60 -1 -2
62 -1 62 -1 74 -1 74 -1 60 -1 60 -1 60 -1 60 -1 70 -1 70 -1 63 -1 63 -1 72 -1 72 -1 60 -1 60 -1 -2
62 -1 62 -1 74 -1 74 -1 60 -1 60 -1 60 -1 60 -1 70 -1 70 -1 63 -1 63 -1 72 -1 72 -1 60 -1 60 -1 -2
62 -1 62 -1 74 -1 74 -1 60 -1 60 -1 60 -1 60 -1 70 -1 70 -1 63 -1 63 -1 72 -1 72 -1 60 -1 60 -1 -2
62 -1 62 -1 74 -1 74 -1 60 -1 60 -1 60 -1 60 -1 70 -1 70 -1 63 -1 63 -1 72 -1 72 -1 60 -1 60 -1 -2
62 -1 62 -1 74 -1 74 -1 60 -1 60 -1 60 -1 60 -1 70 -1 70 -1 63 -1 63 -1 72 -1 72 -1 60 -1 60 -1 -2
62 -1 62 -1 74 -1 74 -1 60 -1 60 -1 60 -1 60 -1 70 -1 70 -1 63 -1 63 -1 72 -1 72 -1 60 -1 60 -1 -2
62 -1 62 -1 74 -1 74 -1 60 -1 60 -1 60 -1 60 -1 70 -1 70 -1 63 -1 63 -1 72 -1 72 -1 60 -1 60 -1 -2
62 -1 62 -1 74 -1 74 -1 60 -1 60 -1 60 -1 60 -1 70 -1 70 -1 63 -1 63 -1 72 -1 72 -1 60 -1 60 -1 -2
62 -1 62 -1 74 -1 74 -1 60 -1 60 -1 60 -1 60 -1 70 -1 70 -1 63 -1 63 -1 72 -1 72 -1 60 -1 60 -1 -2
62 -1 62 -1 74 -1 74 -1 60 -1 60 -1 60 -1 60 -1 70 -1 70 -1 63 -1 63 -1 72 -1 72 -1 60 -1 60 -1 -2
62 -1 62 -1 74 -1 74 -1 60 -1 60 -1 60 -1 60 -1 70 -1 70 -1 63 -1 63 -1 72 -1 72 -1 60 -1 60 -1 -2
62 -1 62 -1 74 -1 74 -1 60 -1 60 -1 60 -1 60 -1 70 -1 70 -1 63 -1 63 -1 72 -1 72 -1 60 -1 60 -1 -2
62 -1 62 -1 74 -1 74 -1 74 -1 74 -1 60 -1 60 -1 60 -1 60 -1 70 -1 70 -1 63 -1 63 -1 72 -1 72 -1 60 -1 60 -1 -2
62 -1 62 -1 74 -1 74 -1 60 -1 60 -1 60 -1 60 -1 70 -1 70 -1 63 -1 63 -1 72 -1 72 -1 60 -1 60 -1 -2
62 -1 62 -1 74 -1 74 -1 60 -1 60 -1 60 -1 60 -1 70 -1 70 -1 63 -1 63 -1 72 -1 72 -1 60 -1 60 -1 -2
62 -1 62 -1 74 -1 74 -1 60 -1 60 -1 60 -1 60 -1 70 -1 70 -1 63 -1 63 -1 72 -1 72 -1 60 -1 60 -1 -2
62 -1 62 -1 74 -1 74 -1 60 -1 60 -1 60 -1 60 -1 70 -1 70 -1 63 -1 63 -1 72 -1 72 -1 60 -1 60 -1 -2
62 -1 62 -1 74 -1 74 -1 60 -1 60 -1 60 -1 60 -1 70 -1 70 -1 63 -1 63 -1 72 -1 72 -1 60 -1 60 -1 -2
62 -1 62 -1 74 -1 74 -1 60 -1 60 -1 60 -1 60 -1 70 -1 70 -1 63 -1 63 -1 72 -1 72 -1 60 -1 60 -1 -2
62 -1 62 -1 74 -1 74 -1 60 -1 60 -1 60 -1 60 -1 70 -1 70 -1 63 -1 63 -1 72 -1 72 -1 60 -1 60 -1 -2
62 -1 62 -1 74 -1 74 -1 60 -1 60 -1 60 -1 60 -1 70 -1 70 -1 63 -1 63 -1 72 -1 72 -1 60 -1 60 -1 -2
62 -1 62 -1 74 -1 74 -1 60 -1 60 -1 60 -1 60 -1 70 -1 70 -1 63 -1 63 -1 72 -1 72 -1 60 -1 60 -1 -2
62 -1 62 -1 74 -1 74 -1 60 -1 60 -1 60 -1 60 -1 70 -1 70 -1 63 -1 63 -1 72 -1 72 -1 60 -1 60 -1 -2
62 -1 62 -1 74 -1 74 -1 60 -1 60 -1 60 -1 60 -1 70 -1 70 -1 63 -1 63 -1 72 -1 72 -1 60 -1 60 -1 -2
62 -1 62 -1 74 -1 74 -1 60 -1 60 -1 60 -1 60 -1 70 -1 70 -1 63 -1 63 -1 72 -1 72 -1 60 -1 60 -1 -2
62 -1 62 -1 74 -1 74 -1 60 -1 60 -1 60 -1 60 -1 70 -1 70 -1 63 -1 63 -1 72 -1 72 -1 60 -1 60 -1 -2
62 -1 62 -1 74 -1 74 -1 60 -1 60 -1 60 -1 60 -1 70 -1 70 -1 63 -1 63 -1 72 -1 72 -1 60 -1 60 -1 -2
62 -1 62 -1 74 -1 74 -1 60 -1 60 -1 60 -1 60 -1 70 -1 70 -1 63 -1 63 -1 72 -1 72 -1 60 -1 60 -1 -2
62 -1 62 -1 74 -1 74 -1 60 -1 60 -1 60 -1 60 -1 70 -1 70 -1 63 -1 63 -1 72 -1 72 -1 60 -1 60 -1 -2
62 -1 62 -1 74 -1 74 -1 60 -1 60 -1 60 -1 60 -1 70 -1 70 -1 63 -1 63 -1 72 -1 72 -1 60 -1 60 -1 -2
62 -1 62 -1 74 -1 74 -1 60 -1 60 -1 60 -1 60 -1 70 -1 70 -1 63 -1 63 -1 72 -1 72 -1 60 -1 60 -1 -2
62 -1 62 -1 74 -1 74 -1 60 -1 60 -1 60 -1 60 -1 70 -1 70 -1 63 -1 63 -1 72 -1 72 -1 60 -1 60 -1 -2
62 -1 62 -1 74 -1 74 -1 60 -1 60 -1 60 -1 60 -1 70 -1 70 -1 63 -1 63 -1 72 -1 72 -1 60 -1 60 -1 -2
62 -1 62 -1 74 -1 74 -1 60 -1 60 -1 60 -1 60 -1 70 -1 70 -1 63 -1 63 -1 72 -1 72 -1 60 -1 60 -1 -2
62 -1 62 -1 74 -1 74 -1 60 -1 60 -1 60 -1 60 -1 70 -1 70 -1 63 -1 63 -1 72 -1 72 -1 60 -1 60 -1 -2
62 -1 62 -1 74 -1 74 -1 60 -1 60 -1 60 -1 60 -1 70 -1 70 -1 63 -1 63 -1 72 -1 72 -1 60 -1 60 -1 -2
62 -1 62 -1 74 -1 74 -1 60 -1 60 -1 60 -1 60 -1 70 -1 70 -1 63 -1 63 -1 72 -1 72 -1 60 -1 60 -1 -2
62 -1 62 -1 74 -1 74 -1 60 -1 60 -1 60 -1 60 -1 70 -1 70 -1 63 -1 63 -1 72 -1 72 -1 60 -1 60 -1 -2
62 -1 62 -1 74 -1 74 -1 60 -1 60 -1 60 -1 60 -1 70 -1 70 -1 63 -1 63 -1 72 -1 72 -1 60 -1 60 -1 -2
62 -1 62 -1 74 -1 74 -1 60 -1 60 -1 60 -1 60 -1 70 -1 70 -1 63 -1 63 -1 72 -1 72 -1 60 -1 60 -1 -2
62 -1 62 -1 74 -1 74 -1 60 -1 60 -1 60 -1 60 -1 70 -1 70 -1 63 -1 63 -1 72 -1 72 -1 60 -1 60 -1 -2
62 -1 62 -1 74 -1 74 -1 60 -1 60 -1 60 -1 60 -1 70 -1 70 -1 63 -1 63 -1 72 -1 72 -1 60 -1 60 -1 -2
62 -1 62 -1 74 -1 74 -1 60 -1 60 -1 60 -1 60 -1 70 -1 70 -1 63 -1 63 -1 72 -1 72 -1 60 -1 60 -1 -2
62 -1 62 -1 74 -1 74 -1 60 -1 60 -1 60 -1 60 -1 70 -1 70 -1 63 -1 63 -1 72 -1 72 -1 60 -1 60 -1 -2
62 -1 62 -1 74 -1 74 -1 60 -1 60 -1 60 -1 60 -1 70 -1 70 -1 63 -1 63 -1 72 -1 72 -1 60 -1 60 -1 -2
62 -1 62 -1 74 -1 74 -1 60 -1 60 -1 60 -1 60 -1 70 -1 70 -1 63 -1 63 -1 72 -1 72 -1 60 -1 60 -1 -2
62 -1 62 -1 74 -1 74 -1 60 -1 60 -1 60 -1 60 -1 70 -1 70 -1 63 -1 63 -1 72 -1 72 -1 60 -1 60 -1 -2
62 -1 62 -1 74 -1 74 -1 60 -1 60 -1 60 -1 60 -1 70 -1 70 -1 63 -1 63 -1 72 -1 72 -1 60 -1 60 -1 -2
62 -1 62 -1 74 -1 74 -1 60 -1 60 -1 60 -1 60 -1 70 -1 70 -1 63 -1 63 -1 72 -1 72 -1 60 -1 60 -1 -2
62 -1 62 -1 74 -1 74 -1 60 -1 60 -1 60 -1 60 -1 70 -1 70 -1 63 -1 63 -1 72 -1 72 -1 60 -1 60 -1 -2
62 -1 62 -1 74 -1 74 -1 60 -1 60 -1 60 -1 60 -1 70 -1 70 -1 63 -1 63 -1 72 -1 72 -1 60 -1 60 -1 -2
62 -1 62 -1 74 -1 74 -1 60 -1 60 -1 60 -1 60 -1 70 -1 70 -1 63 -1 63 -1 72 -1 72 -1 60 -1 60 -1 -2
62 -1 62 -1 74 -1 74 -1 60 -1 60 -1 60 -1 60 -1 70 -1 70 -1 63 -1 63 -1 72 -1 72 -1 60 -1 60 -1 -2
62 -1 62 -1 161 -1 161 -1 60 -1 60 -1 363 -1 363 -1 330 -1 330 -1 64 -1 64 -1 79 -1 79 -1 122 -1 122 -1 64 -1 64 -1 79 -1 79 -1 122 -1 122 -1 64 -1 64 -1 79 -1 79 -1 126 -1 126 -1 64 -1 60 -1 64 -1 60 -1 -2
62 -1 62 -1 161 -1 161 -1 60 -1 60 -1 363 -1 363 -1 330 -1 330 -1 64 -1 64 -1 79 -1 79 -1 367 -1 367 -1 64 -1 64 -1 79 -1 79 -1 498 -1 498 -1 245 -1 245 -1 64 -1 64 -1 79 -1 100 -1 79 -1 100 -1 -2
66 -1 66 -1 161 -1 161 -1 60 -1 60 -1 363 -1 363 -1 330 -1 330 -1 64 -1 64 -1 79 -1 79 -1 367 -1 367 -1 64 -1 64 -1 79 -1 79 -1 79 -1 79 -1 64 -1 64 -1 -2
66 -1 66 -1 161 -1 161 -1 60 -1 363 -1 60 -1 363 -1 330 -1 330 -1 64 -1 64 -1 79 -1 79 -1 398 -1 398 -1 64 -1 64 -1 79 -1 79 -1 506 -1 506 -1 192 -1 192 -1 64 -1 64 -1 79 -1 100 -1 79 -1 100 -1 -2
62 -1 62 -1 161 -1 161 -1 60 -1 363 -1 60 -1 363 -1 330 -1 330 -1 64 -1 64 -1 79 -1 79 -1 367 -1 367 -1 64 -1 64 -1 79 -1 79 -1 498 -1 498 -1 245 -1 245 -1 64 -1 64 -1 60 -1 60 -1 -2
62 -1 62 -1 161 -1 161 -1 60 -1 60 -1 363 -1 363 -1 330 -1 330 -1 64 -1 64 -1 79 -1 79 -1 122 -1 122 -1 64 -1 64 -1 79 -1 79 -1 121 -1 121 -1 64 -1 64 -1 79 -1 79 -1 126 -1 126 -1 64 -1 60 -1 64 -1 60 -1 -2
66 -1 66 -1 161 -1 161 -1 60 -1 60 -1 363 -1 363 -1 330 -1 330 -1 64 -1 64 -1 79 -1 79 -1 398 -1 398 -1 64 -1 64 -1 79 -1 79 -1 506 -1 506 -1 192 -1 192 -1 64 -1 64 -1 79 -1 100 -1 79 -1 100 -1 -2
66 -1 66 -1 161 -1 161 -1 60 -1 60 -1 363 -1 363 -1 330 -1 330 -1 64 -1 64 -1 79 -1 79 -1 122 -1 122 -1 64 -1 64 -1 79 -1 79 -1 121 -1 121 -1 64 -1 64 -1 79 -1 79 -1 126 -1 126 -1 64 -1 64 -1 79 -1 79 -1 129 -1 129 -1 64 -1 64 -1 79 -1 79 -1 127 -1 127 -1 64 -1 64 -1 60 -1 60 -1 -2
66 -1 66 -1 161 -1 161 -1 60 -1 60 -1 363 -1 363 -1 330 -1 330 -1 64 -1 64 -1 79 -1 79 -1 367 -1 367 -1 64 -1 64 -1 79 -1 79 -1 562 -1 562 -1 113 -1 113 -1 64 -1 64 -1 79 -1 100 -1 79 -1 100 -1 -2
66 -1 66 -1 161 -1 161 -1 60 -1 60 -1 363 -1 363 -1 330 -1 330 -1 64 -1 64 -1 79 -1 79 -1 367 -1 367 -1 64 -1 64 -1 79 -1 79 -1 562 -1 562 -1 113 -1 113 -1 64 -1 64 -1 79 -1 100 -1 79 -1 100 -1 -2
62 -1 62 -1 161 -1 161 -1 60 -1 60 -1 363 -1 363 -1 330 -1 330 -1 64 -1 64 -1 79 -1 79 -1 122 -1 122 -1 64 -1 64 -1 79 -1 79 -1 121 -1 121 -1 64 -1 64 -1 79 -1 79 -1 126 -1 126 -1 64 -1 60 -1 64 -1 60 -1 -2
66 -1 66 -1 161 -1 161 -1 60 -1 60 -1 363 -1 363 -1 330 -1 330 -1 64 -1 64 -1 79 -1 79 -1 367 -1 367 -1 64 -1 64 -1 79 -1 79 -1 562 -1 562 -1 113 -1 113 -1 64 -1 64 -1 -2
66 -1 66 -1 161 -1 161 -1 60 -1 60 -1 363 -1 363 -1 330 -1 330 -1 64 -1 64 -1 79 -1 79 -1 122 -1 122 -1 64 -1 64 -1 79 -1 79 -1 121 -1 121 -1 64 -1 64 -1 79 -1 79 -1 126 -1 126 -1 64 -1 64 -1 79 -1 79 -1 129 -1 129 -1 64 -1 64 -1 79 -1 79 -1 127 -1 127 -1 64 -1 64 -1 60 -1 60 -1 -2
62 -1 62 -1 161 -1 161 -1 60 -1 60 -1 363 -1 363 -1 330 -1 330 -1 64 -1 64 -1 79 -1 79 -1 122 -1 122 -1 64 -1 64 -1 79 -1 79 -1 121 -1 121 -1 64 -1 64 -1 79 -1 79 -1 126 -1 126 -1 64 -1 60 -1 64 -1 60 -1 -2
62 -1 62 -1 161 -1 161 -1 60 -1 60 -1 363 -1 363 -1 330 -1 330 -1 64 -1 64 -1 79 -1 79 -1 367 -1 367 -1 64 -1 64 -1 79 -1 79 -1 497 -1 497 -1 255 -1 255 -1 64 -1 60 -1 64 -1 60 -1 -2
62 -1 62 -1 161 -1 161 -1 60 -1 60 -1 363 -1 363 -1 330 -1 330 -1 64 -1 64 -1 79 -1 79 -1 122 -1 122 -1 64 -1 64 -1 79 -1 79 -1 121 -1 121 -1 64 -1 64 -1 79 -1 79 -1 126 -1 126 -1 64 -1 60 -1 64 -1 60 -1 -2
62 -1 62 -1 161 -1 161 -1 60 -1 60 -1 363 -1 363 -1 330 -1 330 -1 64 -1 64 -1 79 -1 79 -1 367 -1 367 -1 64 -1 64 -1 79 -1 79 -1 497 -1 497 -1 255 -1 255 -1 64 -1 60 -1 64 -1 60 -1 -2
62 -1 62 -1 161 -1 161 -1 60 -1 363 -1 60 -1 363 -1 330 -1 330 -1 64 -1 64 -1 79 -1 79 -1 122 -1 122 -1 64 -1 64 -1 79 -1 79 -1 121 -1 121 -1 64 -1 64 -1 79 -1 79 -1 126 -1 126 -1 64 -1 60 -1 64 -1 60 -1 -2
66 -1 66 -1 161 -1 161 -1 60 -1 60 -1 363 -1 363 -1 330 -1 330 -1 64 -1 64 -1 79 -1 79 -1 122 -1 122 -1 64 -1 64 -1 79 -1 79 -1 121 -1 121 -1 64 -1 64 -1 79 -1 79 -1 126 -1 126 -1 64 -1 64 -1 79 -1 79 -1 129 -1 129 -1 64 -1 64 -1 79 -1 79 -1 127 -1 127 -1 64 -1 60 -1 64 -1 60 -1 -2
62 -1 62 -1 161 -1 161 -1 60 -1 60 -1 363 -1 363 -1 330 -1 330 -1 64 -1 64 -1 79 -1 79 -1 367 -1 367 -1 64 -1 64 -1 79 -1 79 -1 497 -1 497 -1 255 -1 255 -1 64 -1 64 -1 79 -1 100 -1 79 -1 100 -1 -2
62 -1 62 -1 161 -1 161 -1 60 -1 60 -1 363 -1 363 -1 330 -1 330 -1 64 -1 64 -1 79 -1 79 -1 122 -1 122 -1 64 -1 64 -1 79 -1 79 -1 121 -1 121 -1 64 -1 64 -1 79 -1 79 -1 126 -1 126 -1 64 -1 60 -1 64 -1 60 -1 -2
66 -1 66 -1 161 -1 161 -1 60 -1 60 -1 363 -1 363 -1 330 -1 330 -1 64 -1 64 -1 79 -1 79 -1 367 -1 367 -1 64 -1 64 -1 79 -1 79 -1 79 -1 79 -1 64 -1 64 -1 79 -1 100 -1 79 -1 100 -1 -2
62 -1 62 -1 161 -1 161 -1 60 -1 60 -1 363 -1 363 -1 330 -1 330 -1 64 -1 64 -1 79 -1 79 -1 400 -1 400 -1 64 -1 64 -1 79 -1 79 -1 502 -1 502 -1 387 -1 387 -1 64 -1 64 -1 79 -1 100 -1 79 -1 100 -1 -2
66 -1 66 -1 161 -1 161 -1 60 -1 60 -1 363 -1 363 -1 330 -1 330 -1 64 -1 64 -1 79 -1 79 -1 367 -1 367 -1 64 -1 64 -1 79 -1 79 -1 520 -1 520 -1 314 -1 314 -1 64 -1 64 -1 79 -1 100 -1 79 -1 100 -1 -2
66 -1 66 -1 161 -1 161 -1 60 -1 60 -1 363 -1 363 -1 330 -1 330 -1 64 -1 64 -1 79 -1 79 -1 367 -1 367 -1 64 -1 64 -1 79 -1 79 -1 79 -1 79 -1 64 -1 64 -1 79 -1 100 -1 79 -1 100 -1 -2
62 -1 62 -1 161 -1 161 -1 60 -1 363 -1 60 -1 363 -1 330 -1 330 -1 64 -1 64 -1 79 -1 79 -1 367 -1 367 -1 64 -1 64 -1 79 -1 79 -1 498 -1 498 -1 245 -1 245 -1 64 -1 64 -1 60 -1 60 -1 -2
66 -1 66 -1 161 -1 161 -1 60 -1 60 -1 363 -1 363 -1 330 -1 330 -1 64 -1 64 -1 79 -1 79 -1 398 -1 398 -1 64 -1 64 -1 79 -1 79 -1 506 -1 506 -1 192 -1 192 -1 64 -1 64 -1 79 -1 100 -1 79 -1 100 -1 -2
66 -1 66 -1 161 -1 161 -1 60 -1 60 -1 363 -1 363 -1 330 -1 330 -1 64 -1 64 -1 79 -1 79 -1 367 -1 367 -1 64 -1 64 -1 79 -1 79 -1 520 -1 520 -1 314 -1 314 -1 64 -1 64 -1 79 -1 100 -1 79 -1 100 -1 -2
66 -1 66 -1 161 -1 161 -1 60 -1 363 -1 60 -1 363 -1 330 -1 330 -1 64 -1 64 -1 79 -1 79 -1 367 -1 367 -1 64 -1 64 -1 79 -1 79 -1 79 -1 79 -1 64 -1 64 -1 60 -1 60 -1 -2
62 -1 62 -1 161 -1 161 -1 60 -1 60 -1 363 -1 363 -1 330 -1 330 -1 64 -1 64 -1 79 -1 79 -1 122 -1 122 -1 64 -1 64 -1 79 -1 79 -1 121 -1 121 -1 64 -1 64 -1 79 -1 79 -1 126 -1 126 -1 64 -1 60 -1 64 -1 60 -1 -2
66 -1 66 -1 161 -1 161 -1 60 -1 363 -1 60 -1 363 -1 330 -1 330 -1 64 -1 64 -1 79 -1 79 -1 367 -1 367 -1 64 -1 64 -1 79 -1 79 -1 79 -1 79 -1 64 -1 60 -1 64 -1 60 -1 -2
62 -1 62 -1 161 -1 161 -1 60 -1 363 -1 60 -1 363 -1 330 -1 330 -1 64 -1 64 -1 79 -1 79 -1 122 -1 122 -1 64 -1 64 -1 79 -1 79 -1 121 -1 121 -1 64 -1 64 -1 79 -1 79 -1 126 -1 126 -1 64 -1 60 -1 64 -1 60 -1 -2
62 -1 62 -1 161 -1 161 -1 60 -1 363 -1 60 -1 363 -1 330 -1 330 -1 64 -1 64 -1 79 -1 79 -1 367 -1 367 -1 64 -1 64 -1 79 -1 79 -1 498 -1 498 -1 245 -1 245 -1 64 -1 64 -1 60 -1 60 -1 -2
66 -1 66 -1 161 -1 161 -1 60 -1 60 -1 363 -1 363 -1 330 -1 330 -1 64 -1 64 -1 79 -1 79 -1 398 -1 398 -1 64 -1 64 -1 79 -1 79 -1 506 -1 506 -1 192 -1 192 -1 64 -1 64 -1 79 -1 100 -1 79 -1 100 -1 -2
62 -1 62 -1 161 -1 161 -1 60 -1 363 -1 60 -1 363 -1 330 -1 330 -1 64 -1 64 -1 79 -1 79 -1 400 -1 400 -1 64 -1 64 -1 79 -1 79 -1 502 -1 502 -1 387 -1 387 -1 64 -1 64 -1 79 -1 79 -1 100 -1 100 -1 -2
66 -1 66 -1 161 -1 161 -1 60 -1 60 -1 363 -1 363 -1 330 -1 330 -1 64 -1 64 -1 79 -1 79 -1 122 -1 122 -1 64 -1 64 -1 79 -1 79 -1 121 -1 121 -1 64 -1 64 -1 79 -1 79 -1 126 -1 126 -1 64 -1 64 -1 79 -1 79 -1 129 -1 129 -1 64 -1 64 -1 79 -1 79 -1 127 -1 127 -1 64 -1 64 -1 60 -1 60 -1 -2
66 -1 66 -1 161 -1 161 -1 60 -1 60 -1 363 -1 363 -1 330 -1 330 -1 64 -1 64 -1 79 -1 79 -1 367 -1 367 -1 64 -1 64 -1 79 -1 79 -1 79 -1 79 -1 64 -1 64 -1 79 -1 100 -1 79 -1 100 -1 -2
66 -1 66 -1 161 -1 161 -1 60 -1 60 -1 363 -1 363 -1 330 -1 330 -1 64 -1 64 -1 79 -1 79 -1 367 -1 367 -1 64 -1 64 -1 79 -1 79 -1 520 -1 520 -1 314 -1 314 -1 64 -1 64 -1 79 -1 100 -1 79 -1 100 -1 -2
66 -1 66 -1 161 -1 161 -1 60 -1 60 -1 363 -1 363 -1 330 -1 330 -1 64 -1 64 -1 79 -1 79 -1 367 -1 367 -1 64 -1 64 -1 79 -1 79 -1 562 -1 562 -1 113 -1 113 -1 64 -1 64 -1 79 -1 100 -1 79 -1 100 -1 -2
62 -1 62 -1 161 -1 161 -1 60 -1 60 -1 363 -1 363 -1 330 -1 330 -1 64 -1 64 -1 79 -1 79 -1 367 -1 367 -1 64 -1 64 -1 79 -1 79 -1 497 -1 497 -1 255 -1 255 -1 64 -1 64 -1 79 -1 100 -1 79 -1 100 -1 -2
66 -1 66 -1 161 -1 161 -1 60 -1 60 -1 363 -1 363 -1 330 -1 330 -1 64 -1 64 -1 79 -1 79 -1 367 -1 367 -1 64 -1 64 -1 79 -1 79 -1 520 -1 520 -1 314 -1 314 -1 64 -1 64 -1 -2
66 -1 66 -1 161 -1 161 -1 60 -1 363 -1 60 -1 363 -1 330 -1 330 -1 64 -1 64 -1 79 -1 79 -1 367 -1 367 -1 64 -1 64 -1 79 -1 79 -1 79 -1 79 -1 64 -1 64 -1 -2
66 -1 66 -1 161 -1 161 -1 60 -1 60 -1 363 -1 363 -1 330 -1 330 -1 64 -1 64 -1 79 -1 79 -1 367 -1 367 -1 64 -1 64 -1 79 -1 79 -1 79 -1 79 -1 64 -1 64 -1 79 -1 100 -1 79 -1 100 -1 -2
62 -1 62 -1 74 -1 74 -1 60 -1 88 -1 60 -1 88 -1 60 -1 60 -1 77 -1 77 -1 60 -1 85 -1 60 -1 85 -1 73 -1 73 -1 91 -1 91 -1 84 -1 84 -1 106 -1 106 -1 93 -1 93 -1 78 -1 78 -1 85 -1 85 -1 67 -1 67 -1 74 -1 74 -1 67 -1 67 -1 74 -1 74 -1 62 -1 62 -1 74 -1 74 -1 68 -1 68 -1 74 -1 74 -1 69 -1 69 -1 74 -1 74 -1 91 -1 91 -1 106 -1 106 -1 93 -1 93 -1 78 -1 78 -1 63 -1 63 -1 74 -1 74 -1 63 -1 63 -1 74 -1 74 -1 91 -1 91 -1 105 -1 105 -1 93 -1 93 -1 78 -1 78 -1 63 -1 63 -1 74 -1 74 -1 63 -1 63 -1 74 -1 74 -1 91 -1 91 -1 104 -1 104 -1 93 -1 93 -1 78 -1 78 -1 67 -1 67 -1 74 -1 74 -1 64 -1 84 -1 60 -1 64 -1 64 -1 71 -1 84 -1 60 -1 60 -1 60 -1 64 -1 71 -1 60 -1 60 -1 -2
62 -1 62 -1 74 -1 74 -1 60 -1 60 -1 88 -1 88 -1 60 -1 60 -1 77 -1 77 -1 60 -1 85 -1 60 -1 85 -1 73 -1 73 -1 91 -1 91 -1 84 -1 84 -1 105 -1 105 -1 93 -1 93 -1 78 -1 78 -1 85 -1 85 -1 64 -1 64 -1 74 -1 74 -1 67 -1 67 -1 74 -1 74 -1 67 -1 67 -1 74 -1 74 -1 62 -1 62 -1 74 -1 74 -1 68 -1 68 -1 74 -1 74 -1 69 -1 69 -1 74 -1 74 -1 91 -1 91 -1 106 -1 106 -1 93 -1 93 -1 78 -1 78 -1 63 -1 63 -1 74 -1 74 -1 63 -1 63 -1 74 -1 74 -1 91 -1 91 -1 106 -1 106 -1 93 -1 93 -1 78 -1 78 -1 63 -1 63 -1 74 -1 74 -1 63 -1 63 -1 74 -1 74 -1 91 -1 91 -1 106 -1 106 -1 93 -1 93 -1 78 -1 78 -1 67 -1 67 -1 74 -1 74 -1 64 -1 84 -1 60 -1 64 -1 64 -1 84 -1 71 -1 60 -1 60 -1 64 -1 60 -1 71 -1 60 -1 60 -1 -2
62 -1 62 -1 74 -1 74 -1 60 -1 88 -1 60 -1 88 -1 60 -1 60 -1 77 -1 77 -1 60 -1 85 -1 60 -1 85 -1 73 -1 73 -1 91 -1 91 -1 84 -1 84 -1 106 -1 106 -1 93 -1 93 -1 78 -1 78 -1 85 -1 85 -1 67 -1 67 -1 74 -1 74 -1 67 -1 67 -1 74 -1 74 -1 62 -1 62 -1 74 -1 74 -1 68 -1 68 -1 74 -1 74 -1 69 -1 69 -1 74 -1 74 -1 91 -1 91 -1 105 -1 105 -1 93 -1 93 -1 78 -1 78 -1 63 -1 63 -1 74 -1 74 -1 63 -1 63 -1 74 -1 74 -1 91 -1 91 -1 105 -1 105 -1 93 -1 93 -1 78 -1 78 -1 63 -1 63 -1 74 -1 74 -1 63 -1 63 -1 74 -1 74 -1 91 -1 91 -1 105 -1 105 -1 93 -1 93 -1 78 -1 78 -1 67 -1 67 -1 74 -1 74 -1 64 -1 84 -1 60 -1 64 -1 64 -1 84 -1 71 -1 60 -1 60 -1 64 -1 60 -1 71 -1 60 -1 60 -1 -2
62 -1 62 -1 74 -1 74 -1 60 -1 88 -1 60 -1 88 -1 60 -1 60 -1 77 -1 77 -1 60 -1 85 -1 60 -1 85 -1 73 -1 73 -1 91 -1 91 -1 84 -1 84 -1 105 -1 105 -1 93 -1 93 -1 78 -1 78 -1 85 -1 85 -1 67 -1 67 -1 74 -1 74 -1 67 -1 67 -1 74 -1 74 -1 62 -1 62 -1 74 -1 74 -1 68 -1 68 -1 74 -1 74 -1 69 -1 69 -1 74 -1 74 -1 91 -1 91 -1 105 -1 105 -1 93 -1 93 -1 78 -1 78 -1 63 -1 63 -1 74 -1 74 -1 63 -1 63 -1 74 -1 74 -1 91 -1 91 -1 106 -1 106 -1 93 -1 93 -1 78 -1 78 -1 63 -1 63 -1 74 -1 74 -1 63 -1 63 -1 74 -1 74 -1 91 -1 91 -1 106 -1 106 -1 93 -1 93 -1 78 -1 78 -1 67 -1 67 -1 74 -1 74 -1 64 -1 84 -1 60 -1 64 -1 71 -1 60 -1 60 -1 64 -1 84 -1 60 -1 64 -1 71 -1 60 -1 60 -1 -2
62 -1 62 -1 74 -1 74 -1 60 -1 88 -1 60 -1 88 -1 60 -1 60 -1 77 -1 77 -1 60 -1 85 -1 60 -1 85 -1 73 -1 73 -1 91 -1 91 -1 84 -1 84 -1 105 -1 105 -1 93 -1 93 -1 78 -1 78 -1 85 -1 85 -1 67 -1 67 -1 74 -1 74 -1 67 -1 67 -1 74 -1 74 -1 62 -1 62 -1 74 -1 74 -1 68 -1 68 -1 74 -1 74 -1 69 -1 69 -1 74 -1 74 -1 69 -1 69 -1 74 -1 74 -1 69 -1 69 -1 74 -1 74 -1 91 -1 91 -1 105 -1 105 -1 93 -1 93 -1 78 -1 78 -1 69 -1 69 -1 74 -1 74 -1 91 -1 91 -1 106 -1 106 -1 93 -1 93 -1 78 -1 78 -1 63 -1 63 -1 74 -1 74 -1 63 -1 63 -1 74 -1 74 -1 91 -1 91 -1 106 -1 106 -1 93 -1 93 -1 78 -1 78 -1 63 -1 63 -1 74 -1 74 -1 63 -1 63 -1 74 -1 74 -1 91 -1 91 -1 104 -1 104 -1 93 -1 93 -1 78 -1 78 -1 67 -1 67 -1 74 -1 74 -1 -2
62 -1 62 -1 93 -1 93 -1 60 -1 60 -1 838 -1 838 -1 60 -1 60 -1 60 -1 60 -1 774 -1 774 -1 60 -1 60 -1 60 -1 102 -1 60 -1 102 -1 60 -1 60 -1 110 -1 110 -1 60 -1 60 -1 86 -1 86 -1 60 -1 60 -1 102 -1 102 -1 60 -1 60 -1 126 -1 126 -1 190 -1 190 -1 142 -1 142 -1 134 -1 134 -1 110 -1 110 -1 142 -1 142 -1 126 -1 126 -1 118 -1 118 -1 142 -1 142 -1 -2
62 -1 62 -1 93 -1 93 -1 60 -1 60 -1 838 -1 838 -1 60 -1 60 -1 60 -1 60 -1 774 -1 774 -1 60 -1 60 -1 60 -1 102 -1 60 -1 102 -1 60 -1 60 -1 110 -1 110 -1 60 -1 60 -1 86 -1 86 -1 60 -1 60 -1 102 -1 102 -1 60 -1 60 -1 126 -1 126 -1 190 -1 190 -1 142 -1 142 -1 134 -1 134 -1 110 -1 110 -1 1514 -1 1514 -1 822 -1 1514 -1 1514 -1 822 -1 126 -1 126 -1 118 -1 118 -1 -2
62 -1 62 -1 93 -1 93 -1 60 -1 60 -1 838 -1 838 -1 60 -1 60 -1 60 -1 60 -1 774 -1 774 -1 60 -1 60 -1 60 -1 102 -1 60 -1 102 -1 60 -1 60 -1 110 -1 110 -1 60 -1 60 -1 86 -1 86 -1 60 -1 60 -1 102 -1 102 -1 60 -1 60 -1 126 -1 126 -1 190 -1 190 -1 142 -1 142 -1 134 -1 134 -1 110 -1 110 -1 1514 -1 1490 -1 1514 -1 1490 -1 126 -1 126 -1 118 -1 118 -1 -2
62 -1 62 -1 93 -1 93 -1 60 -1 60 -1 838 -1 838 -1 60 -1 60 -1 60 -1 60 -1 774 -1 774 -1 60 -1 60 -1 60 -1 102 -1 60 -1 102 -1 60 -1 60 -1 110 -1 110 -1 60 -1 60 -1 86 -1 86 -1 60 -1 60 -1 102 -1 102 -1 60 -1 60 -1 126 -1 126 -1 190 -1 190 -1 142 -1 142 -1 134 -1 134 -1 110 -1 110 -1 638 -1 638 -1 126 -1 126 -1 118 -1 118 -1 -2
62 -1 62 -1 93 -1 93 -1 60 -1 60 -1 838 -1 838 -1 60 -1 60 -1 60 -1 60 -1 774 -1 774 -1 60 -1 60 -1 60 -1 102 -1 60 -1 102 -1 60 -1 60 -1 110 -1 110 -1 60 -1 60 -1 86 -1 86 -1 60 -1 60 -1 102 -1 102 -1 60 -1 60 -1 126 -1 126 -1 190 -1 190 -1 142 -1 142 -1 134 -1 134 -1 110 -1 110 -1 126 -1 126 -1 118 -1 118 -1 -2
62 -1 62 -1 93 -1 93 -1 60 -1 60 -1 838 -1 838 -1 60 -1 60 -1 60 -1 60 -1 774 -1 774 -1 60 -1 60 -1 60 -1 102 -1 60 -1 102 -1 60 -1 60 -1 110 -1 110 -1 60 -1 60 -1 86 -1 86 -1 60 -1 60 -1 102 -1 102 -1 60 -1 60 -1 94 -1 94 -1 94 -1 86 -1 94 -1 142 -1 86 -1 142 -1 -2
62 -1 62 -1 93 -1 93 -1 60 -1 60 -1 838 -1 838 -1 60 -1 60 -1 60 -1 60 -1 774 -1 774 -1 60 -1 60 -1 60 -1 102 -1 60 -1 102 -1 60 -1 60 -1 110 -1 110 -1 60 -1 60 -1 86 -1 86 -1 86 -1 86 -1 102 -1 102 -1 94 -1 94 -1 94 -1 86 -1 94 -1 86 -1 142 -1 142 -1 60 -1 60 -1 -2
62 -1 62 -1 93 -1 93 -1 60 -1 60 -1 838 -1 838 -1 60 -1 60 -1 60 -1 60 -1 774 -1 774 -1 60 -1 60 -1 60 -1 102 -1 60 -1 102 -1 60 -1 60 -1 110 -1 110 -1 60 -1 60 -1 86 -1 86 -1 60 -1 60 -1 102 -1 102 -1 60 -1 60 -1 126 -1 126 -1 190 -1 190 -1 142 -1 142 -1 134 -1 134 -1 110 -1 110 -1 134 -1 134 -1 126 -1 126 -1 118 -1 118 -1 -2
62 -1 62 -1 93 -1 93 -1 60 -1 60 -1 838 -1 838 -1 60 -1 60 -1 60 -1 60 -1 774 -1 774 -1 60 -1 60 -1 60 -1 102 -1 60 -1 102 -1 60 -1 60 -1 110 -1 110 -1 60 -1 60 -1 86 -1 86 -1 60 -1 60 -1 102 -1 102 -1 60 -1 60 -1 126 -1 126 -1 190 -1 190 -1 142 -1 142 -1 134 -1 134 -1 110 -1 110 -1 142 -1 142 -1 126 -1 126 -1 118 -1 118 -1 142 -1 142 -1 -2
62 -1 62 -1 93 -1 93 -1 60 -1 60 -1 838 -1 838 -1 60 -1 60 -1 60 -1 60 -1 774 -1 774 -1 60 -1 60 -1 60 -1 102 -1 60 -1 102 -1 60 -1 60 -1 110 -1 110 -1 60 -1 60 -1 86 -1 86 -1 60 -1 60 -1 102 -1 102 -1 60 -1 60 -1 94 -1 94 -1 126 -1 86 -1 142 -1 126 -1 86 -1 142 -1 -2
62 -1 62 -1 93 -1 93 -1 60 -1 60 -1 838 -1 838 -1 60 -1 60 -1 60 -1 60 -1 774 -1 774 -1 60 -1 60 -1 60 -1 102 -1 60 -1 102 -1 60 -1 60 -1 110 -1 110 -1 60 -1 60 -1 86 -1 86 -1 60 -1 60 -1 102 -1 102 -1 60 -1 60 -1 126 -1 126 -1 190 -1 190 -1 142 -1 142 -1 134 -1 134 -1 110 -1 110 -1 1514 -1 1514 -1 822 -1 1514 -1 1514 -1 822 -1 126 -1 126 -1 118 -1 118 -1 -2
62 -1 62 -1 93 -1 93 -1 60 -1 60 -1 838 -1 838 -1 60 -1 60 -1 60 -1 60 -1 774 -1 774 -1 60 -1 60 -1 60 -1 102 -1 60 -1 102 -1 60 -1 60 -1 110 -1 110 -1 60 -1 86 -1 60 -1 86 -1 60 -1 60 -1 102 -1 102 -1 60 -1 126 -1 60 -1 126 -1 190 -1 190 -1 142 -1 142 -1 134 -1 134 -1 110 -1 110 -1 1514 -1 1490 -1 1514 -1 1490 -1 126 -1 126 -1 118 -1 118 -1 -2
62 -1 62 -1 93 -1 93 -1 60 -1 838 -1 60 -1 838 -1 60 -1 60 -1 60 -1 60 -1 774 -1 774 -1 60 -1 60 -1 60 -1 102 -1 60 -1 102 -1 60 -1 60 -1 110 -1 110 -1 60 -1 60 -1 86 -1 86 -1 60 -1 60 -1 102 -1 102 -1 60 -1 60 -1 126 -1 126 -1 190 -1 190 -1 142 -1 142 -1 134 -1 134 -1 110 -1 110 -1 638 -1 638 -1 126 -1 126 -1 118 -1 118 -1 -2
62 -1 62 -1 93 -1 93 -1 60 -1 60 -1 838 -1 838 -1 60 -1 60 -1 60 -1 60 -1 774 -1 774 -1 60 -1 60 -1 60 -1 102 -1 60 -1 102 -1 60 -1 60 -1 110 -1 110 -1 60 -1 60 -1 86 -1 86 -1 60 -1 60 -1 102 -1 102 -1 60 -1 60 -1 126 -1 126 -1 190 -1 190 -1 142 -1 142 -1 134 -1 134 -1 110 -1 110 -1 126 -1 126 -1 118 -1 118 -1 -2
62 -1 62 -1 93 -1 93 -1 60 -1 60 -1 838 -1 838 -1 60 -1 60 -1 60 -1 60 -1 774 -1 774 -1 60 -1 60 -1 60 -1 102 -1 60 -1 102 -1 60 -1 60 -1 110 -1 110 -1 60 -1 60 -1 86 -1 86 -1 60 -1 60 -1 102 -1 102 -1 60 -1 60 -1 94 -1 94 -1 150 -1 86 -1 142 -1 150 -1 86 -1 142 -1 -2
62 -1 62 -1 93 -1 93 -1 60 -1 60 -1 838 -1 838 -1 60 -1 60 -1 60 -1 60 -1 774 -1 774 -1 60 -1 60 -1 60 -1 102 -1 60 -1 102 -1 60 -1 60 -1 110 -1 110 -1 60 -1 60 -1 86 -1 86 -1 60 -1 60 -1 102 -1 102 -1 60 -1 60 -1 126 -1 126 -1 190 -1 190 -1 142 -1 142 -1 134 -1 134 -1 110 -1 110 -1 142 -1 142 -1 126 -1 126 -1 118 -1 118 -1 142 -1 142 -1 -2
62 -1 62 -1 93 -1 93 -1 60 -1 60 -1 838 -1 838 -1 60 -1 60 -1 60 -1 60 -1 774 -1 774 -1 60 -1 60 -1 60 -1 102 -1 60 -1 102 -1 60 -1 60 -1 110 -1 110 -1 60 -1 60 -1 86 -1 86 -1 60 -1 60 -1 102 -1 102 -1 60 -1 94 -1 60 -1 94 -1 94 -1 86 -1 94 -1 142 -1 86 -1 142 -1 -2
62 -1 62 -1 93 -1 93 -1 60 -1 60 -1 838 -1 838 -1 60 -1 60 -1 60 -1 60 -1 774 -1 774 -1 60 -1 60 -1 60 -1 102 -1 60 -1 102 -1 60 -1 60 -1 110 -1 110 -1 60 -1 60 -1 86 -1 86 -1 60 -1 60 -1 102 -1 102 -1 60 -1 60 -1 126 -1 126 -1 190 -1 190 -1 142 -1 142 -1 134 -1 134 -1 110 -1 110 -1 1514 -1 1514 -1 822 -1 1514 -1 1514 -1 822 -1 126 -1 126 -1 118 -1 118 -1 -2
62 -1 62 -1 93 -1 93 -1 60 -1 60 -1 838 -1 838 -1 60 -1 60 -1 60 -1 60 -1 774 -1 774 -1 60 -1 60 -1 60 -1 102 -1 60 -1 102 -1 60 -1 60 -1 110 -1 110 -1 60 -1 60 -1 86 -1 86 -1 60 -1 60 -1 102 -1 102 -1 60 -1 60 -1 126 -1 126 -1 190 -1 190 -1 142 -1 142 -1 134 -1 134 -1 110 -1 110 -1 1514 -1 1490 -1 1514 -1 1490 -1 126 -1 126 -1 118 -1 118 -1 -2
62 -1 62 -1 93 -1 93 -1 60 -1 60 -1 838 -1 838 -1 60 -1 60 -1 60 -1 60 -1 774 -1 774 -1 60 -1 60 -1 60 -1 102 -1 60 -1 102 -1 60 -1 60 -1 110 -1 110 -1 60 -1 60 -1 86 -1 86 -1 60 -1 60 -1 102 -1 102 -1 60 -1 60 -1 94 -1 94 -1 94 -1 86 -1 94 -1 142 -1 86 -1 142 -1 -2
62 -1 62 -1 93 -1 93 -1 60 -1 838 -1 60 -1 838 -1 60 -1 60 -1 60 -1 60 -1 774 -1 774 -1 60 -1 60 -1 60 -1 102 -1 60 -1 102 -1 60 -1 60 -1 110 -1 110 -1 60 -1 60 -1 86 -1 86 -1 60 -1 60 -1 102 -1 102 -1 60 -1 60 -1 126 -1 126 -1 190 -1 190 -1 142 -1 142 -1 134 -1 134 -1 110 -1 110 -1 638 -1 638 -1 126 -1 126 -1 118 -1 118 -1 -2
62 -1 62 -1 93 -1 93 -1 60 -1 60 -1 838 -1 838 -1 60 -1 60 -1 60 -1 60 -1 774 -1 774 -1 60 -1 60 -1 60 -1 102 -1 60 -1 102 -1 60 -1 60 -1 110 -1 110 -1 60 -1 60 -1 86 -1 86 -1 60 -1 60 -1 102 -1 102 -1 60 -1 60 -1 126 -1 126 -1 190 -1 190 -1 142 -1 142 -1 134 -1 134 -1 110 -1 110 -1 134 -1 134 -1 126 -1 126 -1 118 -1 118 -1 -2
62 -1 62 -1 93 -1 93 -1 60 -1 60 -1 838 -1 838 -1 60 -1 60 -1 60 -1 60 -1 774 -1 774 -1 60 -1 60 -1 60 -1 102 -1 60 -1 102 -1 60 -1 60 -1 110 -1 110 -1 60 -1 60 -1 86 -1 86 -1 60 -1 60 -1 102 -1 102 -1 60 -1 60 -1 126 -1 126 -1 190 -1 190 -1 142 -1 142 -1 134 -1 134 -1 110 -1 110 -1 126 -1 126 -1 118 -1 118 -1 -2
62 -1 62 -1 93 -1 93 -1 60 -1 60 -1 838 -1 838 -1 60 -1 60 -1 60 -1 60 -1 774 -1 774 -1 60 -1 60 -1 60 -1 102 -1 60 -1 102 -1 60 -1 60 -1 110 -1 110 -1 60 -1 60 -1 86 -1 86 -1 60 -1 60 -1 102 -1 102 -1 60 -1 60 -1 94 -1 94 -1 126 -1 86 -1 142 -1 126 -1 86 -1 142 -1 -2
62 -1 62 -1 93 -1 93 -1 60 -1 60 -1 838 -1 838 -1 60 -1 60 -1 60 -1 60 -1 774 -1 774 -1 60 -1 60 -1 60 -1 102 -1 60 -1 102 -1 60 -1 60 -1 110 -1 110 -1 60 -1 60 -1 86 -1 86 -1 60 -1 60 -1 102 -1 102 -1 60 -1 60 -1 94 -1 94 -1 94 -1 86 -1 94 -1 142 -1 86 -1 142 -1 -2
62 -1 62 -1 93 -1 93 -1 93 -1 93 -1 60 -1 60 -1 838 -1 838 -1 60 -1 60 -1 60 -1 60 -1 774 -1 774 -1 60 -1 60 -1 60 -1 102 -1 60 -1 102 -1 60 -1 60 -1 110 -1 110 -1 60 -1 60 -1 86 -1 86 -1 60 -1 60 -1 102 -1 102 -1 60 -1 60 -1 126 -1 126 -1 190 -1 190 -1 142 -1 142 -1 134 -1 134 -1 110 -1 110 -1 142 -1 142 -1 126 -1 126 -1 118 -1 118 -1 142 -1 142 -1 -2
62 -1 62 -1 93 -1 93 -1 60 -1 60 -1 838 -1 838 -1 60 -1 60 -1 60 -1 60 -1 774 -1 774 -1 60 -1 60 -1 60 -1 102 -1 60 -1 102 -1 60 -1 60 -1 110 -1 110 -1 60 -1 60 -1 86 -1 86 -1 60 -1 60 -1 102 -1 102 -1 60 -1 60 -1 126 -1 126 -1 190 -1 190 -1 142 -1 142 -1 134 -1 134 -1 110 -1 110 -1 1514 -1 1514 -1 822 -1 1514 -1 1514 -1 822 -1 126 -1 126 -1 118 -1 118 -1 -2
62 -1 62 -1 93 -1 93 -1 60 -1 838 -1 60 -1 838 -1 60 -1 60 -1 60 -1 774 -1 60 -1 774 -1 60 -1 60 -1 60 -1 102 -1 60 -1 102 -1 60 -1 60 -1 110 -1 110 -1 60 -1 60 -1 86 -1 86 -1 60 -1 60 -1 102 -1 102 -1 60 -1 60 -1 94 -1 94 -1 94 -1 86 -1 94 -1 142 -1 86 -1 142 -1 -2
62 -1 62 -1 93 -1 93 -1 60 -1 60 -1 838 -1 838 -1 60 -1 60 -1 60 -1 60 -1 774 -1 774 -1 60 -1 60 -1 60 -1 102 -1 60 -1 102 -1 60 -1 60 -1 110 -1 110 -1 60 -1 60 -1 86 -1 86 -1 60 -1 60 -1 102 -1 102 -1 60 -1 60 -1 126 -1 126 -1 190 -1 190 -1 142 -1 142 -1 134 -1 134 -1 110 -1 110 -1 1514 -1 1490 -1 1514 -1 1490 -1 126 -1 126 -1 118 -1 118 -1 -2
62 -1 62 -1 93 -1 93 -1 60 -1 60 -1 838 -1 838 -1 60 -1 60 -1 60 -1 60 -1 774 -1 774 -1 60 -1 60 -1 60 -1 102 -1 60 -1 102 -1 60 -1 60 -1 110 -1 110 -1 60 -1 60 -1 86 -1 86 -1 60 -1 60 -1 102 -1 102 -1 60 -1 60 -1 126 -1 126 -1 190 -1 190 -1 142 -1 142 -1 134 -1 134 -1 110 -1 110 -1 134 -1 134 -1 126 -1 126 -1 118 -1 118 -1 -2
62 -1 62 -1 93 -1 93 -1 60 -1 60 -1 838 -1 838 -1 60 -1 60 -1 60 -1 60 -1 774 -1 774 -1 60 -1 60 -1 60 -1 102 -1 60 -1 102 -1 60 -1 60 -1 110 -1 110 -1 60 -1 60 -1 86 -1 86 -1 60 -1 60 -1 102 -1 102 -1 60 -1 60 -1 94 -1 94 -1 150 -1 86 -1 142 -1 150 -1 86 -1 142 -1 -2
62 -1 62 -1 93 -1 93 -1 60 -1 60 -1 838 -1 838 -1 60 -1 60 -1 60 -1 60 -1 774 -1 774 -1 60 -1 60 -1 60 -1 102 -1 60 -1 102 -1 60 -1 60 -1 110 -1 110 -1 60 -1 60 -1 86 -1 86 -1 60 -1 60 -1 102 -1 102 -1 60 -1 60 -1 126 -1 126 -1 190 -1 190 -1 142 -1 142 -1 134 -1 134 -1 110 -1 110 -1 638 -1 638 -1 126 -1 126 -1 118 -1 118 -1 -2
62 -1 62 -1 93 -1 93 -1 60 -1 60 -1 838 -1 838 -1 60 -1 60 -1 60 -1 60 -1 774 -1 774 -1 60 -1 60 -1 60 -1 102 -1 60 -1 102 -1 60 -1 60 -1 110 -1 110 -1 60 -1 60 -1 86 -1 86 -1 60 -1 60 -1 102 -1 102 -1 60 -1 60 -1 94 -1 94 -1 126 -1 86 -1 142 -1 126 -1 86 -1 142 -1 -2
62 -1 62 -1 93 -1 93 -1 60 -1 60 -1 838 -1 838 -1 60 -1 60 -1 60 -1 60 -1 774 -1 774 -1 60 -1 60 -1 60 -1 102 -1 60 -1 102 -1 60 -1 60 -1 110 -1 110 -1 60 -1 60 -1 86 -1 86 -1 60 -1 60 -1 102 -1 102 -1 60 -1 60 -1 126 -1 126 -1 190 -1 190 -1 142 -1 142 -1 134 -1 134 -1 110 -1 110 -1 126 -1 126 -1 118 -1 118 -1 -2
62 -1 62 -1 93 -1 93 -1 60 -1 60 -1 838 -1 838 -1 60 -1 60 -1 60 -1 60 -1 774 -1 774 -1 60 -1 60 -1 60 -1 102 -1 60 -1 102 -1 60 -1 60 -1 110 -1 110 -1 60 -1 60 -1 86 -1 86 -1 102 -1 102 -1 126 -1 126 -1 190 -1 190 -1 142 -1 142 -1 134 -1 134 -1 110 -1 110 -1 142 -1 142 -1 126 -1 126 -1 118 -1 118 -1 142 -1 142 -1 -2
62 -1 62 -1 93 -1 93 -1 60 -1 60 -1 838 -1 838 -1 60 -1 60 -1 60 -1 60 -1 774 -1 774 -1 60 -1 60 -1 60 -1 102 -1 60 -1 102 -1 60 -1 60 -1 110 -1 110 -1 60 -1 60 -1 86 -1 86 -1 60 -1 60 -1 102 -1 102 -1 60 -1 60 -1 94 -1 94 -1 94 -1 86 -1 94 -1 142 -1 86 -1 142 -1 -2
62 -1 62 -1 93 -1 93 -1 60 -1 60 -1 838 -1 838 -1 60 -1 60 -1 60 -1 60 -1 774 -1 774 -1 60 -1 60 -1 60 -1 102 -1 60 -1 102 -1 60 -1 60 -1 110 -1 110 -1 60 -1 60 -1 86 -1 86 -1 102 -1 102 -1 126 -1 126 -1 190 -1 190 -1 142 -1 142 -1 134 -1 134 -1 110 -1 110 -1 1514 -1 1514 -1 822 -1 1514 -1 1514 -1 822 -1 126 -1 126 -1 118 -1 118 -1 -2
62 -1 62 -1 93 -1 93 -1 60 -1 60 -1 838 -1 838 -1 60 -1 60 -1 60 -1 60 -1 774 -1 774 -1 60 -1 60 -1 60 -1 102 -1 60 -1 102 -1 60 -1 60 -1 110 -1 110 -1 60 -1 60 -1 86 -1 86 -1 60 -1 60 -1 102 -1 102 -1 60 -1 60 -1 126 -1 126 -1 190 -1 190 -1 142 -1 142 -1 134 -1 134 -1 110 -1 110 -1 142 -1 142 -1 126 -1 126 -1 118 -1 118 -1 142 -1 142 -1 -2
62 -1 62 -1 93 -1 93 -1 60 -1 60 -1 838 -1 838 -1 60 -1 60 -1 60 -1 60 -1 774 -1 774 -1 60 -1 60 -1 60 -1 102 -1 60 -1 102 -1 60 -1 60 -1 110 -1 110 -1 60 -1 60 -1 86 -1 86 -1 60 -1 60 -1 102 -1 102 -1 60 -1 60 -1 94 -1 94 -1 150 -1 86 -1 142 -1 150 -1 86 -1 142 -1 60 -1 60 -1 -2
62 -1 62 -1 93 -1 93 -1 60 -1 60 -1 838 -1 838 -1 60 -1 60 -1 60 -1 60 -1 774 -1 774 -1 60 -1 60 -1 60 -1 102 -1 60 -1 102 -1 60 -1 60 -1 110 -1 110 -1 60 -1 60 -1 86 -1 86 -1 60 -1 60 -1 102 -1 102 -1 60 -1 60 -1 126 -1 126 -1 190 -1 190 -1 142 -1 142 -1 134 -1 134 -1 110 -1 110 -1 1514 -1 1514 -1 822 -1 1514 -1 1514 -1 822 -1 126 -1 126 -1 118 -1 118 -1 -2
62 -1 62 -1 93 -1 93 -1 60 -1 60 -1 838 -1 838 -1 60 -1 60 -1 60 -1 60 -1 774 -1 774 -1 60 -1 60 -1 60 -1 102 -1 60 -1 102 -1 60 -1 60 -1 110 -1 110 -1 60 -1 60 -1 86 -1 86 -1 60 -1 60 -1 102 -1 102 -1 60 -1 60 -1 94 -1 94 -1 94 -1 86 -1 94 -1 142 -1 86 -1 142 -1 -2
62 -1 62 -1 93 -1 93 -1 60 -1 60 -1 838 -1 838 -1 60 -1 60 -1 60 -1 60 -1 774 -1 774 -1 60 -1 60 -1 60 -1 102 -1 60 -1 102 -1 60 -1 60 -1 110 -1 110 -1 60 -1 60 -1 86 -1 86 -1 102 -1 102 -1 126 -1 126 -1 190 -1 190 -1 142 -1 142 -1 134 -1 134 -1 110 -1 110 -1 1514 -1 1490 -1 1514 -1 1490 -1 126 -1 126 -1 118 -1 118 -1 -2
62 -1 62 -1 93 -1 93 -1 60 -1 60 -1 838 -1 838 -1 60 -1 60 -1 60 -1 60 -1 774 -1 774 -1 60 -1 60 -1 60 -1 102 -1 60 -1 102 -1 60 -1 60 -1 110 -1 110 -1 60 -1 60 -1 86 -1 86 -1 60 -1 60 -1 102 -1 102 -1 60 -1 60 -1 126 -1 126 -1 190 -1 190 -1 142 -1 142 -1 134 -1 134 -1 110 -1 110 -1 1514 -1 1490 -1 1514 -1 1490 -1 126 -1 126 -1 118 -1 118 -1 -2
62 -1 62 -1 93 -1 93 -1 60 -1 60 -1 838 -1 838 -1 60 -1 60 -1 60 -1 60 -1 774 -1 774 -1 60 -1 60 -1 60 -1 102 -1 60 -1 102 -1 60 -1 60 -1 110 -1 110 -1 60 -1 60 -1 86 -1 86 -1 60 -1 60 -1 102 -1 102 -1 60 -1 60 -1 126 -1 126 -1 190 -1 190 -1 142 -1 142 -1 134 -1 134 -1 110 -1 110 -1 134 -1 134 -1 126 -1 126 -1 118 -1 118 -1 -2
62 -1 62 -1 93 -1 93 -1 60 -1 60 -1 838 -1 838 -1 60 -1 60 -1 60 -1 60 -1 774 -1 774 -1 60 -1 60 -1 60 -1 102 -1 60 -1 102 -1 60 -1 60 -1 110 -1 110 -1 60 -1 60 -1 86 -1 86 -1 102 -1 102 -1 126 -1 126 -1 190 -1 190 -1 142 -1 142 -1 134 -1 134 -1 110 -1 110 -1 638 -1 638 -1 126 -1 126 -1 118 -1 118 -1 -2
62 -1 62 -1 93 -1 93 -1 60 -1 60 -1 838 -1 838 -1 60 -1 60 -1 60 -1 60 -1 774 -1 774 -1 60 -1 60 -1 60 -1 102 -1 60 -1 102 -1 60 -1 60 -1 110 -1 110 -1 60 -1 60 -1 86 -1 86 -1 60 -1 60 -1 102 -1 102 -1 60 -1 60 -1 126 -1 126 -1 190 -1 190 -1 142 -1 142 -1 134 -1 134 -1 110 -1 110 -1 638 -1 638 -1 126 -1 126 -1 118 -1 118 -1 -2
62 -1 62 -1 93 -1 93 -1 60 -1 60 -1 838 -1 838 -1 60 -1 60 -1 60 -1 60 -1 774 -1 774 -1 60 -1 60 -1 60 -1 102 -1 60 -1 102 -1 60 -1 60 -1 110 -1 110 -1 60 -1 60 -1 86 -1 86 -1 60 -1 60 -1 102 -1 102 -1 60 -1 60 -1 94 -1 94 -1 126 -1 86 -1 142 -1 126 -1 86 -1 142 -1 60 -1 60 -1 -2
62 -1 62 -1 93 -1 93 -1 60 -1 60 -1 838 -1 838 -1 60 -1 60 -1 60 -1 60 -1 774 -1 774 -1 60 -1 60 -1 60 -1 102 -1 60 -1 102 -1 60 -1 60 -1 110 -1 110 -1 60 -1 60 -1 86 -1 86 -1 102 -1 102 -1 126 -1 126 -1 190 -1 190 -1 142 -1 142 -1 134 -1 134 -1 110 -1 110 -1 126 -1 126 -1 118 -1 118 -1 -2
62 -1 62 -1 93 -1 93 -1 60 -1 60 -1 838 -1 838 -1 60 -1 60 -1 60 -1 60 -1 774 -1 774 -1 60 -1 60 -1 60 -1 102 -1 60 -1 102 -1 60 -1 60 -1 110 -1 110 -1 60 -1 60 -1 86 -1 86 -1 60 -1 60 -1 102 -1 102 -1 60 -1 60 -1 126 -1 126 -1 190 -1 190 -1 142 -1 142 -1 134 -1 134 -1 110 -1 110 -1 142 -1 142 -1 126 -1 126 -1 118 -1 118 -1 142 -1 142 -1 -2
62 -1 62 -1 93 -1 93 -1 60 -1 60 -1 838 -1 838 -1 60 -1 60 -1 60 -1 60 -1 774 -1 774 -1 60 -1 60 -1 60 -1 102 -1 60 -1 102 -1 60 -1 60 -1 110 -1 110 -1 60 -1 60 -1 86 -1 86 -1 60 -1 60 -1 102 -1 102 -1 60 -1 60 -1 126 -1 126 -1 190 -1 190 -1 142 -1 142 -1 134 -1 134 -1 110 -1 110 -1 126 -1 126 -1 118 -1 118 -1 -2
62 -1 62 -1 93 -1 93 -1 60 -1 60 -1 838 -1 838 -1 60 -1 60 -1 60 -1 60 -1 774 -1 774 -1 60 -1 60 -1 60 -1 102 -1 60 -1 102 -1 60 -1 60 -1 110 -1 110 -1 60 -1 60 -1 86 -1 86 -1 60 -1 60 -1 102 -1 102 -1 60 -1 94 -1 60 -1 94 -1 94 -1 86 -1 142 -1 94 -1 86 -1 142 -1 -2
62 -1 62 -1 93 -1 93 -1 60 -1 60 -1 838 -1 838 -1 60 -1 60 -1 60 -1 60 -1 774 -1 774 -1 60 -1 60 -1 60 -1 102 -1 60 -1 102 -1 60 -1 60 -1 110 -1 110 -1 60 -1 60 -1 86 -1 86 -1 60 -1 60 -1 102 -1 102 -1 60 -1 60 -1 126 -1 126 -1 190 -1 190 -1 142 -1 142 -1 134 -1 134 -1 110 -1 110 -1 1514 -1 1514 -1 822 -1 1514 -1 1514 -1 822 -1 126 -1 126 -1 118 -1 118 -1 -2
62 -1 62 -1 93 -1 93 -1 60 -1 60 -1 838 -1 838 -1 60 -1 60 -1 60 -1 60 -1 774 -1 774 -1 60 -1 60 -1 60 -1 102 -1 60 -1 102 -1 60 -1 60 -1 110 -1 110 -1 60 -1 60 -1 86 -1 86 -1 60 -1 60 -1 102 -1 102 -1 60 -1 60 -1 94 -1 94 -1 94 -1 86 -1 94 -1 142 -1 86 -1 142 -1 -2
62 -1 62 -1 93 -1 93 -1 60 -1 60 -1 838 -1 838 -1 60 -1 60 -1 60 -1 60 -1 774 -1 774 -1 60 -1 60 -1 60 -1 102 -1 60 -1 102 -1 60 -1 60 -1 110 -1 110 -1 60 -1 60 -1 86 -1 86 -1 60 -1 60 -1 102 -1 102 -1 60 -1 126 -1 60 -1 126 -1 190 -1 190 -1 142 -1 142 -1 134 -1 134 -1 110 -1 110 -1 1514 -1 1490 -1 1514 -1 1490 -1 126 -1 126 -1 118 -1 118 -1 -2
62 -1 62 -1 93 -1 93 -1 60 -1 60 -1 838 -1 838 -1 60 -1 60 -1 60 -1 60 -1 774 -1 774 -1 60 -1 60 -1 60 -1 102 -1 60 -1 102 -1 60 -1 60 -1 110 -1 110 -1 60 -1 60 -1 86 -1 86 -1 60 -1 60 -1 102 -1 102 -1 60 -1 60 -1 94 -1 94 -1 150 -1 86 -1 142 -1 150 -1 86 -1 142 -1 -2
62 -1 62 -1 93 -1 93 -1 60 -1 60 -1 838 -1 838 -1 60 -1 60 -1 60 -1 60 -1 774 -1 774 -1 60 -1 60 -1 60 -1 102 -1 60 -1 102 -1 60 -1 60 -1 110 -1 110 -1 60 -1 60 -1 86 -1 86 -1 60 -1 60 -1 102 -1 102 -1 60 -1 60 -1 126 -1 126 -1 190 -1 190 -1 142 -1 142 -1 134 -1 134 -1 110 -1 110 -1 638 -1 638 -1 126 -1 126 -1 118 -1 118 -1 -2
62 -1 62 -1 93 -1 93 -1 60 -1 60 -1 838 -1 838 -1 60 -1 60 -1 60 -1 60 -1 774 -1 774 -1 60 -1 60 -1 60 -1 102 -1 60 -1 102 -1 60 -1 60 -1 110 -1 110 -1 60 -1 60 -1 86 -1 86 -1 102 -1 102 -1 94 -1 94 -1 94 -1 86 -1 94 -1 142 -1 86 -1 142 -1 60 -1 60 -1 -2
62 -1 62 -1 93 -1 93 -1 60 -1 60 -1 838 -1 838 -1 60 -1 60 -1 60 -1 60 -1 774 -1 774 -1 60 -1 60 -1 60 -1 102 -1 60 -1 102 -1 60 -1 60 -1 110 -1 110 -1 60 -1 60 -1 86 -1 86 -1 60 -1 60 -1 102 -1 102 -1 60 -1 60 -1 94 -1 94 -1 94 -1 86 -1 94 -1 142 -1 86 -1 142 -1 -2
62 -1 62 -1 93 -1 93 -1 60 -1 60 -1 838 -1 838 -1 60 -1 60 -1 60 -1 60 -1 774 -1 774 -1 60 -1 60 -1 60 -1 102 -1 60 -1 102 -1 60 -1 60 -1 110 -1 110 -1 60 -1 60 -1 86 -1 86 -1 60 -1 60 -1 102 -1 102 -1 60 -1 60 -1 126 -1 126 -1 190 -1 190 -1 142 -1 142 -1 134 -1 134 -1 110 -1 110 -1 126 -1 126 -1 118 -1 118 -1 -2
62 -1 62 -1 93 -1 93 -1 60 -1 60 -1 838 -1 838 -1 60 -1 60 -1 60 -1 60 -1 774 -1 774 -1 60 -1 60 -1 60 -1 102 -1 60 -1 102 -1 60 -1 60 -1 110 -1 110 -1 60 -1 60 -1 86 -1 86 -1 102 -1 102 -1 126 -1 126 -1 190 -1 190 -1 142 -1 142 -1 134 -1 134 -1 110 -1 110 -1 134 -1 134 -1 126 -1 126 -1 118 -1 118 -1 -2
62 -1 62 -1 93 -1 93 -1 60 -1 60 -1 838 -1 838 -1 60 -1 60 -1 60 -1 60 -1 774 -1 774 -1 60 -1 60 -1 60 -1 102 -1 60 -1 102 -1 60 -1 60 -1 110 -1 110 -1 60 -1 60 -1 86 -1 86 -1 60 -1 60 -1 102 -1 102 -1 60 -1 60 -1 126 -1 126 -1 190 -1 190 -1 142 -1 142 -1 134 -1 134 -1 110 -1 110 -1 134 -1 134 -1 126 -1 126 -1 118 -1 118 -1 -2
62 -1 62 -1 93 -1 93 -1 60 -1 60 -1 838 -1 838 -1 60 -1 60 -1 60 -1 60 -1 774 -1 774 -1 60 -1 60 -1 60 -1 102 -1 60 -1 102 -1 60 -1 60 -1 110 -1 110 -1 60 -1 60 -1 86 -1 86 -1 60 -1 60 -1 102 -1 102 -1 60 -1 60 -1 94 -1 94 -1 94 -1 86 -1 94 -1 142 -1 86 -1 142 -1 -2
62 -1 62 -1 93 -1 93 -1 60 -1 60 -1 838 -1 838 -1 60 -1 60 -1 60 -1 60 -1 774 -1 774 -1 60 -1 60 -1 60 -1 102 -1 60 -1 102 -1 60 -1 60 -1 110 -1 110 -1 60 -1 60 -1 86 -1 86 -1 102 -1 102 -1 94 -1 94 -1 126 -1 86 -1 142 -1 126 -1 86 -1 142 -1 60 -1 60 -1 -2
62 -1 62 -1 93 -1 93 -1 60 -1 60 -1 838 -1 838 -1 60 -1 60 -1 60 -1 60 -1 774 -1 774 -1 60 -1 60 -1 60 -1 102 -1 60 -1 102 -1 60 -1 60 -1 110 -1 110 -1 60 -1 60 -1 86 -1 86 -1 60 -1 60 -1 102 -1 102 -1 60 -1 60 -1 94 -1 94 -1 126 -1 86 -1 142 -1 126 -1 86 -1 142 -1 -2
62 -1 62 -1 93 -1 93 -1 60 -1 60 -1 838 -1 838 -1 60 -1 60 -1 60 -1 60 -1 774 -1 774 -1 60 -1 60 -1 60 -1 102 -1 60 -1 102 -1 60 -1 60 -1 110 -1 110 -1 60 -1 60 -1 86 -1 86 -1 60 -1 60 -1 102 -1 102 -1 60 -1 60 -1 126 -1 126 -1 190 -1 190 -1 142 -1 142 -1 134 -1 134 -1 110 -1 110 -1 142 -1 142 -1 126 -1 126 -1 118 -1 118 -1 142 -1 142 -1 -2
62 -1 62 -1 93 -1 93 -1 60 -1 60 -1 838 -1 838 -1 60 -1 60 -1 60 -1 60 -1 774 -1 774 -1 60 -1 60 -1 60 -1 102 -1 60 -1 102 -1 60 -1 60 -1 110 -1 110 -1 60 -1 60 -1 86 -1 86 -1 60 -1 60 -1 102 -1 102 -1 60 -1 60 -1 126 -1 126 -1 190 -1 190 -1 142 -1 142 -1 134 -1 134 -1 110 -1 110 -1 142 -1 142 -1 126 -1 126 -1 118 -1 118 -1 142 -1 142 -1 -2
62 -1 62 -1 93 -1 93 -1 60 -1 60 -1 838 -1 838 -1 60 -1 60 -1 60 -1 60 -1 774 -1 774 -1 60 -1 60 -1 60 -1 102 -1 60 -1 102 -1 60 -1 60 -1 110 -1 110 -1 60 -1 60 -1 86 -1 86 -1 60 -1 60 -1 102 -1 102 -1 60 -1 60 -1 94 -1 94 -1 94 -1 86 -1 94 -1 142 -1 86 -1 142 -1 -2
62 -1 62 -1 93 -1 93 -1 60 -1 60 -1 838 -1 838 -1 60 -1 60 -1 60 -1 60 -1 774 -1 774 -1 60 -1 60 -1 60 -1 102 -1 60 -1 102 -1 60 -1 60 -1 110 -1 110 -1 60 -1 60 -1 86 -1 86 -1 60 -1 60 -1 102 -1 102 -1 60 -1 60 -1 126 -1 126 -1 190 -1 190 -1 142 -1 142 -1 134 -1 134 -1 110 -1 110 -1 1514 -1 1514 -1 822 -1 1514 -1 1514 -1 822 -1 126 -1 126 -1 118 -1 118 -1 -2
62 -1 62 -1 93 -1 93 -1 60 -1 60 -1 838 -1 838 -1 60 -1 60 -1 60 -1 60 -1 774 -1 774 -1 60 -1 60 -1 60 -1 102 -1 60 -1 102 -1 60 -1 60 -1 110 -1 110 -1 60 -1 60 -1 86 -1 86 -1 60 -1 60 -1 102 -1 102 -1 60 -1 60 -1 126 -1 126 -1 190 -1 190 -1 142 -1 142 -1 134 -1 134 -1 110 -1 110 -1 1514 -1 1514 -1 822 -1 1514 -1 1514 -1 822 -1 126 -1 126 -1 118 -1 118 -1 -2
62 -1 62 -1 93 -1 93 -1 60 -1 60 -1 838 -1 838 -1 60 -1 60 -1 60 -1 60 -1 774 -1 774 -1 60 -1 60 -1 60 -1 102 -1 60 -1 102 -1 60 -1 60 -1 110 -1 110 -1 60 -1 60 -1 86 -1 86 -1 60 -1 60 -1 102 -1 102 -1 60 -1 60 -1 126 -1 126 -1 190 -1 190 -1 142 -1 142 -1 134 -1 134 -1 110 -1 110 -1 134 -1 134 -1 126 -1 126 -1 118 -1 118 -1 -2
62 -1 62 -1 93 -1 93 -1 60 -1 60 -1 838 -1 838 -1 60 -1 60 -1 60 -1 60 -1 774 -1 774 -1 60 -1 60 -1 60 -1 102 -1 60 -1 102 -1 60 -1 60 -1 110 -1 110 -1 60 -1 60 -1 86 -1 86 -1 60 -1 60 -1 102 -1 102 -1 60 -1 60 -1 126 -1 126 -1 190 -1 190 -1 142 -1 142 -1 134 -1 134 -1 110 -1 110 -1 1514 -1 1490 -1 1514 -1 1490 -1 126 -1 126 -1 118 -1 118 -1 -2
62 -1 62 -1 93 -1 93 -1 60 -1 60 -1 838 -1 838 -1 60 -1 60 -1 60 -1 60 -1 774 -1 774 -1 60 -1 60 -1 60 -1 102 -1 60 -1 102 -1 60 -1 60 -1 110 -1 110 -1 60 -1 60 -1 86 -1 86 -1 60 -1 60 -1 102 -1 102 -1 60 -1 60 -1 126 -1 126 -1 190 -1 190 -1 142 -1 142 -1 134 -1 134 -1 110 -1 110 -1 1514 -1 1490 -1 1514 -1 1490 -1 126 -1 126 -1 118 -1 118 -1 -2
62 -1 62 -1 93 -1 93 -1 60 -1 60 -1 838 -1 838 -1 60 -1 60 -1 60 -1 60 -1 774 -1 774 -1 60 -1 60 -1 60 -1 102 -1 60 -1 102 -1 60 -1 60 -1 110 -1 110 -1 60 -1 60 -1 86 -1 86 -1 60 -1 60 -1 102 -1 102 -1 60 -1 60 -1 126 -1 126 -1 190 -1 190 -1 142 -1 142 -1 134 -1 134 -1 110 -1 110 -1 142 -1 142 -1 126 -1 126 -1 118 -1 118 -1 142 -1 142 -1 -2
62 -1 62 -1 93 -1 93 -1 60 -1 60 -1 838 -1 838 -1 60 -1 60 -1 60 -1 60 -1 774 -1 774 -1 60 -1 60 -1 60 -1 102 -1 60 -1 102 -1 60 -1 60 -1 110 -1 110 -1 60 -1 60 -1 86 -1 86 -1 60 -1 60 -1 102 -1 102 -1 60 -1 60 -1 94 -1 94 -1 150 -1 86 -1 142 -1 150 -1 86 -1 142 -1 -2
62 -1 62 -1 93 -1 93 -1 60 -1 60 -1 838 -1 838 -1 60 -1 60 -1 60 -1 60 -1 774 -1 774 -1 774 -1 774 -1 60 -1 60 -1 60 -1 102 -1 60 -1 102 -1 60 -1 60 -1 110 -1 110 -1 60 -1 60 -1 86 -1 86 -1 60 -1 60 -1 102 -1 102 -1 60 -1 60 -1 126 -1 126 -1 190 -1 190 -1 142 -1 142 -1 134 -1 134 -1 110 -1 110 -1 142 -1 142 -1 126 -1 126 -1 118 -1 118 -1 142 -1 142 -1 -2
62 -1 62 -1 93 -1 93 -1 60 -1 60 -1 838 -1 838 -1 60 -1 60 -1 60 -1 60 -1 774 -1 774 -1 60 -1 60 -1 60 -1 102 -1 60 -1 102 -1 60 -1 60 -1 110 -1 110 -1 60 -1 60 -1 86 -1 86 -1 60 -1 60 -1 102 -1 102 -1 60 -1 60 -1 94 -1 94 -1 126 -1 86 -1 142 -1 126 -1 86 -1 142 -1 -2
62 -1 62 -1 93 -1 93 -1 60 -1 60 -1 838 -1 838 -1 60 -1 60 -1 60 -1 60 -1 774 -1 774 -1 60 -1 60 -1 60 -1 102 -1 60 -1 102 -1 60 -1 60 -1 110 -1 110 -1 60 -1 60 -1 86 -1 86 -1 60 -1 60 -1 102 -1 102 -1 60 -1 60 -1 126 -1 126 -1 190 -1 190 -1 142 -1 142 -1 134 -1 134 -1 110 -1 110 -1 638 -1 638 -1 126 -1 126 -1 118 -1 118 -1 -2
62 -1 62 -1 93 -1 93 -1 60 -1 60 -1 838 -1 838 -1 60 -1 60 -1 60 -1 60 -1 774 -1 774 -1 60 -1 60 -1 60 -1 102 -1 60 -1 102 -1 60 -1 60 -1 110 -1 110 -1 60 -1 60 -1 86 -1 86 -1 60 -1 60 -1 102 -1 102 -1 60 -1 60 -1 126 -1 126 -1 190 -1 190 -1 142 -1 142 -1 134 -1 134 -1 110 -1 110 -1 638 -1 638 -1 126 -1 126 -1 118 -1 118 -1 -2
62 -1 62 -1 93 -1 93 -1 60 -1 60 -1 838 -1 838 -1 60 -1 60 -1 60 -1 60 -1 774 -1 774 -1 60 -1 60 -1 60 -1 102 -1 60 -1 102 -1 60 -1 60 -1 110 -1 110 -1 60 -1 60 -1 86 -1 86 -1 60 -1 60 -1 102 -1 102 -1 60 -1 60 -1 126 -1 126 -1 190 -1 190 -1 142 -1 142 -1 134 -1 134 -1 110 -1 110 -1 1514 -1 1514 -1 822 -1 1514 -1 1514 -1 822 -1 126 -1 126 -1 118 -1 118 -1 -2
62 -1 62 -1 93 -1 93 -1 60 -1 60 -1 838 -1 838 -1 60 -1 60 -1 60 -1 60 -1 774 -1 774 -1 60 -1 60 -1 60 -1 102 -1 60 -1 102 -1 60 -1 60 -1 110 -1 110 -1 60 -1 60 -1 86 -1 86 -1 102 -1 102 -1 94 -1 150 -1 86 -1 142 -1 94 -1 150 -1 86 -1 142 -1 60 -1 60 -1 -2
62 -1 62 -1 93 -1 93 -1 60 -1 60 -1 838 -1 838 -1 60 -1 60 -1 60 -1 60 -1 774 -1 774 -1 60 -1 60 -1 60 -1 102 -1 60 -1 102 -1 60 -1 60 -1 110 -1 110 -1 60 -1 86 -1 60 -1 86 -1 60 -1 60 -1 102 -1 102 -1 60 -1 126 -1 60 -1 126 -1 190 -1 190 -1 142 -1 142 -1 134 -1 134 -1 110 -1 110 -1 1514 -1 1514 -1 822 -1 1514 -1 1514 -1 822 -1 126 -1 126 -1 118 -1 118 -1 -2
62 -1 62 -1 93 -1 93 -1 60 -1 60 -1 838 -1 838 -1 60 -1 60 -1 60 -1 60 -1 774 -1 774 -1 60 -1 60 -1 60 -1 102 -1 60 -1 102 -1 60 -1 60 -1 110 -1 110 -1 60 -1 60 -1 86 -1 86 -1 60 -1 60 -1 102 -1 102 -1 60 -1 126 -1 60 -1 126 -1 190 -1 190 -1 142 -1 142 -1 134 -1 134 -1 110 -1 110 -1 126 -1 126 -1 118 -1 118 -1 -2
62 -1 62 -1 93 -1 93 -1 60 -1 60 -1 838 -1 838 -1 60 -1 60 -1 60 -1 60 -1 774 -1 774 -1 60 -1 60 -1 60 -1 102 -1 60 -1 102 -1 60 -1 60 -1 110 -1 110 -1 60 -1 60 -1 86 -1 86 -1 60 -1 60 -1 102 -1 102 -1 60 -1 126 -1 60 -1 126 -1 190 -1 190 -1 142 -1 142 -1 134 -1 134 -1 110 -1 110 -1 126 -1 126 -1 118 -1 118 -1 -2
62 -1 62 -1 93 -1 93 -1 60 -1 60 -1 838 -1 838 -1 60 -1 60 -1 60 -1 60 -1 774 -1 774 -1 60 -1 60 -1 60 -1 102 -1 60 -1 102 -1 60 -1 60 -1 110 -1 110 -1 60 -1 60 -1 86 -1 86 -1 60 -1 60 -1 102 -1 102 -1 60 -1 60 -1 126 -1 126 -1 190 -1 190 -1 142 -1 142 -1 134 -1 134 -1 110 -1 110 -1 1514 -1 1490 -1 1514 -1 1490 -1 126 -1 126 -1 118 -1 118 -1 -2
62 -1 62 -1 93 -1 93 -1 60 -1 838 -1 60 -1 838 -1 60 -1 60 -1 60 -1 60 -1 774 -1 774 -1 60 -1 60 -1 60 -1 102 -1 60 -1 102 -1 60 -1 60 -1 110 -1 110 -1 60 -1 60 -1 86 -1 86 -1 60 -1 60 -1 102 -1 102 -1 60 -1 60 -1 94 -1 94 -1 94 -1 86 -1 94 -1 142 -1 86 -1 142 -1 -2
62 -1 62 -1 93 -1 93 -1 60 -1 838 -1 60 -1 838 -1 60 -1 60 -1 60 -1 60 -1 774 -1 774 -1 60 -1 60 -1 60 -1 102 -1 60 -1 102 -1 60 -1 60 -1 110 -1 110 -1 60 -1 60 -1 86 -1 86 -1 60 -1 60 -1 102 -1 102 -1 60 -1 60 -1 126 -1 126 -1 190 -1 190 -1 142 -1 142 -1 134 -1 134 -1 110 -1 110 -1 1514 -1 1490 -1 1514 -1 1490 -1 126 -1 126 -1 118 -1 118 -1 -2
62 -1 62 -1 93 -1 93 -1 60 -1 838 -1 60 -1 838 -1 60 -1 60 -1 60 -1 60 -1 774 -1 774 -1 60 -1 60 -1 60 -1 102 -1 60 -1 102 -1 60 -1 60 -1 110 -1 110 -1 60 -1 60 -1 86 -1 86 -1 60 -1 60 -1 102 -1 102 -1 60 -1 60 -1 126 -1 126 -1 190 -1 190 -1 142 -1 142 -1 134 -1 134 -1 110 -1 110 -1 142 -1 142 -1 126 -1 126 -1 118 -1 118 -1 142 -1 142 -1 -2
62 -1 62 -1 93 -1 93 -1 60 -1 60 -1 838 -1 838 -1 60 -1 60 -1 60 -1 60 -1 774 -1 774 -1 60 -1 60 -1 60 -1 102 -1 60 -1 102 -1 60 -1 60 -1 110 -1 110 -1 60 -1 60 -1 86 -1 86 -1 60 -1 60 -1 102 -1 102 -1 60 -1 94 -1 60 -1 94 -1 94 -1 86 -1 94 -1 142 -1 86 -1 142 -1 -2
62 -1 62 -1 93 -1 93 -1 60 -1 60 -1 838 -1 838 -1 60 -1 60 -1 60 -1 60 -1 774 -1 774 -1 60 -1 60 -1 60 -1 102 -1 60 -1 102 -1 60 -1 60 -1 110 -1 110 -1 60 -1 60 -1 86 -1 86 -1 60 -1 60 -1 102 -1 102 -1 60 -1 60 -1 126 -1 126 -1 190 -1 190 -1 142 -1 142 -1 134 -1 134 -1 110 -1 110 -1 638 -1 638 -1 126 -1 126 -1 118 -1 118 -1 -2
62 -1 62 -1 93 -1 93 -1 60 -1 60 -1 838 -1 838 -1 60 -1 60 -1 60 -1 60 -1 774 -1 774 -1 60 -1 60 -1 60 -1 102 -1 60 -1 102 -1 60 -1 60 -1 110 -1 110 -1 60 -1 60 -1 86 -1 86 -1 60 -1 60 -1 102 -1 102 -1 60 -1 60 -1 126 -1 126 -1 190 -1 190 -1 142 -1 142 -1 134 -1 134 -1 110 -1 110 -1 1514 -1 1514 -1 822 -1 1514 -1 1514 -1 822 -1 126 -1 126 -1 118 -1 118 -1 -2
62 -1 62 -1 93 -1 93 -1 60 -1 60 -1 838 -1 838 -1 60 -1 60 -1 60 -1 60 -1 774 -1 774 -1 60 -1 60 -1 60 -1 102 -1 60 -1 102 -1 60 -1 60 -1 110 -1 110 -1 60 -1 60 -1 86 -1 86 -1 60 -1 60 -1 102 -1 102 -1 60 -1 60 -1 126 -1 126 -1 190 -1 190 -1 142 -1 142 -1 134 -1 134 -1 110 -1 110 -1 638 -1 638 -1 126 -1 126 -1 118 -1 118 -1 -2
62 -1 62 -1 93 -1 93 -1 60 -1 60 -1 838 -1 838 -1 60 -1 60 -1 60 -1 60 -1 774 -1 774 -1 60 -1 60 -1 60 -1 102 -1 60 -1 102 -1 60 -1 60 -1 110 -1 110 -1 60 -1 60 -1 86 -1 86 -1 60 -1 60 -1 102 -1 102 -1 60 -1 60 -1 94 -1 94 -1 150 -1 86 -1 142 -1 150 -1 86 -1 142 -1 -2
62 -1 62 -1 93 -1 93 -1 60 -1 60 -1 838 -1 838 -1 60 -1 60 -1 60 -1 60 -1 774 -1 774 -1 60 -1 60 -1 60 -1 102 -1 60 -1 102 -1 60 -1 60 -1 110 -1 110 -1 60 -1 60 -1 86 -1 86 -1 60 -1 60 -1 102 -1 102 -1 60 -1 60 -1 126 -1 126 -1 190 -1 190 -1 142 -1 142 -1 134 -1 134 -1 110 -1 110 -1 126 -1 126 -1 118 -1 118 -1 -2
62 -1 62 -1 93 -1 93 -1 60 -1 60 -1 838 -1 838 -1 60 -1 60 -1 60 -1 60 -1 774 -1 774 -1 60 -1 60 -1 60 -1 102 -1 60 -1 102 -1 60 -1 60 -1 110 -1 110 -1 60 -1 60 -1 86 -1 86 -1 60 -1 60 -1 102 -1 102 -1 60 -1 60 -1 94 -1 94 -1 94 -1 86 -1 94 -1 142 -1 86 -1 142 -1 -2
62 -1 62 -1 93 -1 93 -1 60 -1 60 -1 838 -1 838 -1 60 -1 60 -1 60 -1 60 -1 774 -1 774 -1 60 -1 60 -1 60 -1 102 -1 60 -1 102 -1 60 -1 60 -1 110 -1 110 -1 60 -1 60 -1 86 -1 86 -1 60 -1 60 -1 102 -1 102 -1 60 -1 60 -1 126 -1 126 -1 190 -1 190 -1 142 -1 142 -1 134 -1 134 -1 110 -1 110 -1 1514 -1 1490 -1 1514 -1 1490 -1 126 -1 126 -1 118 -1 118 -1 -2
62 -1 62 -1 93 -1 93 -1 60 -1 60 -1 838 -1 838 -1 60 -1 60 -1 60 -1 60 -1 774 -1 774 -1 60 -1 60 -1 60 -1 102 -1 60 -1 102 -1 60 -1 60 -1 110 -1 110 -1 60 -1 60 -1 86 -1 86 -1 60 -1 60 -1 102 -1 102 -1 60 -1 60 -1 94 -1 94 -1 94 -1 86 -1 94 -1 142 -1 86 -1 142 -1 -2
62 -1 62 -1 93 -1 93 -1 60 -1 838 -1 60 -1 838 -1 60 -1 60 -1 60 -1 60 -1 774 -1 774 -1 60 -1 60 -1 60 -1 102 -1 60 -1 102 -1 60 -1 60 -1 110 -1 110 -1 60 -1 60 -1 86 -1 86 -1 60 -1 60 -1 102 -1 102 -1 60 -1 60 -1 126 -1 126 -1 190 -1 190 -1 142 -1 142 -1 134 -1 134 -1 110 -1 110 -1 126 -1 126 -1 118 -1 118 -1 -2
62 -1 62 -1 93 -1 93 -1 60 -1 60 -1 838 -1 838 -1 60 -1 60 -1 60 -1 60 -1 774 -1 774 -1 60 -1 60 -1 60 -1 102 -1 60 -1 102 -1 60 -1 60 -1 110 -1 110 -1 60 -1 60 -1 86 -1 86 -1 60 -1 60 -1 102 -1 102 -1 60 -1 60 -1 94 -1 94 -1 94 -1 86 -1 94 -1 142 -1 86 -1 142 -1 -2
62 -1 62 -1 93 -1 93 -1 60 -1 60 -1 838 -1 838 -1 60 -1 60 -1 60 -1 60 -1 774 -1 774 -1 60 -1 60 -1 60 -1 102 -1 60 -1 102 -1 60 -1 60 -1 110 -1 110 -1 60 -1 60 -1 86 -1 86 -1 60 -1 60 -1 102 -1 102 -1 60 -1 60 -1 126 -1 126 -1 190 -1 190 -1 142 -1 142 -1 134 -1 134 -1 110 -1 110 -1 134 -1 134 -1 126 -1 126 -1 118 -1 118 -1 -2
62 -1 62 -1 93 -1 93 -1 60 -1 60 -1 838 -1 838 -1 60 -1 60 -1 60 -1 60 -1 774 -1 774 -1 60 -1 60 -1 60 -1 102 -1 60 -1 102 -1 60 -1 60 -1 110 -1 110 -1 60 -1 60 -1 86 -1 86 -1 60 -1 60 -1 102 -1 102 -1 60 -1 60 -1 126 -1 126 -1 190 -1 190 -1 142 -1 142 -1 134 -1 134 -1 110 -1 110 -1 638 -1 638 -1 126 -1 126 -1 118 -1 118 -1 -2
62 -1 62 -1 93 -1 93 -1 60 -1 60 -1 838 -1 838 -1 60 -1 60 -1 60 -1 60 -1 774 -1 774 -1 60 -1 60 -1 60 -1 102 -1 60 -1 102 -1 60 -1 60 -1 110 -1 110 -1 60 -1 60 -1 86 -1 86 -1 60 -1 60 -1 102 -1 102 -1 60 -1 60 -1 126 -1 126 -1 190 -1 190 -1 142 -1 142 -1 134 -1 134 -1 110 -1 110 -1 134 -1 134 -1 126 -1 126 -1 118 -1 118 -1 -2
62 -1 62 -1 93 -1 93 -1 60 -1 60 -1 838 -1 838 -1 60 -1 60 -1 60 -1 60 -1 774 -1 774 -1 60 -1 60 -1 60 -1 102 -1 60 -1 102 -1 60 -1 60 -1 110 -1 110 -1 60 -1 60 -1 86 -1 86 -1 60 -1 60 -1 102 -1 102 -1 60 -1 60 -1 94 -1 94 -1 94 -1 86 -1 94 -1 142 -1 86 -1 142 -1 -2
62 -1 62 -1 93 -1 93 -1 60 -1 60 -1 838 -1 838 -1 60 -1 60 -1 60 -1 60 -1 774 -1 774 -1 60 -1 60 -1 60 -1 102 -1 60 -1 102 -1 60 -1 60 -1 110 -1 110 -1 60 -1 60 -1 86 -1 86 -1 60 -1 60 -1 102 -1 102 -1 60 -1 60 -1 126 -1 126 -1 190 -1 190 -1 142 -1 142 -1 134 -1 134 -1 110 -1 110 -1 142 -1 142 -1 126 -1 126 -1 118 -1 118 -1 142 -1 142 -1 -2
62 -1 62 -1 93 -1 93 -1 60 -1 60 -1 838 -1 838 -1 60 -1 60 -1 60 -1 60 -1 774 -1 774 -1 60 -1 60 -1 60 -1 102 -1 60 -1 102 -1 60 -1 60 -1 110 -1 110 -1 60 -1 60 -1 86 -1 86 -1 60 -1 60 -1 102 -1 102 -1 60 -1 94 -1 60 -1 94 -1 126 -1 86 -1 142 -1 126 -1 86 -1 142 -1 -2
62 -1 62 -1 93 -1 93 -1 60 -1 60 -1 838 -1 838 -1 60 -1 60 -1 60 -1 60 -1 774 -1 774 -1 60 -1 60 -1 60 -1 102 -1 60 -1 102 -1 60 -1 60 -1 110 -1 110 -1 60 -1 60 -1 86 -1 86 -1 60 -1 60 -1 102 -1 102 -1 60 -1 126 -1 60 -1 126 -1 190 -1 190 -1 142 -1 142 -1 134 -1 134 -1 110 -1 110 -1 126 -1 126 -1 118 -1 118 -1 -2
62 -1 62 -1 93 -1 93 -1 60 -1 60 -1 838 -1 838 -1 60 -1 60 -1 60 -1 60 -1 774 -1 774 -1 60 -1 60 -1 60 -1 102 -1 60 -1 102 -1 60 -1 60 -1 110 -1 110 -1 60 -1 60 -1 86 -1 86 -1 60 -1 60 -1 102 -1 102 -1 60 -1 60 -1 94 -1 94 -1 126 -1 86 -1 142 -1 126 -1 86 -1 142 -1 -2
62 -1 62 -1 93 -1 93 -1 60 -1 60 -1 838 -1 838 -1 60 -1 60 -1 60 -1 60 -1 774 -1 774 -1 60 -1 60 -1 60 -1 102 -1 60 -1 102 -1 60 -1 60 -1 110 -1 110 -1 60 -1 60 -1 86 -1 86 -1 60 -1 60 -1 102 -1 102 -1 60 -1 60 -1 94 -1 94 -1 94 -1 86 -1 94 -1 142 -1 86 -1 142 -1 -2
62 -1 62 -1 93 -1 93 -1 60 -1 60 -1 838 -1 838 -1 60 -1 60 -1 60 -1 60 -1 774 -1 774 -1 60 -1 60 -1 60 -1 102 -1 60 -1 102 -1 60 -1 60 -1 110 -1 110 -1 60 -1 60 -1 86 -1 86 -1 60 -1 60 -1 102 -1 102 -1 60 -1 126 -1 60 -1 126 -1 190 -1 190 -1 142 -1 142 -1 134 -1 134 -1 110 -1 110 -1 1514 -1 1514 -1 822 -1 1514 -1 1514 -1 822 -1 126 -1 126 -1 118 -1 118 -1 142 -1 142 -1 -2
62 -1 62 -1 93 -1 93 -1 60 -1 60 -1 838 -1 838 -1 60 -1 60 -1 60 -1 60 -1 774 -1 774 -1 60 -1 60 -1 60 -1 102 -1 60 -1 102 -1 60 -1 60 -1 110 -1 110 -1 60 -1 60 -1 86 -1 86 -1 60 -1 60 -1 102 -1 102 -1 60 -1 60 -1 94 -1 94 -1 94 -1 86 -1 142 -1 94 -1 86 -1 142 -1 -2
62 -1 62 -1 93 -1 93 -1 60 -1 60 -1 838 -1 838 -1 60 -1 60 -1 60 -1 60 -1 774 -1 774 -1 60 -1 60 -1 60 -1 102 -1 60 -1 102 -1 60 -1 60 -1 110 -1 110 -1 60 -1 60 -1 86 -1 86 -1 60 -1 60 -1 102 -1 102 -1 60 -1 60 -1 94 -1 94 -1 94 -1 86 -1 94 -1 142 -1 86 -1 142 -1 -2
62 -1 62 -1 93 -1 93 -1 60 -1 60 -1 838 -1 838 -1 60 -1 60 -1 60 -1 60 -1 774 -1 774 -1 60 -1 60 -1 60 -1 102 -1 60 -1 102 -1 60 -1 60 -1 110 -1 110 -1 60 -1 60 -1 86 -1 86 -1 60 -1 60 -1 102 -1 102 -1 60 -1 60 -1 126 -1 126 -1 190 -1 190 -1 142 -1 142 -1 134 -1 134 -1 110 -1 110 -1 134 -1 134 -1 126 -1 126 -1 118 -1 118 -1 -2
62 -1 62 -1 93 -1 93 -1 60 -1 60 -1 838 -1 838 -1 60 -1 60 -1 60 -1 774 -1 60 -1 774 -1 60 -1 60 -1 60 -1 102 -1 60 -1 102 -1 60 -1 60 -1 110 -1 110 -1 60 -1 60 -1 86 -1 86 -1 60 -1 60 -1 102 -1 102 -1 60 -1 60 -1 126 -1 126 -1 190 -1 190 -1 142 -1 142 -1 134 -1 134 -1 110 -1 110 -1 1514 -1 1490 -1 1514 -1 1490 -1 126 -1 126 -1 118 -1 118 -1 -2
62 -1 62 -1 93 -1 93 -1 60 -1 60 -1 838 -1 838 -1 60 -1 60 -1 60 -1 60 -1 774 -1 774 -1 60 -1 60 -1 60 -1 102 -1 60 -1 102 -1 60 -1 60 -1 110 -1 110 -1 60 -1 60 -1 86 -1 86 -1 60 -1 60 -1 102 -1 102 -1 60 -1 60 -1 94 -1 94 -1 126 -1 86 -1 142 -1 126 -1 86 -1 142 -1 -2
62 -1 62 -1 93 -1 93 -1 60 -1 60 -1 838 -1 838 -1 60 -1 60 -1 60 -1 60 -1 774 -1 774 -1 60 -1 60 -1 60 -1 102 -1 60 -1 102 -1 60 -1 60 -1 110 -1 110 -1 60 -1 60 -1 86 -1 86 -1 60 -1 60 -1 102 -1 102 -1 60 -1 60 -1 126 -1 126 -1 190 -1 190 -1 142 -1 142 -1 134 -1 134 -1 110 -1 110 -1 134 -1 134 -1 126 -1 126 -1 118 -1 118 -1 -2
62 -1 62 -1 93 -1 93 -1 60 -1 60 -1 838 -1 838 -1 60 -1 60 -1 60 -1 60 -1 774 -1 774 -1 60 -1 60 -1 60 -1 102 -1 60 -1 102 -1 60 -1 60 -1 110 -1 110 -1 60 -1 60 -1 86 -1 86 -1 60 -1 60 -1 102 -1 102 -1 60 -1 60 -1 94 -1 94 -1 94 -1 86 -1 94 -1 142 -1 86 -1 142 -1 -2
62 -1 62 -1 93 -1 93 -1 60 -1 60 -1 838 -1 838 -1 60 -1 60 -1 60 -1 60 -1 774 -1 774 -1 60 -1 60 -1 60 -1 102 -1 60 -1 102 -1 60 -1 60 -1 110 -1 110 -1 60 -1 60 -1 86 -1 86 -1 60 -1 60 -1 102 -1 102 -1 60 -1 60 -1 126 -1 126 -1 190 -1 190 -1 142 -1 142 -1 134 -1 134 -1 110 -1 110 -1 638 -1 638 -1 126 -1 126 -1 118 -1 118 -1 -2
62 -1 62 -1 93 -1 93 -1 60 -1 60 -1 838 -1 838 -1 60 -1 60 -1 60 -1 60 -1 774 -1 774 -1 60 -1 60 -1 60 -1 102 -1 60 -1 102 -1 60 -1 60 -1 110 -1 110 -1 60 -1 60 -1 86 -1 86 -1 60 -1 60 -1 102 -1 102 -1 60 -1 60 -1 94 -1 94 -1 150 -1 86 -1 142 -1 150 -1 86 -1 142 -1 -2
62 -1 62 -1 93 -1 93 -1 60 -1 60 -1 838 -1 838 -1 60 -1 60 -1 60 -1 60 -1 774 -1 774 -1 60 -1 60 -1 60 -1 102 -1 60 -1 102 -1 60 -1 60 -1 110 -1 110 -1 60 -1 60 -1 86 -1 86 -1 60 -1 60 -1 102 -1 102 -1 60 -1 94 -1 60 -1 94 -1 150 -1 86 -1 142 -1 150 -1 86 -1 142 -1 -2
62 -1 62 -1 93 -1 93 -1 60 -1 60 -1 838 -1 838 -1 60 -1 60 -1 60 -1 60 -1 774 -1 774 -1 60 -1 60 -1 60 -1 102 -1 60 -1 102 -1 60 -1 60 -1 110 -1 110 -1 60 -1 86 -1 60 -1 86 -1 60 -1 60 -1 102 -1 102 -1 60 -1 94 -1 126 -1 86 -1 142 -1 60 -1 94 -1 126 -1 86 -1 142 -1 -2
62 -1 62 -1 93 -1 93 -1 60 -1 60 -1 838 -1 838 -1 60 -1 60 -1 60 -1 60 -1 774 -1 774 -1 60 -1 60 -1 60 -1 102 -1 60 -1 102 -1 60 -1 60 -1 110 -1 110 -1 60 -1 60 -1 86 -1 86 -1 60 -1 60 -1 102 -1 102 -1 60 -1 60 -1 126 -1 126 -1 190 -1 190 -1 142 -1 142 -1 134 -1 134 -1 110 -1 110 -1 134 -1 134 -1 126 -1 126 -1 118 -1 118 -1 -2
62 -1 62 -1 93 -1 93 -1 60 -1 60 -1 838 -1 838 -1 60 -1 60 -1 60 -1 60 -1 774 -1 774 -1 60 -1 60 -1 60 -1 102 -1 60 -1 102 -1 60 -1 60 -1 110 -1 110 -1 60 -1 60 -1 86 -1 86 -1 60 -1 60 -1 102 -1 102 -1 60 -1 60 -1 126 -1 126 -1 190 -1 190 -1 142 -1 142 -1 134 -1 134 -1 110 -1 110 -1 126 -1 126 -1 118 -1 118 -1 -2
62 -1 62 -1 93 -1 93 -1 60 -1 60 -1 838 -1 838 -1 60 -1 60 -1 60 -1 60 -1 774 -1 774 -1 60 -1 60 -1 60 -1 102 -1 60 -1 102 -1 60 -1 60 -1 110 -1 110 -1 60 -1 60 -1 86 -1 86 -1 60 -1 60 -1 102 -1 102 -1 60 -1 60 -1 94 -1 94 -1 126 -1 86 -1 142 -1 126 -1 86 -1 142 -1 -2
62 -1 62 -1 93 -1 93 -1 60 -1 60 -1 838 -1 838 -1 60 -1 60 -1 60 -1 60 -1 774 -1 774 -1 60 -1 60 -1 60 -1 102 -1 60 -1 102 -1 60 -1 60 -1 110 -1 110 -1 60 -1 60 -1 86 -1 86 -1 60 -1 60 -1 102 -1 102 -1 60 -1 60 -1 94 -1 94 -1 150 -1 86 -1 142 -1 150 -1 86 -1 142 -1 -2
62 -1 62 -1 93 -1 93 -1 60 -1 60 -1 838 -1 838 -1 60 -1 60 -1 60 -1 60 -1 774 -1 774 -1 60 -1 60 -1 60 -1 102 -1 60 -1 102 -1 60 -1 60 -1 110 -1 110 -1 60 -1 60 -1 86 -1 86 -1 60 -1 60 -1 102 -1 102 -1 60 -1 60 -1 94 -1 94 -1 150 -1 86 -1 142 -1 150 -1 86 -1 142 -1 -2
62 -1 62 -1 93 -1 93 -1 60 -1 60 -1 838 -1 838 -1 60 -1 60 -1 60 -1 60 -1 774 -1 774 -1 60 -1 60 -1 60 -1 102 -1 60 -1 102 -1 60 -1 60 -1 110 -1 110 -1 60 -1 60 -1 86 -1 86 -1 60 -1 60 -1 102 -1 102 -1 60 -1 60 -1 126 -1 126 -1 190 -1 190 -1 142 -1 142 -1 134 -1 134 -1 110 -1 110 -1 142 -1 142 -1 126 -1 126 -1 118 -1 118 -1 142 -1 142 -1 -2
62 -1 62 -1 93 -1 93 -1 60 -1 60 -1 838 -1 838 -1 60 -1 60 -1 60 -1 60 -1 774 -1 774 -1 60 -1 60 -1 60 -1 102 -1 60 -1 102 -1 60 -1 60 -1 110 -1 110 -1 60 -1 60 -1 86 -1 86 -1 60 -1 60 -1 102 -1 102 -1 60 -1 60 -1 94 -1 94 -1 94 -1 86 -1 94 -1 142 -1 86 -1 142 -1 -2
62 -1 62 -1 93 -1 93 -1 60 -1 60 -1 838 -1 838 -1 60 -1 60 -1 60 -1 60 -1 774 -1 774 -1 60 -1 60 -1 60 -1 102 -1 60 -1 102 -1 60 -1 60 -1 110 -1 110 -1 60 -1 60 -1 86 -1 86 -1 60 -1 60 -1 102 -1 102 -1 60 -1 60 -1 94 -1 94 -1 150 -1 86 -1 142 -1 150 -1 86 -1 142 -1 -2
62 -1 62 -1 93 -1 93 -1 60 -1 60 -1 838 -1 838 -1 60 -1 60 -1 60 -1 60 -1 774 -1 774 -1 60 -1 60 -1 60 -1 102 -1 60 -1 102 -1 60 -1 60 -1 110 -1 110 -1 60 -1 60 -1 86 -1 86 -1 60 -1 60 -1 102 -1 102 -1 60 -1 126 -1 60 -1 126 -1 190 -1 190 -1 142 -1 142 -1 134 -1 134 -1 110 -1 110 -1 1514 -1 1514 -1 822 -1 1514 -1 1514 -1 822 -1 126 -1 126 -1 118 -1 118 -1 -2
62 -1 62 -1 93 -1 93 -1 60 -1 60 -1 838 -1 838 -1 60 -1 60 -1 60 -1 60 -1 774 -1 774 -1 60 -1 60 -1 60 -1 102 -1 60 -1 102 -1 60 -1 60 -1 110 -1 110 -1 60 -1 60 -1 86 -1 86 -1 60 -1 60 -1 102 -1 102 -1 60 -1 60 -1 126 -1 126 -1 190 -1 190 -1 142 -1 142 -1 134 -1 134 -1 110 -1 110 -1 134 -1 134 -1 126 -1 126 -1 118 -1 118 -1 -2
62 -1 62 -1 93 -1 93 -1 60 -1 60 -1 838 -1 838 -1 60 -1 60 -1 60 -1 60 -1 774 -1 774 -1 60 -1 60 -1 60 -1 60 -1 102 -1 102 -1 60 -1 60 -1 110 -1 110 -1 60 -1 60 -1 86 -1 86 -1 60 -1 60 -1 102 -1 102 -1 60 -1 60 -1 126 -1 126 -1 190 -1 190 -1 142 -1 142 -1 134 -1 134 -1 110 -1 110 -1 1514 -1 1490 -1 1514 -1 1490 -1 126 -1 126 -1 118 -1 118 -1 -2
62 -1 62 -1 93 -1 93 -1 60 -1 60 -1 838 -1 838 -1 60 -1 60 -1 60 -1 60 -1 774 -1 774 -1 60 -1 60 -1 60 -1 102 -1 60 -1 102 -1 60 -1 60 -1 110 -1 110 -1 60 -1 60 -1 86 -1 86 -1 60 -1 60 -1 102 -1 102 -1 60 -1 60 -1 94 -1 94 -1 126 -1 86 -1 142 -1 126 -1 86 -1 142 -1 -2
62 -1 62 -1 93 -1 93 -1 60 -1 60 -1 838 -1 838 -1 60 -1 60 -1 60 -1 60 -1 774 -1 774 -1 60 -1 60 -1 60 -1 102 -1 60 -1 102 -1 60 -1 60 -1 110 -1 110 -1 60 -1 60 -1 86 -1 86 -1 60 -1 60 -1 102 -1 102 -1 60 -1 60 -1 126 -1 126 -1 190 -1 190 -1 142 -1 142 -1 134 -1 134 -1 110 -1 110 -1 638 -1 638 -1 126 -1 126 -1 118 -1 118 -1 -2
62 -1 62 -1 93 -1 93 -1 60 -1 60 -1 838 -1 838 -1 60 -1 60 -1 60 -1 60 -1 774 -1 774 -1 60 -1 60 -1 60 -1 102 -1 60 -1 102 -1 60 -1 60 -1 110 -1 110 -1 60 -1 60 -1 86 -1 86 -1 60 -1 60 -1 102 -1 102 -1 60 -1 60 -1 126 -1 126 -1 190 -1 190 -1 142 -1 142 -1 134 -1 134 -1 110 -1 110 -1 126 -1 126 -1 118 -1 118 -1 -2
62 -1 62 -1 93 -1 93 -1 60 -1 60 -1 838 -1 838 -1 60 -1 60 -1 60 -1 60 -1 774 -1 774 -1 60 -1 60 -1 60 -1 102 -1 60 -1 102 -1 60 -1 60 -1 110 -1 110 -1 60 -1 60 -1 86 -1 86 -1 60 -1 60 -1 102 -1 102 -1 60 -1 60 -1 94 -1 94 -1 94 -1 86 -1 94 -1 142 -1 86 -1 142 -1 -2
62 -1 62 -1 93 -1 93 -1 60 -1 60 -1 838 -1 838 -1 60 -1 60 -1 60 -1 60 -1 774 -1 774 -1 60 -1 60 -1 60 -1 102 -1 60 -1 102 -1 60 -1 60 -1 110 -1 110 -1 60 -1 60 -1 86 -1 86 -1 60 -1 60 -1 102 -1 102 -1 60 -1 60 -1 126 -1 126 -1 190 -1 190 -1 142 -1 142 -1 134 -1 134 -1 110 -1 110 -1 142 -1 142 -1 126 -1 126 -1 118 -1 118 -1 142 -1 142 -1 -2
62 -1 62 -1 93 -1 93 -1 60 -1 60 -1 838 -1 838 -1 60 -1 60 -1 60 -1 60 -1 774 -1 774 -1 60 -1 60 -1 60 -1 102 -1 60 -1 102 -1 60 -1 60 -1 110 -1 110 -1 60 -1 60 -1 86 -1 86 -1 60 -1 60 -1 102 -1 102 -1 60 -1 60 -1 94 -1 94 -1 150 -1 86 -1 142 -1 150 -1 86 -1 142 -1 -2
62 -1 62 -1 93 -1 93 -1 60 -1 60 -1 838 -1 838 -1 60 -1 60 -1 60 -1 60 -1 774 -1 774 -1 60 -1 60 -1 60 -1 102 -1 60 -1 102 -1 60 -1 60 -1 110 -1 110 -1 60 -1 60 -1 86 -1 86 -1 60 -1 60 -1 102 -1 102 -1 60 -1 60 -1 126 -1 126 -1 190 -1 190 -1 142 -1 142 -1 134 -1 134 -1 110 -1 110 -1 1514 -1 1514 -1 822 -1 1514 -1 1514 -1 822 -1 126 -1 126 -1 118 -1 118 -1 -2
62 -1 62 -1 93 -1 93 -1 60 -1 60 -1 838 -1 838 -1 60 -1 60 -1 60 -1 60 -1 774 -1 774 -1 60 -1 60 -1 60 -1 102 -1 60 -1 102 -1 60 -1 60 -1 110 -1 110 -1 60 -1 60 -1 86 -1 86 -1 60 -1 60 -1 102 -1 102 -1 60 -1 60 -1 126 -1 126 -1 190 -1 190 -1 142 -1 142 -1 134 -1 134 -1 110 -1 110 -1 142 -1 142 -1 126 -1 126 -1 118 -1 118 -1 142 -1 142 -1 -2
62 -1 62 -1 93 -1 93 -1 60 -1 60 -1 838 -1 838 -1 60 -1 60 -1 60 -1 60 -1 774 -1 774 -1 60 -1 60 -1 60 -1 102 -1 60 -1 102 -1 60 -1 60 -1 110 -1 110 -1 60 -1 60 -1 86 -1 86 -1 60 -1 60 -1 102 -1 102 -1 60 -1 60 -1 94 -1 94 -1 94 -1 86 -1 94 -1 142 -1 86 -1 142 -1 -2
62 -1 62 -1 93 -1 93 -1 60 -1 60 -1 838 -1 838 -1 60 -1 60 -1 60 -1 60 -1 774 -1 774 -1 60 -1 60 -1 60 -1 102 -1 60 -1 102 -1 60 -1 60 -1 110 -1 110 -1 60 -1 60 -1 86 -1 86 -1 60 -1 60 -1 102 -1 102 -1 60 -1 60 -1 126 -1 126 -1 190 -1 190 -1 142 -1 142 -1 134 -1 134 -1 110 -1 110 -1 1514 -1 1490 -1 1514 -1 1490 -1 126 -1 126 -1 118 -1 118 -1 -2
62 -1 62 -1 93 -1 93 -1 60 -1 60 -1 838 -1 838 -1 60 -1 60 -1 60 -1 60 -1 774 -1 774 -1 60 -1 60 -1 60 -1 102 -1 60 -1 102 -1 60 -1 60 -1 110 -1 110 -1 60 -1 60 -1 86 -1 86 -1 60 -1 60 -1 102 -1 102 -1 60 -1 60 -1 126 -1 126 -1 190 -1 190 -1 142 -1 142 -1 134 -1 134 -1 110 -1 110 -1 1514 -1 1514 -1 822 -1 1514 -1 1514 -1 822 -1 126 -1 126 -1 118 -1 118 -1 -2
62 -1 62 -1 93 -1 93 -1 60 -1 60 -1 838 -1 838 -1 60 -1 60 -1 60 -1 60 -1 774 -1 774 -1 60 -1 60 -1 60 -1 102 -1 60 -1 102 -1 60 -1 60 -1 110 -1 110 -1 60 -1 60 -1 86 -1 86 -1 102 -1 102 -1 126 -1 126 -1 190 -1 190 -1 142 -1 142 -1 134 -1 134 -1 110 -1 110 -1 142 -1 142 -1 126 -1 126 -1 118 -1 118 -1 142 -1 142 -1 -2
62 -1 62 -1 93 -1 93 -1 60 -1 60 -1 838 -1 838 -1 60 -1 60 -1 60 -1 60 -1 774 -1 774 -1 60 -1 60 -1 60 -1 102 -1 60 -1 102 -1 60 -1 60 -1 110 -1 110 -1 60 -1 60 -1 86 -1 86 -1 60 -1 60 -1 102 -1 102 -1 60 -1 60 -1 126 -1 126 -1 190 -1 190 -1 142 -1 142 -1 134 -1 134 -1 110 -1 110 -1 134 -1 134 -1 126 -1 126 -1 118 -1 118 -1 -2
62 -1 62 -1 93 -1 93 -1 60 -1 60 -1 838 -1 838 -1 60 -1 60 -1 60 -1 60 -1 774 -1 774 -1 60 -1 60 -1 60 -1 102 -1 60 -1 102 -1 60 -1 60 -1 110 -1 110 -1 60 -1 60 -1 86 -1 86 -1 60 -1 60 -1 102 -1 102 -1 60 -1 126 -1 60 -1 126 -1 190 -1 190 -1 142 -1 142 -1 134 -1 134 -1 110 -1 110 -1 638 -1 638 -1 126 -1 126 -1 118 -1 118 -1 -2
62 -1 62 -1 93 -1 93 -1 60 -1 60 -1 838 -1 838 -1 60 -1 60 -1 60 -1 60 -1 774 -1 774 -1 60 -1 60 -1 60 -1 102 -1 60 -1 102 -1 60 -1 60 -1 110 -1 110 -1 60 -1 60 -1 86 -1 86 -1 60 -1 60 -1 102 -1 102 -1 60 -1 60 -1 126 -1 126 -1 190 -1 190 -1 142 -1 142 -1 134 -1 134 -1 110 -1 110 -1 1514 -1 1490 -1 1514 -1 1490 -1 126 -1 126 -1 118 -1 118 -1 -2
62 -1 62 -1 93 -1 93 -1 60 -1 60 -1 838 -1 838 -1 60 -1 60 -1 60 -1 60 -1 774 -1 774 -1 60 -1 60 -1 60 -1 102 -1 60 -1 102 -1 60 -1 60 -1 110 -1 110 -1 60 -1 60 -1 86 -1 86 -1 60 -1 60 -1 102 -1 102 -1 60 -1 60 -1 126 -1 126 -1 190 -1 190 -1 142 -1 142 -1 134 -1 134 -1 110 -1 110 -1 126 -1 126 -1 118 -1 118 -1 -2
62 -1 62 -1 93 -1 93 -1 60 -1 60 -1 838 -1 838 -1 60 -1 60 -1 60 -1 60 -1 774 -1 774 -1 60 -1 60 -1 60 -1 102 -1 60 -1 102 -1 60 -1 60 -1 110 -1 110 -1 60 -1 60 -1 86 -1 86 -1 60 -1 60 -1 102 -1 102 -1 60 -1 60 -1 94 -1 94 -1 126 -1 86 -1 142 -1 126 -1 86 -1 142 -1 -2
62 -1 62 -1 93 -1 93 -1 60 -1 60 -1 838 -1 838 -1 60 -1 60 -1 60 -1 60 -1 774 -1 774 -1 60 -1 60 -1 60 -1 102 -1 60 -1 102 -1 60 -1 60 -1 110 -1 110 -1 60 -1 60 -1 86 -1 86 -1 102 -1 102 -1 126 -1 126 -1 190 -1 190 -1 142 -1 142 -1 134 -1 134 -1 110 -1 110 -1 1514 -1 1514 -1 822 -1 1514 -1 1514 -1 822 -1 126 -1 126 -1 118 -1 118 -1 -2
62 -1 62 -1 93 -1 93 -1 60 -1 60 -1 838 -1 838 -1 60 -1 60 -1 60 -1 60 -1 774 -1 774 -1 60 -1 60 -1 60 -1 102 -1 60 -1 102 -1 60 -1 60 -1 110 -1 110 -1 60 -1 60 -1 86 -1 86 -1 60 -1 60 -1 102 -1 102 -1 60 -1 60 -1 126 -1 126 -1 190 -1 190 -1 142 -1 142 -1 134 -1 134 -1 110 -1 110 -1 638 -1 638 -1 126 -1 126 -1 118 -1 118 -1 -2
62 -1 62 -1 93 -1 93 -1 60 -1 60 -1 838 -1 838 -1 60 -1 60 -1 60 -1 60 -1 774 -1 774 -1 60 -1 60 -1 60 -1 102 -1 60 -1 102 -1 60 -1 60 -1 110 -1 110 -1 60 -1 60 -1 86 -1 86 -1 60 -1 60 -1 102 -1 102 -1 60 -1 60 -1 94 -1 94 -1 94 -1 86 -1 94 -1 142 -1 86 -1 142 -1 -2
62 -1 62 -1 93 -1 93 -1 60 -1 60 -1 838 -1 838 -1 60 -1 60 -1 60 -1 60 -1 774 -1 774 -1 60 -1 60 -1 60 -1 102 -1 60 -1 102 -1 60 -1 60 -1 110 -1 110 -1 60 -1 86 -1 60 -1 86 -1 102 -1 102 -1 126 -1 126 -1 190 -1 190 -1 142 -1 142 -1 134 -1 134 -1 110 -1 110 -1 1514 -1 1490 -1 1514 -1 1490 -1 126 -1 126 -1 118 -1 118 -1 -2
62 -1 62 -1 93 -1 93 -1 60 -1 60 -1 838 -1 838 -1 60 -1 60 -1 60 -1 60 -1 774 -1 774 -1 60 -1 60 -1 60 -1 102 -1 60 -1 102 -1 60 -1 60 -1 110 -1 110 -1 60 -1 60 -1 86 -1 86 -1 60 -1 60 -1 102 -1 102 -1 60 -1 60 -1 126 -1 126 -1 190 -1 190 -1 142 -1 142 -1 134 -1 134 -1 110 -1 110 -1 126 -1 126 -1 118 -1 118 -1 -2
62 -1 62 -1 93 -1 93 -1 60 -1 60 -1 838 -1 838 -1 60 -1 60 -1 60 -1 60 -1 774 -1 774 -1 60 -1 60 -1 60 -1 102 -1 60 -1 102 -1 60 -1 60 -1 110 -1 110 -1 60 -1 60 -1 86 -1 86 -1 102 -1 102 -1 126 -1 126 -1 190 -1 190 -1 142 -1 142 -1 134 -1 134 -1 110 -1 110 -1 638 -1 638 -1 126 -1 126 -1 118 -1 118 -1 -2
62 -1 62 -1 93 -1 93 -1 60 -1 60 -1 838 -1 838 -1 60 -1 60 -1 60 -1 60 -1 774 -1 774 -1 60 -1 60 -1 60 -1 102 -1 60 -1 102 -1 60 -1 60 -1 110 -1 110 -1 60 -1 60 -1 86 -1 86 -1 60 -1 60 -1 102 -1 102 -1 60 -1 60 -1 94 -1 94 -1 94 -1 86 -1 94 -1 142 -1 86 -1 142 -1 -2
62 -1 62 -1 93 -1 93 -1 60 -1 60 -1 838 -1 838 -1 60 -1 60 -1 60 -1 60 -1 774 -1 774 -1 60 -1 60 -1 60 -1 102 -1 60 -1 102 -1 60 -1 60 -1 110 -1 110 -1 60 -1 60 -1 86 -1 86 -1 60 -1 60 -1 102 -1 102 -1 60 -1 60 -1 94 -1 94 -1 94 -1 86 -1 94 -1 142 -1 86 -1 142 -1 -2
62 -1 62 -1 93 -1 93 -1 60 -1 60 -1 838 -1 838 -1 60 -1 60 -1 60 -1 60 -1 774 -1 774 -1 60 -1 60 -1 60 -1 102 -1 60 -1 102 -1 60 -1 60 -1 110 -1 110 -1 60 -1 60 -1 86 -1 86 -1 102 -1 102 -1 126 -1 126 -1 190 -1 190 -1 142 -1 142 -1 134 -1 134 -1 110 -1 110 -1 126 -1 126 -1 118 -1 118 -1 -2
62 -1 62 -1 93 -1 93 -1 60 -1 60 -1 838 -1 838 -1 60 -1 60 -1 60 -1 60 -1 774 -1 774 -1 60 -1 60 -1 60 -1 102 -1 60 -1 102 -1 60 -1 60 -1 110 -1 110 -1 60 -1 60 -1 86 -1 86 -1 60 -1 60 -1 102 -1 102 -1 60 -1 60 -1 94 -1 94 -1 150 -1 86 -1 142 -1 150 -1 86 -1 142 -1 -2
62 -1 62 -1 93 -1 93 -1 60 -1 60 -1 838 -1 838 -1 60 -1 60 -1 60 -1 60 -1 774 -1 774 -1 60 -1 60 -1 60 -1 102 -1 60 -1 102 -1 60 -1 60 -1 110 -1 110 -1 60 -1 60 -1 86 -1 86 -1 60 -1 60 -1 102 -1 102 -1 60 -1 60 -1 126 -1 126 -1 190 -1 190 -1 142 -1 142 -1 134 -1 134 -1 110 -1 110 -1 134 -1 134 -1 126 -1 126 -1 118 -1 118 -1 -2
62 -1 62 -1 93 -1 93 -1 60 -1 60 -1 838 -1 838 -1 60 -1 60 -1 60 -1 60 -1 774 -1 774 -1 60 -1 60 -1 60 -1 102 -1 60 -1 102 -1 60 -1 60 -1 110 -1 110 -1 60 -1 60 -1 86 -1 86 -1 102 -1 102 -1 94 -1 94 -1 94 -1 86 -1 94 -1 142 -1 86 -1 142 -1 60 -1 60 -1 -2
62 -1 62 -1 93 -1 93 -1 60 -1 60 -1 838 -1 838 -1 60 -1 60 -1 60 -1 60 -1 774 -1 774 -1 60 -1 60 -1 60 -1 102 -1 60 -1 102 -1 60 -1 60 -1 110 -1 110 -1 60 -1 60 -1 86 -1 86 -1 60 -1 60 -1 102 -1 102 -1 60 -1 60 -1 94 -1 94 -1 94 -1 86 -1 142 -1 94 -1 86 -1 142 -1 -2
62 -1 62 -1 93 -1 93 -1 60 -1 60 -1 838 -1 838 -1 60 -1 60 -1 60 -1 60 -1 774 -1 774 -1 60 -1 60 -1 60 -1 102 -1 60 -1 102 -1 60 -1 60 -1 110 -1 110 -1 60 -1 60 -1 86 -1 86 -1 60 -1 60 -1 102 -1 102 -1 60 -1 60 -1 94 -1 94 -1 126 -1 86 -1 142 -1 126 -1 86 -1 142 -1 -2
62 -1 62 -1 93 -1 93 -1 60 -1 60 -1 838 -1 838 -1 60 -1 60 -1 60 -1 60 -1 774 -1 774 -1 60 -1 60 -1 60 -1 102 -1 60 -1 102 -1 60 -1 60 -1 110 -1 110 -1 60 -1 60 -1 86 -1 86 -1 60 -1 60 -1 102 -1 102 -1 60 -1 60 -1 126 -1 126 -1 190 -1 190 -1 142 -1 142 -1 134 -1 134 -1 110 -1 110 -1 142 -1 142 -1 126 -1 126 -1 118 -1 118 -1 142 -1 142 -1 -2
62 -1 62 -1 93 -1 93 -1 60 -1 60 -1 838 -1 838 -1 60 -1 60 -1 60 -1 60 -1 774 -1 774 -1 60 -1 60 -1 60 -1 102 -1 60 -1 102 -1 60 -1 60 -1 110 -1 110 -1 60 -1 60 -1 86 -1 86 -1 60 -1 60 -1 102 -1 102 -1 60 -1 60 -1 126 -1 126 -1 190 -1 190 -1 142 -1 142 -1 134 -1 134 -1 110 -1 110 -1 134 -1 134 -1 126 -1 126 -1 118 -1 118 -1 -2
62 -1 62 -1 93 -1 93 -1 60 -1 60 -1 838 -1 838 -1 60 -1 60 -1 60 -1 60 -1 774 -1 774 -1 60 -1 60 -1 60 -1 102 -1 60 -1 102 -1 60 -1 60 -1 110 -1 110 -1 60 -1 60 -1 86 -1 86 -1 60 -1 60 -1 102 -1 102 -1 60 -1 60 -1 126 -1 126 -1 190 -1 190 -1 142 -1 142 -1 134 -1 134 -1 110 -1 110 -1 1514 -1 1514 -1 822 -1 1514 -1 1514 -1 822 -1 126 -1 126 -1 118 -1 118 -1 -2
62 -1 62 -1 93 -1 93 -1 60 -1 60 -1 838 -1 838 -1 60 -1 60 -1 60 -1 60 -1 774 -1 774 -1 60 -1 60 -1 60 -1 102 -1 60 -1 102 -1 60 -1 60 -1 110 -1 110 -1 60 -1 60 -1 86 -1 86 -1 60 -1 60 -1 102 -1 102 -1 60 -1 60 -1 94 -1 94 -1 126 -1 86 -1 142 -1 126 -1 86 -1 142 -1 -2
62 -1 62 -1 93 -1 93 -1 60 -1 60 -1 838 -1 838 -1 60 -1 60 -1 60 -1 60 -1 774 -1 774 -1 60 -1 60 -1 60 -1 102 -1 60 -1 102 -1 60 -1 60 -1 110 -1 110 -1 60 -1 60 -1 86 -1 86 -1 102 -1 102 -1 94 -1 94 -1 94 -1 86 -1 94 -1 142 -1 86 -1 142 -1 60 -1 60 -1 -2
62 -1 62 -1 93 -1 93 -1 60 -1 60 -1 838 -1 838 -1 60 -1 60 -1 60 -1 60 -1 774 -1 774 -1 60 -1 60 -1 60 -1 102 -1 60 -1 102 -1 60 -1 60 -1 110 -1 110 -1 60 -1 60 -1 86 -1 86 -1 60 -1 60 -1 102 -1 102 -1 60 -1 60 -1 126 -1 126 -1 190 -1 190 -1 142 -1 142 -1 134 -1 134 -1 110 -1 110 -1 1514 -1 1490 -1 1514 -1 1490 -1 126 -1 126 -1 118 -1 118 -1 -2
62 -1 62 -1 93 -1 93 -1 60 -1 60 -1 838 -1 838 -1 60 -1 60 -1 60 -1 60 -1 774 -1 774 -1 60 -1 60 -1 60 -1 102 -1 60 -1 102 -1 60 -1 60 -1 110 -1 110 -1 60 -1 60 -1 86 -1 86 -1 102 -1 102 -1 126 -1 126 -1 190 -1 190 -1 142 -1 142 -1 134 -1 134 -1 110 -1 110 -1 134 -1 134 -1 126 -1 126 -1 118 -1 118 -1 -2
62 -1 62 -1 93 -1 93 -1 60 -1 60 -1 838 -1 838 -1 60 -1 60 -1 60 -1 60 -1 774 -1 774 -1 60 -1 60 -1 60 -1 102 -1 60 -1 102 -1 60 -1 60 -1 110 -1 110 -1 60 -1 60 -1 86 -1 86 -1 60 -1 60 -1 102 -1 102 -1 60 -1 60 -1 126 -1 126 -1 190 -1 190 -1 142 -1 142 -1 134 -1 134 -1 110 -1 110 -1 142 -1 142 -1 126 -1 126 -1 118 -1 118 -1 142 -1 142 -1 -2
62 -1 62 -1 93 -1 93 -1 60 -1 60 -1 838 -1 838 -1 60 -1 60 -1 60 -1 60 -1 774 -1 774 -1 60 -1 60 -1 60 -1 102 -1 60 -1 102 -1 60 -1 60 -1 110 -1 110 -1 60 -1 60 -1 86 -1 86 -1 60 -1 60 -1 102 -1 102 -1 60 -1 60 -1 126 -1 126 -1 190 -1 190 -1 142 -1 142 -1 134 -1 134 -1 110 -1 110 -1 638 -1 638 -1 126 -1 126 -1 118 -1 118 -1 -2
62 -1 62 -1 93 -1 93 -1 60 -1 60 -1 838 -1 838 -1 60 -1 60 -1 60 -1 60 -1 774 -1 774 -1 60 -1 60 -1 60 -1 102 -1 60 -1 102 -1 60 -1 60 -1 110 -1 110 -1 60 -1 60 -1 86 -1 86 -1 60 -1 60 -1 102 -1 102 -1 60 -1 60 -1 94 -1 94 -1 150 -1 86 -1 142 -1 150 -1 86 -1 142 -1 -2
62 -1 62 -1 93 -1 93 -1 60 -1 60 -1 838 -1 838 -1 60 -1 60 -1 60 -1 60 -1 774 -1 774 -1 60 -1 60 -1 60 -1 102 -1 60 -1 102 -1 60 -1 60 -1 110 -1 110 -1 60 -1 60 -1 86 -1 86 -1 60 -1 60 -1 102 -1 102 -1 60 -1 60 -1 126 -1 126 -1 190 -1 190 -1 142 -1 142 -1 134 -1 134 -1 110 -1 110 -1 1514 -1 1514 -1 822 -1 1514 -1 1514 -1 822 -1 126 -1 126 -1 118 -1 118 -1 -2
62 -1 62 -1 93 -1 93 -1 60 -1 60 -1 838 -1 838 -1 60 -1 60 -1 60 -1 60 -1 774 -1 774 -1 60 -1 60 -1 60 -1 102 -1 60 -1 102 -1 60 -1 60 -1 110 -1 110 -1 60 -1 60 -1 86 -1 86 -1 102 -1 102 -1 94 -1 94 -1 126 -1 86 -1 142 -1 126 -1 86 -1 142 -1 60 -1 60 -1 -2
62 -1 62 -1 93 -1 93 -1 60 -1 60 -1 838 -1 838 -1 60 -1 60 -1 60 -1 60 -1 774 -1 774 -1 60 -1 60 -1 60 -1 102 -1 60 -1 102 -1 60 -1 60 -1 110 -1 110 -1 60 -1 60 -1 86 -1 86 -1 60 -1 60 -1 102 -1 102 -1 60 -1 60 -1 126 -1 126 -1 190 -1 190 -1 142 -1 142 -1 134 -1 134 -1 110 -1 110 -1 126 -1 126 -1 118 -1 118 -1 -2
66 -1 66 -1 93 -1 93 -1 60 -1 60 -1 838 -1 838 -1 60 -1 60 -1 60 -1 60 -1 774 -1 774 -1 60 -1 60 -1 60 -1 102 -1 60 -1 102 -1 60 -1 60 -1 110 -1 110 -1 60 -1 60 -1 86 -1 86 -1 60 -1 60 -1 102 -1 102 -1 60 -1 60 -1 126 -1 126 -1 190 -1 190 -1 142 -1 142 -1 134 -1 134 -1 110 -1 110 -1 142 -1 142 -1 126 -1 126 -1 118 -1 118 -1 142 -1 142 -1 -2
62 -1 62 -1 93 -1 93 -1 60 -1 60 -1 838 -1 838 -1 60 -1 60 -1 60 -1 60 -1 774 -1 774 -1 60 -1 60 -1 60 -1 102 -1 60 -1 102 -1 60 -1 60 -1 110 -1 110 -1 60 -1 60 -1 86 -1 86 -1 60 -1 60 -1 102 -1 102 -1 60 -1 60 -1 94 -1 94 -1 150 -1 86 -1 142 -1 150 -1 86 -1 142 -1 -2
62 -1 62 -1 93 -1 93 -1 60 -1 60 -1 838 -1 838 -1 60 -1 60 -1 60 -1 60 -1 774 -1 774 -1 60 -1 60 -1 60 -1 102 -1 60 -1 102 -1 60 -1 60 -1 110 -1 110 -1 60 -1 60 -1 86 -1 86 -1 60 -1 60 -1 102 -1 102 -1 60 -1 60 -1 126 -1 126 -1 190 -1 190 -1 142 -1 142 -1 134 -1 134 -1 110 -1 110 -1 1514 -1 1490 -1 1514 -1 1490 -1 126 -1 126 -1 118 -1 118 -1 -2
62 -1 62 -1 93 -1 93 -1 60 -1 60 -1 838 -1 838 -1 60 -1 60 -1 60 -1 60 -1 774 -1 774 -1 60 -1 60 -1 60 -1 102 -1 60 -1 102 -1 60 -1 60 -1 110 -1 110 -1 60 -1 60 -1 86 -1 86 -1 60 -1 60 -1 102 -1 102 -1 60 -1 60 -1 94 -1 94 -1 94 -1 86 -1 142 -1 94 -1 86 -1 142 -1 -2
66 -1 66 -1 93 -1 93 -1 60 -1 60 -1 838 -1 838 -1 60 -1 60 -1 60 -1 60 -1 774 -1 774 -1 60 -1 60 -1 60 -1 102 -1 60 -1 102 -1 60 -1 60 -1 110 -1 110 -1 60 -1 60 -1 86 -1 86 -1 60 -1 60 -1 102 -1 102 -1 60 -1 60 -1 126 -1 126 -1 190 -1 190 -1 142 -1 142 -1 134 -1 134 -1 110 -1 110 -1 1514 -1 1514 -1 822 -1 1514 -1 1514 -1 822 -1 126 -1 126 -1 118 -1 118 -1 -2
62 -1 62 -1 93 -1 93 -1 60 -1 60 -1 838 -1 838 -1 60 -1 60 -1 60 -1 60 -1 774 -1 774 -1 60 -1 60 -1 60 -1 102 -1 60 -1 102 -1 60 -1 60 -1 110 -1 110 -1 60 -1 60 -1 86 -1 86 -1 60 -1 60 -1 102 -1 102 -1 60 -1 60 -1 126 -1 126 -1 190 -1 190 -1 142 -1 142 -1 134 -1 134 -1 110 -1 110 -1 638 -1 638 -1 126 -1 126 -1 118 -1 118 -1 -2
66 -1 66 -1 93 -1 93 -1 60 -1 60 -1 838 -1 838 -1 60 -1 60 -1 60 -1 60 -1 774 -1 774 -1 60 -1 60 -1 60 -1 102 -1 60 -1 102 -1 60 -1 60 -1 110 -1 110 -1 60 -1 60 -1 86 -1 86 -1 60 -1 60 -1 102 -1 102 -1 60 -1 126 -1 60 -1 126 -1 190 -1 190 -1 142 -1 142 -1 134 -1 134 -1 110 -1 110 -1 1514 -1 1490 -1 1514 -1 1490 -1 126 -1 126 -1 118 -1 118 -1 -2
62 -1 62 -1 93 -1 93 -1 60 -1 60 -1 838 -1 838 -1 60 -1 60 -1 60 -1 60 -1 774 -1 774 -1 60 -1 60 -1 60 -1 102 -1 60 -1 102 -1 60 -1 60 -1 110 -1 110 -1 60 -1 60 -1 86 -1 86 -1 60 -1 60 -1 102 -1 102 -1 60 -1 60 -1 126 -1 126 -1 190 -1 190 -1 142 -1 142 -1 134 -1 134 -1 110 -1 110 -1 126 -1 126 -1 118 -1 118 -1 -2
62 -1 62 -1 93 -1 93 -1 60 -1 60 -1 838 -1 838 -1 60 -1 60 -1 60 -1 60 -1 774 -1 774 -1 60 -1 60 -1 60 -1 102 -1 60 -1 102 -1 60 -1 60 -1 110 -1 110 -1 60 -1 60 -1 86 -1 86 -1 60 -1 60 -1 102 -1 102 -1 60 -1 60 -1 94 -1 94 -1 94 -1 86 -1 94 -1 142 -1 86 -1 142 -1 -2
66 -1 66 -1 93 -1 93 -1 60 -1 838 -1 60 -1 838 -1 60 -1 60 -1 60 -1 60 -1 774 -1 774 -1 60 -1 60 -1 60 -1 102 -1 60 -1 102 -1 60 -1 60 -1 110 -1 110 -1 60 -1 60 -1 86 -1 86 -1 60 -1 60 -1 102 -1 102 -1 60 -1 60 -1 126 -1 126 -1 190 -1 190 -1 142 -1 142 -1 134 -1 134 -1 110 -1 110 -1 638 -1 638 -1 126 -1 126 -1 118 -1 118 -1 -2
62 -1 62 -1 93 -1 93 -1 60 -1 60 -1 838 -1 838 -1 60 -1 60 -1 60 -1 60 -1 774 -1 774 -1 60 -1 60 -1 60 -1 102 -1 60 -1 102 -1 60 -1 60 -1 110 -1 110 -1 60 -1 60 -1 86 -1 86 -1 60 -1 60 -1 102 -1 102 -1 60 -1 60 -1 94 -1 94 -1 94 -1 86 -1 94 -1 142 -1 86 -1 142 -1 -2
62 -1 62 -1 93 -1 93 -1 60 -1 60 -1 838 -1 838 -1 60 -1 60 -1 60 -1 60 -1 774 -1 774 -1 60 -1 60 -1 60 -1 102 -1 60 -1 102 -1 60 -1 60 -1 110 -1 110 -1 60 -1 60 -1 86 -1 86 -1 60 -1 60 -1 102 -1 102 -1 60 -1 60 -1 126 -1 126 -1 190 -1 190 -1 142 -1 142 -1 134 -1 134 -1 110 -1 110 -1 134 -1 134 -1 126 -1 126 -1 118 -1 118 -1 -2
62 -1 62 -1 93 -1 93 -1 60 -1 60 -1 838 -1 838 -1 60 -1 60 -1 60 -1 60 -1 774 -1 774 -1 60 -1 60 -1 60 -1 102 -1 60 -1 102 -1 60 -1 60 -1 110 -1 110 -1 60 -1 60 -1 86 -1 86 -1 102 -1 102 -1 94 -1 94 -1 150 -1 86 -1 142 -1 150 -1 86 -1 142 -1 60 -1 60 -1 -2
66 -1 66 -1 93 -1 93 -1 60 -1 60 -1 838 -1 838 -1 60 -1 60 -1 60 -1 60 -1 774 -1 774 -1 60 -1 60 -1 60 -1 102 -1 60 -1 102 -1 60 -1 60 -1 110 -1 110 -1 60 -1 60 -1 86 -1 86 -1 60 -1 60 -1 102 -1 102 -1 60 -1 60 -1 126 -1 126 -1 190 -1 190 -1 142 -1 142 -1 134 -1 134 -1 110 -1 110 -1 126 -1 126 -1 118 -1 118 -1 -2
62 -1 62 -1 93 -1 93 -1 60 -1 60 -1 838 -1 838 -1 60 -1 60 -1 60 -1 60 -1 774 -1 774 -1 60 -1 60 -1 60 -1 102 -1 60 -1 102 -1 60 -1 60 -1 110 -1 110 -1 60 -1 60 -1 86 -1 86 -1 60 -1 60 -1 102 -1 102 -1 60 -1 60 -1 94 -1 94 -1 126 -1 86 -1 142 -1 126 -1 86 -1 142 -1 -2
66 -1 66 -1 93 -1 93 -1 60 -1 60 -1 838 -1 838 -1 60 -1 60 -1 60 -1 60 -1 774 -1 774 -1 60 -1 60 -1 60 -1 102 -1 60 -1 102 -1 60 -1 60 -1 110 -1 110 -1 60 -1 60 -1 86 -1 86 -1 60 -1 60 -1 102 -1 102 -1 60 -1 60 -1 94 -1 94 -1 94 -1 86 -1 94 -1 142 -1 86 -1 142 -1 -2
62 -1 62 -1 93 -1 93 -1 60 -1 60 -1 838 -1 838 -1 60 -1 60 -1 60 -1 60 -1 774 -1 774 -1 60 -1 60 -1 60 -1 102 -1 60 -1 102 -1 60 -1 60 -1 110 -1 110 -1 60 -1 60 -1 86 -1 86 -1 60 -1 60 -1 102 -1 102 -1 60 -1 60 -1 94 -1 94 -1 94 -1 86 -1 94 -1 142 -1 86 -1 142 -1 -2
62 -1 62 -1 93 -1 93 -1 60 -1 60 -1 838 -1 838 -1 60 -1 60 -1 60 -1 60 -1 774 -1 774 -1 60 -1 60 -1 60 -1 102 -1 60 -1 102 -1 60 -1 60 -1 110 -1 110 -1 60 -1 60 -1 86 -1 86 -1 60 -1 60 -1 102 -1 102 -1 60 -1 60 -1 126 -1 126 -1 190 -1 190 -1 142 -1 142 -1 134 -1 134 -1 110 -1 110 -1 134 -1 134 -1 126 -1 126 -1 118 -1 118 -1 -2
66 -1 66 -1 93 -1 93 -1 60 -1 60 -1 838 -1 838 -1 60 -1 60 -1 60 -1 60 -1 774 -1 774 -1 60 -1 60 -1 60 -1 102 -1 60 -1 102 -1 60 -1 60 -1 110 -1 110 -1 60 -1 60 -1 86 -1 86 -1 60 -1 60 -1 102 -1 102 -1 60 -1 60 -1 94 -1 94 -1 94 -1 86 -1 94 -1 142 -1 86 -1 142 -1 -2
62 -1 62 -1 93 -1 93 -1 60 -1 60 -1 838 -1 838 -1 60 -1 60 -1 60 -1 60 -1 774 -1 774 -1 60 -1 60 -1 60 -1 102 -1 60 -1 102 -1 60 -1 60 -1 110 -1 110 -1 60 -1 60 -1 86 -1 86 -1 60 -1 60 -1 102 -1 102 -1 60 -1 60 -1 94 -1 94 -1 126 -1 86 -1 142 -1 126 -1 86 -1 142 -1 -2
62 -1 62 -1 93 -1 93 -1 60 -1 60 -1 838 -1 838 -1 60 -1 60 -1 60 -1 60 -1 774 -1 774 -1 60 -1 60 -1 60 -1 102 -1 60 -1 102 -1 60 -1 60 -1 110 -1 110 -1 60 -1 60 -1 86 -1 86 -1 60 -1 60 -1 102 -1 102 -1 60 -1 60 -1 94 -1 94 -1 150 -1 86 -1 142 -1 150 -1 86 -1 142 -1 -2
66 -1 66 -1 93 -1 93 -1 60 -1 60 -1 838 -1 838 -1 60 -1 60 -1 60 -1 60 -1 774 -1 774 -1 60 -1 60 -1 60 -1 102 -1 60 -1 102 -1 60 -1 60 -1 110 -1 110 -1 60 -1 60 -1 86 -1 86 -1 60 -1 60 -1 102 -1 102 -1 60 -1 60 -1 126 -1 126 -1 190 -1 190 -1 142 -1 142 -1 134 -1 134 -1 110 -1 110 -1 134 -1 134 -1 126 -1 126 -1 118 -1 118 -1 -2
66 -1 66 -1 93 -1 93 -1 60 -1 60 -1 838 -1 838 -1 60 -1 60 -1 60 -1 60 -1 774 -1 774 -1 60 -1 60 -1 60 -1 102 -1 60 -1 102 -1 60 -1 60 -1 110 -1 110 -1 60 -1 60 -1 86 -1 86 -1 60 -1 60 -1 102 -1 102 -1 60 -1 60 -1 94 -1 94 -1 126 -1 86 -1 142 -1 126 -1 86 -1 142 -1 -2
62 -1 62 -1 93 -1 93 -1 60 -1 60 -1 838 -1 838 -1 60 -1 60 -1 60 -1 60 -1 774 -1 774 -1 60 -1 60 -1 60 -1 102 -1 60 -1 102 -1 60 -1 60 -1 110 -1 110 -1 60 -1 60 -1 86 -1 86 -1 60 -1 60 -1 102 -1 102 -1 60 -1 60 -1 94 -1 94 -1 150 -1 86 -1 142 -1 150 -1 86 -1 142 -1 60 -1 60 -1 -2
66 -1 66 -1 93 -1 93 -1 60 -1 60 -1 838 -1 838 -1 60 -1 60 -1 60 -1 60 -1 774 -1 774 -1 60 -1 60 -1 60 -1 102 -1 60 -1 102 -1 60 -1 60 -1 110 -1 110 -1 60 -1 60 -1 86 -1 86 -1 60 -1 60 -1 102 -1 102 -1 60 -1 60 -1 94 -1 94 -1 150 -1 86 -1 142 -1 150 -1 86 -1 142 -1 -2
62 -1 62 -1 93 -1 93 -1 60 -1 60 -1 838 -1 838 -1 60 -1 60 -1 60 -1 60 -1 774 -1 774 -1 60 -1 60 -1 60 -1 102 -1 60 -1 102 -1 60 -1 60 -1 110 -1 110 -1 60 -1 60 -1 86 -1 86 -1 60 -1 60 -1 102 -1 102 -1 60 -1 60 -1 126 -1 126 -1 190 -1 190 -1 142 -1 142 -1 134 -1 134 -1 110 -1 110 -1 142 -1 142 -1 126 -1 126 -1 118 -1 118 -1 142 -1 142 -1 -2
62 -1 62 -1 93 -1 93 -1 60 -1 60 -1 838 -1 838 -1 60 -1 60 -1 60 -1 60 -1 774 -1 774 -1 60 -1 60 -1 60 -1 102 -1 60 -1 102 -1 60 -1 60 -1 110 -1 110 -1 60 -1 60 -1 86 -1 86 -1 60 -1 60 -1 102 -1 102 -1 60 -1 60 -1 126 -1 126 -1 190 -1 190 -1 142 -1 142 -1 134 -1 134 -1 110 -1 110 -1 1514 -1 1514 -1 822 -1 1514 -1 1514 -1 822 -1 126 -1 126 -1 118 -1 118 -1 -2
62 -1 62 -1 93 -1 93 -1 60 -1 60 -1 838 -1 838 -1 60 -1 60 -1 60 -1 60 -1 774 -1 774 -1 60 -1 60 -1 60 -1 102 -1 60 -1 102 -1 60 -1 60 -1 110 -1 110 -1 60 -1 60 -1 86 -1 86 -1 60 -1 60 -1 102 -1 102 -1 60 -1 60 -1 126 -1 126 -1 190 -1 190 -1 142 -1 142 -1 134 -1 134 -1 110 -1 110 -1 1514 -1 1490 -1 1514 -1 1490 -1 126 -1 126 -1 118 -1 118 -1 -2
62 -1 62 -1 93 -1 93 -1 60 -1 60 -1 838 -1 838 -1 60 -1 60 -1 60 -1 60 -1 774 -1 774 -1 60 -1 60 -1 60 -1 102 -1 60 -1 102 -1 60 -1 60 -1 110 -1 110 -1 60 -1 60 -1 86 -1 86 -1 60 -1 60 -1 102 -1 102 -1 60 -1 60 -1 126 -1 126 -1 190 -1 190 -1 142 -1 142 -1 134 -1 134 -1 110 -1 110 -1 638 -1 638 -1 126 -1 126 -1 118 -1 118 -1 -2
62 -1 62 -1 93 -1 93 -1 60 -1 60 -1 838 -1 838 -1 60 -1 60 -1 60 -1 60 -1 774 -1 774 -1 60 -1 60 -1 60 -1 102 -1 60 -1 102 -1 60 -1 60 -1 110 -1 110 -1 60 -1 60 -1 86 -1 86 -1 60 -1 60 -1 102 -1 102 -1 60 -1 60 -1 126 -1 126 -1 190 -1 190 -1 142 -1 142 -1 134 -1 134 -1 110 -1 110 -1 126 -1 126 -1 118 -1 118 -1 -2
62 -1 62 -1 93 -1 93 -1 60 -1 60 -1 838 -1 838 -1 60 -1 60 -1 60 -1 60 -1 774 -1 774 -1 60 -1 60 -1 60 -1 102 -1 60 -1 102 -1 60 -1 60 -1 110 -1 110 -1 60 -1 60 -1 86 -1 86 -1 60 -1 60 -1 102 -1 102 -1 60 -1 60 -1 94 -1 94 -1 94 -1 86 -1 94 -1 142 -1 86 -1 142 -1 -2
62 -1 62 -1 93 -1 93 -1 60 -1 60 -1 838 -1 838 -1 60 -1 60 -1 60 -1 60 -1 774 -1 774 -1 60 -1 60 -1 60 -1 102 -1 60 -1 102 -1 60 -1 60 -1 110 -1 110 -1 60 -1 60 -1 86 -1 86 -1 60 -1 60 -1 102 -1 102 -1 60 -1 60 -1 94 -1 94 -1 94 -1 86 -1 142 -1 94 -1 86 -1 142 -1 -2
62 -1 62 -1 93 -1 93 -1 60 -1 60 -1 838 -1 838 -1 60 -1 60 -1 60 -1 60 -1 774 -1 774 -1 60 -1 60 -1 60 -1 102 -1 60 -1 102 -1 60 -1 60 -1 110 -1 110 -1 60 -1 60 -1 86 -1 86 -1 60 -1 60 -1 102 -1 102 -1 60 -1 60 -1 94 -1 94 -1 150 -1 86 -1 142 -1 150 -1 86 -1 142 -1 -2
62 -1 62 -1 93 -1 93 -1 60 -1 60 -1 838 -1 838 -1 60 -1 60 -1 60 -1 60 -1 774 -1 774 -1 60 -1 60 -1 60 -1 102 -1 60 -1 102 -1 60 -1 60 -1 110 -1 110 -1 60 -1 60 -1 86 -1 86 -1 60 -1 60 -1 102 -1 102 -1 60 -1 126 -1 60 -1 126 -1 190 -1 190 -1 142 -1 142 -1 134 -1 134 -1 110 -1 110 -1 134 -1 134 -1 126 -1 126 -1 118 -1 118 -1 -2
62 -1 62 -1 93 -1 93 -1 60 -1 60 -1 838 -1 838 -1 60 -1 60 -1 60 -1 60 -1 774 -1 774 -1 60 -1 60 -1 60 -1 102 -1 60 -1 102 -1 60 -1 60 -1 110 -1 110 -1 60 -1 60 -1 86 -1 86 -1 60 -1 60 -1 102 -1 102 -1 60 -1 60 -1 94 -1 94 -1 126 -1 86 -1 142 -1 126 -1 86 -1 142 -1 -2
62 -1 62 -1 316 -1 60 -1 316 -1 60 -1 60 -1 60 -1 -2
74 -1 74 -1 66 -1 66 -1 66 -1 72 -1 66 -1 66 -1 -2
74 -1 66 -1 66 -1 66 -1 72 -1 66 -1 66 -1 -2
74 -1 66 -1 66 -1 66 -1 72 -1 66 -1 66 -1 -2
62 -1 62 -1 60 -1 60 -1 909 -1 909 -1 60 -1 60 -1 60 -1 60 -1 60 -1 60 -1 -2
62 -1 62 -1 60 -1 60 -1 909 -1 909 -1 60 -1 60 -1 60 -1 60 -1 60 -1 60 -1 -2
62 -1 62 -1 60 -1 909 -1 60 -1 909 -1 60 -1 60 -1 60 -1 60 -1 60 -1 60 -1 -2
74 -1 66 -1 836 -1 66 -1 66 -1 -2
74 -1 66 -1 836 -1 66 -1 66 -1 -2
62 -1 62 -1 60 -1 60 -1 755 -1 755 -1 60 -1 60 -1 60 -1 60 -1 60 -1 60 -1 -2
74 -1 66 -1 836 -1 66 -1 66 -1 -2
62 -1 62 -1 60 -1 60 -1 909 -1 909 -1 60 -1 60 -1 60 -1 60 -1 60 -1 60 -1 -2
62 -1 62 -1 60 -1 60 -1 909 -1 909 -1 60 -1 60 -1 60 -1 60 -1 -2
62 -1 62 -1 60 -1 60 -1 755 -1 755 -1 60 -1 60 -1 60 -1 60 -1 -2
62 -1 62 -1 60 -1 60 -1 909 -1 909 -1 60 -1 60 -1 60 -1 60 -1 60 -1 60 -1 -2
62 -1 62 -1 60 -1 755 -1 60 -1 755 -1 60 -1 60 -1 60 -1 60 -1 60 -1 60 -1 -2
62 -1 62 -1 60 -1 60 -1 909 -1 909 -1 60 -1 60 -1 60 -1 60 -1 60 -1 60 -1 -2
74 -1 66 -1 836 -1 66 -1 66 -1 -2
62 -1 62 -1 60 -1 60 -1 909 -1 909 -1 706 -1 706 -1 60 -1 60 -1 60 -1 60 -1 60 -1 60 -1 -2
62 -1 62 -1 60 -1 60 -1 755 -1 755 -1 60 -1 60 -1 60 -1 60 -1 60 -1 60 -1 -2
62 -1 62 -1 60 -1 60 -1 755 -1 755 -1 60 -1 60 -1 60 -1 60 -1 60 -1 60 -1 -2
62 -1 62 -1 60 -1 60 -1 909 -1 909 -1 60 -1 60 -1 60 -1 60 -1 -2
62 -1 62 -1 60 -1 755 -1 60 -1 755 -1 755 -1 755 -1 60 -1 60 -1 60 -1 60 -1 60 -1 60 -1 -2
62 -1 62 -1 60 -1 60 -1 706 -1 706 -1 60 -1 60 -1 60 -1 60 -1 60 -1 60 -1 -2
62 -1 62 -1 60 -1 60 -1 909 -1 909 -1 60 -1 60 -1 60 -1 60 -1 -2
62 -1 62 -1 60 -1 60 -1 755 -1 755 -1 60 -1 60 -1 60 -1 60 -1 60 -1 60 -1 -2
62 -1 62 -1 60 -1 60 -1 706 -1 706 -1 909 -1 909 -1 60 -1 60 -1 60 -1 60 -1 60 -1 60 -1 -2
62 -1 62 -1 60 -1 60 -1 755 -1 755 -1 60 -1 60 -1 60 -1 60 -1 60 -1 60 -1 -2
74 -1 66 -1 836 -1 66 -1 66 -1 -2
62 -1 62 -1 60 -1 755 -1 60 -1 755 -1 60 -1 60 -1 60 -1 60 -1 60 -1 60 -1 -2
62 -1 62 -1 60 -1 60 -1 755 -1 755 -1 60 -1 60 -1 60 -1 60 -1 -2
62 -1 62 -1 60 -1 60 -1 706 -1 706 -1 60 -1 60 -1 60 -1 60 -1 60 -1 60 -1 -2
62 -1 62 -1 60 -1 60 -1 755 -1 755 -1 706 -1 706 -1 60 -1 60 -1 60 -1 60 -1 60 -1 60 -1 -2
62 -1 62 -1 60 -1 60 -1 909 -1 909 -1 706 -1 706 -1 60 -1 60 -1 60 -1 60 -1 60 -1 60 -1 -2
62 -1 62 -1 60 -1 755 -1 60 -1 755 -1 60 -1 60 -1 60 -1 60 -1 -2
62 -1 62 -1 60 -1 60 -1 706 -1 706 -1 60 -1 60 -1 60 -1 60 -1 60 -1 60 -1 -2
62 -1 62 -1 60 -1 706 -1 60 -1 706 -1 60 -1 60 -1 60 -1 60 -1 60 -1 60 -1 -2
62 -1 62 -1 60 -1 60 -1 755 -1 755 -1 60 -1 60 -1 60 -1 60 -1 60 -1 60 -1 -2
62 -1 62 -1 60 -1 60 -1 909 -1 909 -1 60 -1 60 -1 60 -1 60 -1 60 -1 60 -1 -2
62 -1 62 -1 60 -1 60 -1 706 -1 706 -1 60 -1 60 -1 60 -1 60 -1 60 -1 60 -1 -2
74 -1 66 -1 836 -1 66 -1 66 -1 -2
62 -1 62 -1 60 -1 60 -1 909 -1 909 -1 60 -1 60 -1 60 -1 60 -1 60 -1 60 -1 -2
62 -1 62 -1 60 -1 60 -1 909 -1 909 -1 60 -1 60 -1 60 -1 60 -1 60 -1 60 -1 -2
74 -1 66 -1 836 -1 66 -1 66 -1 -2
74 -1 66 -1 836 -1 66 -1 66 -1 -2
62 -1 62 -1 60 -1 60 -1 706 -1 706 -1 60 -1 60 -1 60 -1 60 -1 60 -1 60 -1 -2
62 -1 62 -1 60 -1 60 -1 755 -1 755 -1 60 -1 60 -1 60 -1 60 -1 60 -1 60 -1 -2
62 -1 62 -1 60 -1 60 -1 706 -1 706 -1 909 -1 909 -1 60 -1 60 -1 60 -1 60 -1 60 -1 60 -1 -2
62 -1 62 -1 60 -1 60 -1 706 -1 706 -1 60 -1 60 -1 60 -1 60 -1 60 -1 60 -1 -2
62 -1 62 -1 60 -1 706 -1 60 -1 706 -1 60 -1 60 -1 60 -1 60 -1 60 -1 60 -1 -2
62 -1 62 -1 60 -1 60 -1 909 -1 909 -1 60 -1 60 -1 60 -1 60 -1 -2
62 -1 62 -1 60 -1 60 -1 706 -1 706 -1 60 -1 60 -1 60 -1 60 -1 60 -1 60 -1 -2
62 -1 62 -1 60 -1 909 -1 60 -1 909 -1 60 -1 60 -1 60 -1 60 -1 60 -1 60 -1 -2
62 -1 62 -1 60 -1 60 -1 909 -1 909 -1 60 -1 60 -1 60 -1 60 -1 60 -1 60 -1 -2
62 -1 62 -1 60 -1 755 -1 60 -1 755 -1 60 -1 60 -1 60 -1 60 -1 60 -1 60 -1 -2
62 -1 62 -1 60 -1 60 -1 706 -1 706 -1 60 -1 60 -1 60 -1 60 -1 60 -1 60 -1 -2
62 -1 62 -1 60 -1 60 -1 755 -1 755 -1 60 -1 60 -1 60 -1 60 -1 -2
62 -1 62 -1 60 -1 60 -1 755 -1 755 -1 60 -1 60 -1 60 -1 60 -1 60 -1 60 -1 -2
62 -1 62 -1 60 -1 60 -1 755 -1 755 -1 60 -1 60 -1 60 -1 60 -1 60 -1 60 -1 -2
62 -1 62 -1 60 -1 706 -1 60 -1 706 -1 60 -1 60 -1 60 -1 60 -1 -2
62 -1 62 -1 60 -1 60 -1 755 -1 755 -1 60 -1 60 -1 60 -1 60 -1 60 -1 60 -1 -2
62 -1 62 -1 60 -1 60 -1 755 -1 755 -1 706 -1 706 -1 60 -1 60 -1 60 -1 60 -1 60 -1 60 -1 -2
62 -1 62 -1 60 -1 909 -1 60 -1 909 -1 60 -1 60 -1 60 -1 60 -1 60 -1 60 -1 -2
62 -1 62 -1 60 -1 755 -1 60 -1 755 -1 706 -1 706 -1 60 -1 60 -1 60 -1 60 -1 60 -1 60 -1 -2
62 -1 62 -1 60 -1 60 -1 909 -1 909 -1 60 -1 60 -1 60 -1 60 -1 -2
62 -1 62 -1 60 -1 60 -1 909 -1 909 -1 755 -1 755 -1 60 -1 60 -1 60 -1 60 -1 60 -1 60 -1 -2
74 -1 66 -1 836 -1 66 -1 66 -1 -2
62 -1 62 -1 60 -1 60 -1 909 -1 909 -1 60 -1 60 -1 60 -1 60 -1 60 -1 60 -1 -2
74 -1 66 -1 836 -1 66 -1 66 -1 -2
74 -1 66 -1 836 -1 66 -1 66 -1 -2
62 -1 62 -1 60 -1 60 -1 706 -1 706 -1 60 -1 60 -1 60 -1 60 -1 60 -1 60 -1 -2
62 -1 62 -1 60 -1 60 -1 706 -1 706 -1 909 -1 909 -1 60 -1 60 -1 60 -1 60 -1 60 -1 60 -1 -2
62 -1 62 -1 60 -1 60 -1 909 -1 909 -1 60 -1 60 -1 60 -1 60 -1 60 -1 60 -1 -2
62 -1 62 -1 60 -1 60 -1 755 -1 755 -1 60 -1 60 -1 60 -1 60 -1 60 -1 60 -1 -2
62 -1 62 -1 60 -1 60 -1 909 -1 909 -1 60 -1 60 -1 60 -1 60 -1 60 -1 60 -1 -2
62 -1 62 -1 60 -1 755 -1 60 -1 755 -1 60 -1 60 -1 60 -1 60 -1 60 -1 60 -1 -2
74 -1 66 -1 836 -1 66 -1 66 -1 -2
62 -1 62 -1 60 -1 60 -1 909 -1 909 -1 60 -1 60 -1 60 -1 60 -1 -2
62 -1 62 -1 60 -1 60 -1 755 -1 755 -1 60 -1 60 -1 60 -1 60 -1 60 -1 60 -1 -2
62 -1 62 -1 60 -1 60 -1 909 -1 909 -1 60 -1 60 -1 60 -1 60 -1 60 -1 60 -1 -2
74 -1 66 -1 836 -1 66 -1 66 -1 -2
62 -1 62 -1 60 -1 60 -1 909 -1 909 -1 60 -1 60 -1 60 -1 60 -1 -2
62 -1 62 -1 60 -1 60 -1 909 -1 909 -1 60 -1 60 -1 60 -1 60 -1 60 -1 60 -1 -2
62 -1 62 -1 60 -1 60 -1 755 -1 755 -1 60 -1 60 -1 60 -1 60 -1 60 -1 60 -1 -2
62 -1 62 -1 60 -1 60 -1 909 -1 909 -1 60 -1 60 -1 60 -1 60 -1 60 -1 60 -1 -2
62 -1 62 -1 60 -1 60 -1 909 -1 909 -1 60 -1 60 -1 60 -1 60 -1 60 -1 60 -1 -2
62 -1 62 -1 60 -1 60 -1 909 -1 909 -1 60 -1 60 -1 60 -1 60 -1 -2
62 -1 62 -1 60 -1 60 -1 909 -1 909 -1 60 -1 60 -1 60 -1 60 -1 -2
62 -1 62 -1 60 -1 60 -1 755 -1 755 -1 60 -1 60 -1 60 -1 60 -1 -2
62 -1 62 -1 60 -1 60 -1 909 -1 909 -1 60 -1 60 -1 60 -1 60 -1 60 -1 60 -1 -2
62 -1 62 -1 60 -1 60 -1 706 -1 706 -1 60 -1 60 -1 60 -1 60 -1 60 -1 60 -1 -2
62 -1 62 -1 60 -1 60 -1 755 -1 755 -1 60 -1 60 -1 60 -1 60 -1 60 -1 60 -1 -2
62 -1 62 -1 60 -1 706 -1 60 -1 706 -1 60 -1 60 -1 60 -1 60 -1 60 -1 60 -1 -2
62 -1 62 -1 60 -1 60 -1 909 -1 909 -1 60 -1 60 -1 60 -1 60 -1 60 -1 60 -1 -2
62 -1 62 -1 60 -1 60 -1 755 -1 755 -1 755 -1 755 -1 60 -1 60 -1 60 -1 60 -1 60 -1 60 -1 -2
62 -1 62 -1 60 -1 60 -1 706 -1 706 -1 60 -1 60 -1 60 -1 60 -1 60 -1 60 -1 -2
62 -1 62 -1 60 -1 60 -1 706 -1 706 -1 60 -1 60 -1 60 -1 60 -1 -2
62 -1 62 -1 60 -1 755 -1 60 -1 755 -1 60 -1 60 -1 60 -1 60 -1 60 -1 60 -1 -2
62 -1 62 -1 60 -1 60 -1 755 -1 755 -1 60 -1 60 -1 60 -1 60 -1 60 -1 60 -1 -2
74 -1 66 -1 836 -1 66 -1 66 -1 -2
62 -1 62 -1 60 -1 60 -1 706 -1 706 -1 60 -1 60 -1 60 -1 60 -1 60 -1 60 -1 -2
62 -1 62 -1 60 -1 60 -1 706 -1 706 -1 706 -1 706 -1 60 -1 60 -1 60 -1 60 -1 60 -1 60 -1 -2
62 -1 62 -1 60 -1 909 -1 60 -1 909 -1 60 -1 60 -1 60 -1 60 -1 60 -1 60 -1 -2
62 -1 62 -1 60 -1 60 -1 706 -1 706 -1 909 -1 909 -1 60 -1 60 -1 60 -1 60 -1 60 -1 60 -1 -2
62 -1 62 -1 60 -1 60 -1 755 -1 755 -1 60 -1 60 -1 60 -1 60 -1 60 -1 60 -1 -2
74 -1 66 -1 836 -1 66 -1 66 -1 -2
62 -1 62 -1 60 -1 60 -1 706 -1 706 -1 60 -1 60 -1 60 -1 60 -1 60 -1 60 -1 -2
62 -1 62 -1 60 -1 60 -1 755 -1 755 -1 60 -1 60 -1 60 -1 60 -1 60 -1 60 -1 -2
62 -1 62 -1 60 -1 909 -1 60 -1 909 -1 60 -1 60 -1 60 -1 60 -1 60 -1 60 -1 -2
62 -1 62 -1 60 -1 755 -1 60 -1 755 -1 60 -1 60 -1 60 -1 60 -1 -2
74 -1 66 -1 836 -1 66 -1 66 -1 -2
62 -1 62 -1 60 -1 60 -1 909 -1 909 -1 60 -1 60 -1 60 -1 60 -1 60 -1 60 -1 -2
62 -1 62 -1 60 -1 60 -1 909 -1 909 -1 60 -1 60 -1 -2
62 -1 62 -1 60 -1 60 -1 909 -1 909 -1 60 -1 60 -1 -2
62 -1 62 -1 60 -1 909 -1 60 -1 909 -1 60 -1 60 -1 -2
62 -1 62 -1 60 -1 60 -1 755 -1 755 -1 60 -1 60 -1 -2
62 -1 62 -1 60 -1 909 -1 60 -1 909 -1 60 -1 60 -1 -2
62 -1 62 -1 60 -1 60 -1 909 -1 909 -1 60 -1 60 -1 -2
62 -1 62 -1 60 -1 60 -1 755 -1 755 -1 60 -1 60 -1 -2
62 -1 62 -1 60 -1 60 -1 909 -1 909 -1 60 -1 60 -1 -2
62 -1 62 -1 60 -1 60 -1 755 -1 755 -1 60 -1 60 -1 -2
62 -1 62 -1 60 -1 60 -1 755 -1 755 -1 60 -1 60 -1 -2
62 -1 62 -1 62 -1 62 -1 60 -1 60 -1 909 -1 909 -1 60 -1 60 -1 -2
62 -1 62 -1 60 -1 60 -1 706 -1 706 -1 60 -1 60 -1 -2
62 -1 62 -1 60 -1 60 -1 755 -1 755 -1 60 -1 60 -1 -2
62 -1 62 -1 60 -1 60 -1 755 -1 755 -1 60 -1 60 -1 -2
