62 -1 60 -1 647 -1 60 -1 60 -1 -2
62 -1 60 -1 604 -1 60 -1 60 -1 -2
62 -1 60 -1 654 -1 60 -1 60 -1 -2
62 -1 60 -1 647 -1 60 -1 60 -1 -2
62 -1 60 -1 604 -1 60 -1 60 -1 -2
62 -1 60 -1 604 -1 60 -1 60 -1 -2
62 -1 60 -1 604 -1 60 -1 60 -1 -2
62 -1 60 -1 717 -1 60 -1 60 -1 -2
62 -1 60 -1 613 -1 60 -1 60 -1 -2
62 -1 60 -1 654 -1 60 -1 60 -1 -2
62 -1 60 -1 604 -1 60 -1 60 -1 -2
62 -1 60 -1 604 -1 60 -1 60 -1 -2
62 -1 60 -1 613 -1 60 -1 60 -1 -2
62 -1 60 -1 613 -1 60 -1 60 -1 -2
62 -1 60 -1 613 -1 60 -1 60 -1 -2
62 -1 60 -1 604 -1 60 -1 60 -1 -2
62 -1 60 -1 654 -1 60 -1 60 -1 -2
62 -1 60 -1 604 -1 60 -1 60 -1 -2
62 -1 60 -1 613 -1 60 -1 60 -1 -2
62 -1 60 -1 654 -1 60 -1 60 -1 -2
62 -1 60 -1 613 -1 60 -1 60 -1 -2
62 -1 60 -1 60 -1 654 -1 60 -1 -2
62 -1 60 -1 647 -1 60 -1 60 -1 -2
