62 -1 60 -1 176 -1 707 -1 77 -1 60 -1 -2
62 -1 60 -1 176 -1 895 -1 77 -1 60 -1 -2
62 -1 60 -1 176 -1 627 -1 77 -1 60 -1 -2
62 -1 60 -1 176 -1 391 -1 77 -1 60 -1 -2
62 -1 60 -1 176 -1 391 -1 77 -1 60 -1 -2
62 -1 60 -1 176 -1 391 -1 77 -1 60 -1 -2
62 -1 60 -1 176 -1 895 -1 77 -1 60 -1 -2
62 -1 60 -1 176 -1 391 -1 77 -1 60 -1 -2
62 -1 60 -1 176 -1 516 -1 77 -1 60 -1 -2
62 -1 60 -1 176 -1 1119 -1 77 -1 60 -1 -2
62 -1 60 -1 176 -1 396 -1 77 -1 60 -1 -2
62 -1 60 -1 176 -1 77 -1 60 -1 627 -1 -2
62 -1 60 -1 176 -1 603 -1 77 -1 60 -1 -2
62 -1 60 -1 176 -1 391 -1 77 -1 60 -1 -2
62 -1 60 -1 176 -1 391 -1 77 -1 60 -1 -2
62 -1 60 -1 176 -1 77 -1 60 -1 603 -1 -2
62 -1 60 -1 176 -1 516 -1 77 -1 60 -1 -2
62 -1 176 -1 707 -1 77 -1 60 -1 -2
62 -1 60 -1 665 -1 60 -1 60 -1 -2
62 -1 60 -1 499 -1 60 -1 60 -1 -2
62 -1 60 -1 517 -1 60 -1 60 -1 -2
62 -1 60 -1 538 -1 60 -1 60 -1 -2
62 -1 60 -1 1147 -1 60 -1 60 -1 -2
62 -1 60 -1 349 -1 60 -1 60 -1 -2
62 -1 60 -1 349 -1 60 -1 60 -1 -2
62 -1 60 -1 517 -1 60 -1 60 -1 -2
62 -1 60 -1 474 -1 60 -1 60 -1 -2
62 -1 60 -1 349 -1 60 -1 60 -1 -2
62 -1 60 -1 474 -1 60 -1 60 -1 -2
62 -1 60 -1 474 -1 60 -1 60 -1 -2
62 -1 60 -1 349 -1 60 -1 60 -1 -2
62 -1 60 -1 474 -1 60 -1 60 -1 -2
62 -1 60 -1 349 -1 60 -1 60 -1 -2
62 -1 60 -1 416 -1 60 -1 60 -1 -2
62 -1 60 -1 349 -1 60 -1 60 -1 -2
62 -1 60 -1 349 -1 60 -1 60 -1 -2
62 -1 60 -1 349 -1 60 -1 60 -1 -2
62 -1 60 -1 1078 -1 60 -1 60 -1 -2
62 -1 60 -1 1158 -1 60 -1 60 -1 -2
62 -1 60 -1 474 -1 60 -1 60 -1 -2
62 -1 60 -1 869 -1 60 -1 60 -1 -2
62 -1 60 -1 853 -1 60 -1 60 -1 -2
62 -1 60 -1 853 -1 60 -1 60 -1 -2
62 -1 60 -1 1077 -1 60 -1 60 -1 -2
62 -1 60 -1 354 -1 60 -1 60 -1 -2
62 -1 60 -1 349 -1 60 -1 60 -1 -2
62 -1 60 -1 665 -1 60 -1 60 -1 -2
62 -1 60 -1 1078 -1 60 -1 60 -1 -2
62 -1 60 -1 349 -1 60 -1 60 -1 -2
62 -1 60 -1 665 -1 60 -1 60 -1 -2
62 -1 60 -1 349 -1 60 -1 60 -1 -2
62 -1 60 -1 853 -1 60 -1 60 -1 -2
62 -1 60 -1 754 -1 60 -1 60 -1 -2
62 -1 60 -1 1078 -1 60 -1 60 -1 -2
62 -1 60 -1 474 -1 60 -1 60 -1 -2
62 -1 60 -1 474 -1 60 -1 60 -1 -2
62 -1 60 -1 349 -1 60 -1 60 -1 -2
62 -1 60 -1 349 -1 60 -1 60 -1 -2
62 -1 60 -1 585 -1 60 -1 60 -1 -2
62 -1 60 -1 585 -1 60 -1 60 -1 -2
62 -1 60 -1 917 -1 60 -1 60 -1 -2
62 -1 60 -1 927 -1 60 -1 60 -1 -2
62 -1 60 -1 416 -1 60 -1 60 -1 -2
62 -1 60 -1 1158 -1 60 -1 60 -1 -2
62 -1 60 -1 561 -1 60 -1 60 -1 -2
62 -1 60 -1 927 -1 60 -1 60 -1 -2
62 -1 60 -1 349 -1 60 -1 60 -1 -2
62 -1 60 -1 349 -1 60 -1 60 -1 -2
62 -1 60 -1 349 -1 60 -1 60 -1 -2
62 -1 60 -1 349 -1 60 -1 60 -1 -2
62 -1 60 -1 349 -1 60 -1 60 -1 -2
62 -1 60 -1 1147 -1 60 -1 60 -1 -2
62 -1 60 -1 869 -1 60 -1 60 -1 -2
62 -1 60 -1 1158 -1 60 -1 60 -1 -2
62 -1 60 -1 349 -1 60 -1 60 -1 -2
62 -1 60 -1 869 -1 60 -1 60 -1 -2
62 -1 60 -1 927 -1 60 -1 60 -1 -2
62 -1 60 -1 538 -1 60 -1 60 -1 -2
62 -1 60 -1 416 -1 60 -1 60 -1 -2
62 -1 60 -1 585 -1 60 -1 60 -1 -2
62 -1 60 -1 349 -1 60 -1 60 -1 -2
62 -1 60 -1 474 -1 60 -1 60 -1 -2
62 -1 60 -1 561 -1 60 -1 60 -1 -2
62 -1 60 -1 853 -1 60 -1 60 -1 -2
62 -1 60 -1 676 -1 60 -1 60 -1 -2
62 -1 60 -1 350 -1 60 -1 60 -1 -2
62 -1 60 -1 665 -1 60 -1 60 -1 -2
62 -1 60 -1 349 -1 60 -1 60 -1 -2
62 -1 60 -1 416 -1 60 -1 60 -1 -2
62 -1 60 -1 869 -1 60 -1 60 -1 -2
62 -1 60 -1 917 -1 60 -1 60 -1 -2
62 -1 60 -1 508 -1 60 -1 60 -1 -2
62 -1 60 -1 416 -1 60 -1 60 -1 -2
62 -1 60 -1 1077 -1 60 -1 60 -1 -2
62 -1 60 -1 349 -1 60 -1 60 -1 -2
62 -1 60 -1 349 -1 60 -1 60 -1 -2
62 -1 60 -1 349 -1 60 -1 60 -1 -2
62 -1 60 -1 349 -1 60 -1 60 -1 -2
62 -1 60 -1 1147 -1 60 -1 60 -1 -2
62 -1 60 -1 349 -1 60 -1 60 -1 -2
62 -1 60 -1 349 -1 60 -1 60 -1 -2
62 -1 60 -1 350 -1 60 -1 60 -1 -2
62 -1 60 -1 665 -1 60 -1 60 -1 -2
62 -1 60 -1 853 -1 60 -1 60 -1 -2
62 -1 60 -1 349 -1 60 -1 60 -1 -2
62 -1 60 -1 1221 -1 60 -1 60 -1 -2
62 -1 60 -1 474 -1 60 -1 60 -1 -2
62 -1 60 -1 1158 -1 60 -1 60 -1 -2
62 -1 60 -1 869 -1 60 -1 60 -1 -2
62 -1 60 -1 585 -1 60 -1 60 -1 -2
62 -1 60 -1 425 -1 60 -1 60 -1 -2
62 -1 60 -1 574 -1 60 -1 60 -1 -2
62 -1 60 -1 927 -1 60 -1 60 -1 -2
62 -1 60 -1 425 -1 60 -1 60 -1 -2
62 -1 60 -1 349 -1 60 -1 60 -1 -2
62 -1 60 -1 506 -1 60 -1 60 -1 -2
62 -1 60 -1 1078 -1 60 -1 60 -1 -2
62 -1 60 -1 754 -1 60 -1 60 -1 -2
62 -1 60 -1 352 -1 60 -1 60 -1 -2
62 -1 60 -1 350 -1 60 -1 60 -1 -2
62 -1 60 -1 349 -1 60 -1 60 -1 -2
62 -1 60 -1 349 -1 60 -1 60 -1 -2
62 -1 60 -1 927 -1 60 -1 60 -1 -2
62 -1 60 -1 517 -1 60 -1 60 -1 -2
62 -1 60 -1 349 -1 60 -1 60 -1 -2
62 -1 60 -1 349 -1 60 -1 60 -1 -2
62 -1 60 -1 349 -1 60 -1 60 -1 -2
62 -1 60 -1 684 -1 60 -1 60 -1 -2
62 -1 60 -1 754 -1 60 -1 60 -1 -2
62 -1 60 -1 499 -1 60 -1 60 -1 -2
62 -1 60 -1 349 -1 60 -1 60 -1 -2
62 -1 60 -1 917 -1 60 -1 60 -1 -2
62 -1 60 -1 684 -1 60 -1 60 -1 -2
62 -1 60 -1 532 -1 60 -1 60 -1 -2
62 -1 60 -1 349 -1 60 -1 60 -1 -2
62 -1 60 -1 350 -1 60 -1 60 -1 -2
62 -1 60 -1 349 -1 60 -1 60 -1 -2
62 -1 60 -1 350 -1 60 -1 60 -1 -2
62 -1 60 -1 350 -1 60 -1 60 -1 -2
62 -1 60 -1 1078 -1 60 -1 60 -1 -2
62 -1 60 -1 416 -1 60 -1 60 -1 -2
62 -1 60 -1 349 -1 60 -1 60 -1 -2
62 -1 60 -1 349 -1 60 -1 60 -1 -2
62 -1 60 -1 349 -1 60 -1 60 -1 -2
62 -1 60 -1 508 -1 60 -1 60 -1 -2
62 -1 60 -1 676 -1 60 -1 60 -1 -2
62 -1 60 -1 349 -1 60 -1 60 -1 -2
62 -1 60 -1 538 -1 60 -1 60 -1 -2
62 -1 60 -1 508 -1 60 -1 60 -1 -2
62 -1 60 -1 1147 -1 60 -1 60 -1 -2
62 -1 60 -1 349 -1 60 -1 60 -1 -2
62 -1 60 -1 561 -1 60 -1 60 -1 -2
62 -1 60 -1 349 -1 60 -1 60 -1 -2
62 -1 60 -1 585 -1 60 -1 60 -1 -2
62 -1 60 -1 474 -1 60 -1 60 -1 -2
62 -1 60 -1 349 -1 60 -1 60 -1 -2
62 -1 60 -1 499 -1 60 -1 60 -1 -2
62 -1 60 -1 665 -1 60 -1 60 -1 -2
62 -1 60 -1 676 -1 60 -1 60 -1 -2
62 -1 60 -1 1077 -1 60 -1 60 -1 -2
62 -1 60 -1 1078 -1 60 -1 60 -1 -2
62 -1 60 -1 684 -1 60 -1 60 -1 -2
62 -1 60 -1 927 -1 60 -1 60 -1 -2
62 -1 60 -1 416 -1 60 -1 60 -1 -2
62 -1 60 -1 349 -1 60 -1 60 -1 -2
62 -1 60 -1 585 -1 60 -1 60 -1 -2
62 -1 60 -1 561 -1 60 -1 60 -1 -2
62 -1 60 -1 474 -1 60 -1 60 -1 -2
62 -1 60 -1 1077 -1 60 -1 60 -1 -2
62 -1 60 -1 853 -1 60 -1 60 -1 -2
62 -1 60 -1 349 -1 60 -1 60 -1 -2
62 -1 60 -1 349 -1 60 -1 60 -1 -2
62 -1 60 -1 349 -1 60 -1 60 -1 -2
