62 -1 60 -1 121 -1 60 -1 60 -1 60 -1 60 -1 60 -1 60 -1 60 -1 60 -1 60 -1 60 -1 60 -1 60 -1 60 -1 60 -1 60 -1 60 -1 60 -1 60 -1 60 -1 60 -1 60 -1 60 -1 60 -1 60 -1 60 -1 60 -1 60 -1 113 -1 60 -1 60 -1 60 -1 60 -1 60 -1 60 -1 112 -1 112 -1 112 -1 112 -1 111 -1 112 -1 112 -1 60 -1 60 -1 -2
62 -1 60 -1 113 -1 60 -1 60 -1 60 -1 113 -1 60 -1 60 -1 60 -1 60 -1 60 -1 60 -1 60 -1 60 -1 60 -1 60 -1 60 -1 60 -1 60 -1 60 -1 60 -1 60 -1 60 -1 60 -1 113 -1 60 -1 60 -1 60 -1 60 -1 60 -1 60 -1 112 -1 112 -1 112 -1 112 -1 111 -1 112 -1 112 -1 60 -1 112 -1 60 -1 60 -1 -2
62 -1 60 -1 113 -1 60 -1 60 -1 60 -1 60 -1 60 -1 60 -1 60 -1 60 -1 113 -1 60 -1 60 -1 114 -1 60 -1 60 -1 -2
62 -1 60 -1 113 -1 60 -1 60 -1 114 -1 60 -1 60 -1 -2
62 -1 60 -1 112 -1 60 -1 60 -1 60 -1 60 -1 60 -1 60 -1 60 -1 60 -1 60 -1 60 -1 60 -1 60 -1 60 -1 60 -1 60 -1 60 -1 60 -1 60 -1 60 -1 60 -1 60 -1 60 -1 60 -1 60 -1 60 -1 60 -1 60 -1 60 -1 60 -1 60 -1 60 -1 60 -1 60 -1 60 -1 60 -1 60 -1 60 -1 60 -1 60 -1 60 -1 60 -1 -2
62 -1 60 -1 113 -1 60 -1 60 -1 60 -1 60 -1 60 -1 60 -1 60 -1 60 -1 114 -1 60 -1 60 -1 -2
62 -1 60 -1 113 -1 60 -1 114 -1 60 -1 60 -1 -2
62 -1 60 -1 121 -1 60 -1 60 -1 60 -1 60 -1 60 -1 60 -1 60 -1 60 -1 60 -1 60 -1 60 -1 60 -1 60 -1 60 -1 60 -1 60 -1 60 -1 60 -1 60 -1 60 -1 60 -1 60 -1 60 -1 60 -1 60 -1 60 -1 60 -1 112 -1 113 -1 60 -1 60 -1 60 -1 60 -1 60 -1 60 -1 60 -1 60 -1 60 -1 60 -1 60 -1 112 -1 112 -1 112 -1 112 -1 111 -1 112 -1 112 -1 60 -1 60 -1 -2
62 -1 60 -1 178 -1 60 -1 60 -1 60 -1 60 -1 60 -1 60 -1 60 -1 60 -1 60 -1 60 -1 60 -1 60 -1 -2
62 -1 60 -1 97 -1 60 -1 60 -1 60 -1 60 -1 60 -1 60 -1 60 -1 60 -1 60 -1 60 -1 60 -1 60 -1 60 -1 60 -1 60 -1 60 -1 60 -1 60 -1 60 -1 60 -1 60 -1 60 -1 60 -1 60 -1 60 -1 60 -1 60 -1 60 -1 113 -1 60 -1 60 -1 60 -1 60 -1 60 -1 60 -1 112 -1 112 -1 112 -1 112 -1 111 -1 112 -1 112 -1 60 -1 60 -1 -2
62 -1 60 -1 109 -1 60 -1 60 -1 60 -1 60 -1 60 -1 109 -1 60 -1 60 -1 60 -1 60 -1 60 -1 113 -1 282 -1 60 -1 60 -1 60 -1 60 -1 60 -1 60 -1 60 -1 60 -1 114 -1 60 -1 60 -1 60 -1 60 -1 60 -1 60 -1 60 -1 114 -1 112 -1 60 -1 60 -1 -2
62 -1 60 -1 133 -1 132 -1 133 -1 133 -1 132 -1 133 -1 134 -1 60 -1 60 -1 60 -1 60 -1 60 -1 60 -1 60 -1 -2
62 -1 60 -1 111 -1 60 -1 60 -1 60 -1 60 -1 60 -1 -2
62 -1 60 -1 112 -1 60 -1 60 -1 60 -1 60 -1 60 -1 -2
62 -1 62 -1 60 -1 113 -1 60 -1 60 -1 60 -1 60 -1 60 -1 60 -1 60 -1 60 -1 60 -1 60 -1 60 -1 60 -1 60 -1 60 -1 60 -1 60 -1 60 -1 60 -1 60 -1 60 -1 60 -1 60 -1 60 -1 60 -1 60 -1 60 -1 60 -1 60 -1 60 -1 60 -1 60 -1 60 -1 60 -1 60 -1 60 -1 60 -1 60 -1 60 -1 113 -1 60 -1 60 -1 60 -1 60 -1 60 -1 60 -1 112 -1 112 -1 112 -1 112 -1 111 -1 112 -1 112 -1 60 -1 60 -1 -2
