212 -1 212 -1 212 -1 212 -1 212 -1 212 -1 212 -1 212 -1 212 -1 212 -1 212 -1 212 -1 212 -1 212 -1 212 -1 212 -1 212 -1 212 -1 212 -1 212 -1 212 -1 212 -1 62 -1 212 -1 212 -1 212 -1 212 -1 212 -1 212 -1 212 -1 -2
212 -1 212 -1 212 -1 212 -1 212 -1 212 -1 62 -1 212 -1 212 -1 212 -1 212 -1 212 -1 212 -1 212 -1 212 -1 212 -1 212 -1 212 -1 212 -1 212 -1 212 -1 212 -1 -2
212 -1 212 -1 212 -1 212 -1 62 -1 212 -1 212 -1 62 -1 212 -1 212 -1 212 -1 212 -1 212 -1 212 -1 212 -1 212 -1 212 -1 212 -1 212 -1 212 -1 212 -1 212 -1 212 -1 212 -1 212 -1 212 -1 212 -1 212 -1 212 -1 212 -1 212 -1 212 -1 212 -1 212 -1 212 -1 -2
212 -1 212 -1 212 -1 212 -1 62 -1 212 -1 212 -1 212 -1 212 -1 212 -1 212 -1 212 -1 212 -1 212 -1 212 -1 212 -1 212 -1 212 -1 212 -1 212 -1 212 -1 -2
212 -1 212 -1 212 -1 212 -1 212 -1 212 -1 212 -1 212 -1 212 -1 212 -1 212 -1 212 -1 212 -1 212 -1 212 -1 212 -1 212 -1 212 -1 212 -1 62 -1 212 -1 212 -1 -2
62 -1 212 -1 212 -1 212 -1 212 -1 212 -1 212 -1 212 -1 212 -1 212 -1 212 -1 212 -1 212 -1 212 -1 212 -1 212 -1 212 -1 212 -1 212 -1 212 -1 212 -1 212 -1 212 -1 212 -1 212 -1 212 -1 212 -1 212 -1 212 -1 212 -1 212 -1 212 -1 212 -1 212 -1 212 -1 212 -1 212 -1 212 -1 212 -1 212 -1 212 -1 212 -1 212 -1 212 -1 212 -1 212 -1 212 -1 212 -1 212 -1 212 -1 212 -1 212 -1 212 -1 212 -1 212 -1 212 -1 212 -1 212 -1 212 -1 212 -1 212 -1 212 -1 212 -1 212 -1 212 -1 212 -1 212 -1 -2
212 -1 212 -1 212 -1 212 -1 212 -1 212 -1 212 -1 212 -1 212 -1 212 -1 212 -1 212 -1 212 -1 212 -1 212 -1 62 -1 212 -1 212 -1 212 -1 212 -1 212 -1 -2
212 -1 212 -1 212 -1 212 -1 212 -1 62 -1 212 -1 212 -1 212 -1 212 -1 212 -1 212 -1 212 -1 212 -1 212 -1 212 -1 212 -1 212 -1 212 -1 212 -1 212 -1 212 -1 212 -1 212 -1 212 -1 212 -1 212 -1 212 -1 212 -1 212 -1 212 -1 212 -1 212 -1 212 -1 212 -1 212 -1 212 -1 212 -1 -2
212 -1 212 -1 212 -1 212 -1 62 -1 212 -1 212 -1 212 -1 212 -1 212 -1 212 -1 212 -1 212 -1 212 -1 212 -1 212 -1 212 -1 212 -1 212 -1 212 -1 -2
212 -1 212 -1 212 -1 62 -1 212 -1 212 -1 212 -1 212 -1 212 -1 212 -1 212 -1 212 -1 212 -1 212 -1 212 -1 212 -1 212 -1 212 -1 212 -1 212 -1 212 -1 212 -1 212 -1 212 -1 212 -1 212 -1 212 -1 212 -1 212 -1 212 -1 212 -1 212 -1 212 -1 212 -1 212 -1 212 -1 212 -1 212 -1 212 -1 212 -1 212 -1 212 -1 212 -1 212 -1 212 -1 212 -1 -2
212 -1 212 -1 212 -1 212 -1 212 -1 212 -1 212 -1 212 -1 212 -1 212 -1 212 -1 212 -1 62 -1 -2
662 -1 662 -1 662 -1 362 -1 662 -1 212 -1 212 -1 212 -1 212 -1 212 -1 212 -1 212 -1 212 -1 212 -1 212 -1 212 -1 212 -1 212 -1 212 -1 212 -1 212 -1 212 -1 212 -1 212 -1 212 -1 212 -1 212 -1 212 -1 212 -1 212 -1 212 -1 212 -1 212 -1 212 -1 212 -1 212 -1 212 -1 212 -1 212 -1 212 -1 212 -1 212 -1 212 -1 212 -1 212 -1 212 -1 212 -1 212 -1 212 -1 212 -1 212 -1 212 -1 212 -1 212 -1 212 -1 212 -1 212 -1 212 -1 212 -1 212 -1 212 -1 212 -1 212 -1 212 -1 212 -1 212 -1 212 -1 212 -1 212 -1 212 -1 212 -1 212 -1 212 -1 212 -1 212 -1 212 -1 212 -1 212 -1 212 -1 212 -1 212 -1 212 -1 212 -1 212 -1 212 -1 212 -1 212 -1 212 -1 212 -1 212 -1 212 -1 212 -1 212 -1 212 -1 212 -1 212 -1 212 -1 212 -1 212 -1 212 -1 212 -1 212 -1 212 -1 212 -1 212 -1 212 -1 212 -1 212 -1 212 -1 212 -1 212 -1 212 -1 212 -1 212 -1 212 -1 212 -1 212 -1 212 -1 212 -1 212 -1 212 -1 212 -1 212 -1 212 -1 212 -1 212 -1 212 -1 212 -1 212 -1 212 -1 212 -1 212 -1 212 -1 212 -1 212 -1 212 -1 212 -1 212 -1 212 -1 212 -1 212 -1 212 -1 212 -1 212 -1 212 -1 212 -1 212 -1 212 -1 212 -1 212 -1 212 -1 212 -1 212 -1 212 -1 212 -1 212 -1 212 -1 212 -1 212 -1 212 -1 212 -1 212 -1 212 -1 212 -1 212 -1 212 -1 212 -1 212 -1 212 -1 212 -1 212 -1 212 -1 212 -1 212 -1 212 -1 212 -1 212 -1 212 -1 212 -1 212 -1 212 -1 212 -1 212 -1 212 -1 212 -1 212 -1 212 -1 212 -1 212 -1 212 -1 212 -1 212 -1 212 -1 212 -1 212 -1 212 -1 212 -1 212 -1 212 -1 212 -1 212 -1 212 -1 212 -1 212 -1 212 -1 212 -1 212 -1 156 -1 62 -1 662 -1 662 -1 662 -1 662 -1 662 -1 662 -1 662 -1 662 -1 362 -1 662 -1 662 -1 662 -1 662 -1 662 -1 662 -1 662 -1 662 -1 662 -1 662 -1 662 -1 662 -1 662 -1 662 -1 662 -1 662 -1 662 -1 662 -1 645 -1 -2
62 -1 212 -1 212 -1 212 -1 212 -1 212 -1 212 -1 212 -1 212 -1 212 -1 212 -1 212 -1 212 -1 212 -1 212 -1 212 -1 212 -1 212 -1 212 -1 212 -1 212 -1 212 -1 212 -1 212 -1 212 -1 154 -1 62 -1 79 -1 -2
212 -1 212 -1 212 -1 212 -1 212 -1 212 -1 212 -1 62 -1 212 -1 212 -1 212 -1 212 -1 212 -1 212 -1 212 -1 212 -1 212 -1 212 -1 212 -1 212 -1 212 -1 212 -1 212 -1 212 -1 212 -1 212 -1 212 -1 212 -1 212 -1 212 -1 212 -1 212 -1 212 -1 212 -1 212 -1 212 -1 212 -1 212 -1 212 -1 212 -1 212 -1 212 -1 212 -1 212 -1 212 -1 212 -1 212 -1 212 -1 212 -1 212 -1 212 -1 212 -1 212 -1 212 -1 212 -1 212 -1 212 -1 212 -1 212 -1 212 -1 212 -1 212 -1 212 -1 212 -1 212 -1 212 -1 212 -1 212 -1 212 -1 212 -1 212 -1 212 -1 212 -1 212 -1 212 -1 212 -1 212 -1 212 -1 212 -1 212 -1 212 -1 212 -1 212 -1 212 -1 212 -1 212 -1 212 -1 212 -1 212 -1 212 -1 212 -1 212 -1 212 -1 212 -1 212 -1 212 -1 212 -1 212 -1 212 -1 212 -1 212 -1 212 -1 212 -1 212 -1 212 -1 212 -1 212 -1 212 -1 212 -1 212 -1 212 -1 212 -1 212 -1 212 -1 212 -1 212 -1 212 -1 212 -1 212 -1 212 -1 212 -1 212 -1 212 -1 212 -1 212 -1 212 -1 212 -1 212 -1 212 -1 212 -1 -2
212 -1 212 -1 62 -1 62 -1 212 -1 212 -1 212 -1 212 -1 212 -1 212 -1 212 -1 212 -1 212 -1 212 -1 212 -1 212 -1 212 -1 212 -1 212 -1 212 -1 212 -1 -2
212 -1 212 -1 212 -1 212 -1 212 -1 212 -1 62 -1 212 -1 212 -1 212 -1 212 -1 212 -1 212 -1 212 -1 212 -1 212 -1 212 -1 212 -1 212 -1 212 -1 -2
212 -1 212 -1 212 -1 212 -1 212 -1 212 -1 212 -1 212 -1 212 -1 212 -1 212 -1 212 -1 212 -1 212 -1 212 -1 62 -1 212 -1 212 -1 212 -1 212 -1 -2
212 -1 212 -1 212 -1 212 -1 212 -1 62 -1 212 -1 212 -1 212 -1 212 -1 212 -1 212 -1 212 -1 212 -1 212 -1 212 -1 212 -1 212 -1 212 -1 212 -1 212 -1 212 -1 -2
212 -1 212 -1 62 -1 212 -1 212 -1 212 -1 212 -1 212 -1 212 -1 212 -1 212 -1 212 -1 212 -1 212 -1 212 -1 212 -1 212 -1 212 -1 212 -1 212 -1 212 -1 212 -1 62 -1 212 -1 -2
212 -1 62 -1 62 -1 212 -1 212 -1 212 -1 212 -1 212 -1 212 -1 212 -1 212 -1 212 -1 212 -1 212 -1 212 -1 212 -1 212 -1 212 -1 212 -1 212 -1 212 -1 212 -1 -2
130 -1 62 -1 662 -1 63 -1 109 -1 62 -1 100 -1 67 -1 362 -1 1262 -1 1262 -1 1262 -1 1262 -1 662 -1 212 -1 212 -1 212 -1 212 -1 212 -1 212 -1 212 -1 212 -1 212 -1 212 -1 212 -1 212 -1 212 -1 212 -1 212 -1 212 -1 212 -1 212 -1 212 -1 212 -1 212 -1 212 -1 212 -1 212 -1 212 -1 212 -1 212 -1 212 -1 212 -1 212 -1 212 -1 212 -1 212 -1 212 -1 212 -1 212 -1 212 -1 212 -1 212 -1 212 -1 212 -1 212 -1 212 -1 212 -1 212 -1 212 -1 212 -1 212 -1 212 -1 212 -1 212 -1 212 -1 212 -1 212 -1 212 -1 212 -1 212 -1 212 -1 212 -1 212 -1 212 -1 212 -1 212 -1 212 -1 212 -1 212 -1 212 -1 212 -1 212 -1 212 -1 212 -1 212 -1 212 -1 212 -1 212 -1 212 -1 212 -1 212 -1 212 -1 212 -1 212 -1 212 -1 212 -1 212 -1 212 -1 212 -1 212 -1 212 -1 212 -1 212 -1 212 -1 212 -1 212 -1 212 -1 212 -1 212 -1 212 -1 212 -1 212 -1 212 -1 212 -1 212 -1 212 -1 212 -1 212 -1 212 -1 212 -1 212 -1 212 -1 212 -1 212 -1 212 -1 212 -1 212 -1 212 -1 212 -1 212 -1 212 -1 212 -1 212 -1 212 -1 212 -1 212 -1 212 -1 212 -1 212 -1 212 -1 212 -1 212 -1 212 -1 212 -1 212 -1 212 -1 212 -1 212 -1 212 -1 212 -1 212 -1 212 -1 212 -1 212 -1 212 -1 212 -1 212 -1 212 -1 212 -1 212 -1 212 -1 212 -1 212 -1 212 -1 212 -1 212 -1 212 -1 212 -1 212 -1 212 -1 212 -1 212 -1 212 -1 212 -1 212 -1 212 -1 212 -1 212 -1 212 -1 212 -1 212 -1 212 -1 212 -1 62 -1 62 -1 212 -1 212 -1 212 -1 212 -1 -2
212 -1 212 -1 212 -1 212 -1 62 -1 212 -1 212 -1 212 -1 212 -1 212 -1 212 -1 212 -1 212 -1 212 -1 212 -1 212 -1 212 -1 212 -1 212 -1 166 -1 62 -1 212 -1 212 -1 -2
212 -1 212 -1 212 -1 212 -1 212 -1 212 -1 212 -1 212 -1 212 -1 212 -1 212 -1 212 -1 212 -1 212 -1 212 -1 212 -1 212 -1 212 -1 362 -1 362 -1 362 -1 362 -1 362 -1 362 -1 362 -1 362 -1 362 -1 362 -1 362 -1 362 -1 362 -1 362 -1 362 -1 212 -1 212 -1 212 -1 212 -1 212 -1 212 -1 62 -1 212 -1 212 -1 212 -1 212 -1 212 -1 212 -1 212 -1 212 -1 212 -1 212 -1 212 -1 212 -1 212 -1 212 -1 212 -1 212 -1 212 -1 362 -1 362 -1 62 -1 212 -1 212 -1 212 -1 212 -1 212 -1 212 -1 212 -1 -2
212 -1 212 -1 212 -1 212 -1 212 -1 212 -1 212 -1 212 -1 212 -1 212 -1 212 -1 212 -1 212 -1 212 -1 212 -1 212 -1 212 -1 212 -1 212 -1 212 -1 62 -1 212 -1 212 -1 212 -1 212 -1 212 -1 212 -1 212 -1 212 -1 212 -1 212 -1 212 -1 212 -1 212 -1 212 -1 212 -1 212 -1 212 -1 212 -1 212 -1 -2
