67 -1 44 -1 67 -1 44 -1 67 -1 -2
44 -1 67 -1 44 -1 67 -1 44 -1 -2
67 -1 44 -1 67 -1 44 -1 67 -1 -2
67 -1 44 -1 67 -1 44 -1 67 -1 -2
44 -1 67 -1 44 -1 67 -1 44 -1 -2
67 -1 44 -1 67 -1 44 -1 67 -1 -2
67 -1 44 -1 67 -1 44 -1 67 -1 -2
67 -1 44 -1 67 -1 44 -1 67 -1 -2
44 -1 67 -1 44 -1 67 -1 44 -1 67 -1 -2
44 -1 67 -1 44 -1 67 -1 44 -1 -2
67 -1 67 -1 44 -1 44 -1 67 -1 -2
44 -1 67 -1 44 -1 67 -1 44 -1 -2
67 -1 44 -1 67 -1 44 -1 67 -1 -2
44 -1 299 -1 48 -1 67 -1 67 -1 -2
44 -1 67 -1 44 -1 67 -1 44 -1 -2
67 -1 44 -1 67 -1 44 -1 67 -1 -2
44 -1 67 -1 44 -1 67 -1 44 -1 67 -1 -2
