62 -1 60 -1 127 -1 145 -1 60 -1 60 -1 66 -1 66 -1 66 -1 66 -1 66 -1 66 -1 66 -1 66 -1 66 -1 66 -1 60 -1 60 -1 60 -1 60 -1 60 -1 60 -1 60 -1 60 -1 60 -1 60 -1 60 -1 60 -1 60 -1 60 -1 60 -1 60 -1 60 -1 60 -1 60 -1 60 -1 60 -1 60 -1 60 -1 60 -1 60 -1 60 -1 60 -1 60 -1 60 -1 60 -1 60 -1 133 -1 60 -1 133 -1 60 -1 133 -1 60 -1 60 -1 60 -1 60 -1 60 -1 133 -1 60 -1 133 -1 60 -1 60 -1 60 -1 60 -1 66 -1 60 -1 133 -1 60 -1 133 -1 60 -1 133 -1 60 -1 133 -1 60 -1 60 -1 60 -1 133 -1 60 -1 60 -1 60 -1 127 -1 60 -1 60 -1 125 -1 60 -1 60 -1 60 -1 127 -1 60 -1 128 -1 60 -1 60 -1 -2
62 -1 60 -1 128 -1 60 -1 60 -1 128 -1 60 -1 -2
62 -1 60 -1 150 -1 60 -1 145 -1 60 -1 146 -1 60 -1 157 -1 66 -1 60 -1 155 -1 60 -1 152 -1 60 -1 165 -1 60 -1 141 -1 138 -1 66 -1 60 -1 140 -1 60 -1 136 -1 60 -1 128 -1 60 -1 60 -1 60 -1 -2
62 -1 60 -1 141 -1 60 -1 60 -1 60 -1 60 -1 60 -1 133 -1 60 -1 136 -1 60 -1 133 -1 60 -1 134 -1 60 -1 137 -1 60 -1 136 -1 60 -1 125 -1 60 -1 126 -1 60 -1 60 -1 131 -1 60 -1 60 -1 124 -1 60 -1 60 -1 129 -1 60 -1 60 -1 125 -1 60 -1 129 -1 60 -1 60 -1 -2
62 -1 60 -1 127 -1 146 -1 60 -1 60 -1 60 -1 60 -1 60 -1 60 -1 60 -1 60 -1 60 -1 60 -1 147 -1 60 -1 60 -1 60 -1 60 -1 60 -1 60 -1 60 -1 60 -1 140 -1 60 -1 128 -1 60 -1 60 -1 60 -1 -2
62 -1 60 -1 142 -1 60 -1 60 -1 60 -1 60 -1 60 -1 60 -1 60 -1 60 -1 60 -1 -2
62 -1 60 -1 136 -1 60 -1 60 -1 60 -1 60 -1 60 -1 60 -1 60 -1 123 -1 60 -1 60 -1 124 -1 60 -1 60 -1 60 -1 117 -1 60 -1 117 -1 121 -1 60 -1 60 -1 60 -1 60 -1 60 -1 60 -1 60 -1 60 -1 60 -1 60 -1 60 -1 60 -1 60 -1 60 -1 60 -1 60 -1 60 -1 60 -1 60 -1 60 -1 60 -1 60 -1 60 -1 60 -1 60 -1 133 -1 133 -1 60 -1 136 -1 60 -1 135 -1 60 -1 138 -1 60 -1 60 -1 117 -1 60 -1 122 -1 60 -1 60 -1 126 -1 60 -1 118 -1 60 -1 60 -1 -2
62 -1 60 -1 163 -1 60 -1 60 -1 60 -1 60 -1 60 -1 60 -1 60 -1 60 -1 60 -1 60 -1 60 -1 60 -1 60 -1 60 -1 60 -1 143 -1 60 -1 60 -1 60 -1 60 -1 60 -1 60 -1 60 -1 60 -1 60 -1 66 -1 66 -1 66 -1 66 -1 66 -1 66 -1 66 -1 66 -1 66 -1 60 -1 60 -1 60 -1 60 -1 60 -1 60 -1 -2
62 -1 60 -1 157 -1 60 -1 60 -1 -2
62 -1 60 -1 171 -1 60 -1 147 -1 60 -1 60 -1 147 -1 60 -1 60 -1 147 -1 60 -1 60 -1 147 -1 60 -1 60 -1 147 -1 147 -1 60 -1 60 -1 147 -1 60 -1 60 -1 147 -1 60 -1 60 -1 60 -1 -2
62 -1 60 -1 139 -1 60 -1 60 -1 60 -1 60 -1 60 -1 60 -1 60 -1 136 -1 128 -1 60 -1 60 -1 -2
62 -1 60 -1 127 -1 139 -1 60 -1 60 -1 60 -1 60 -1 60 -1 60 -1 60 -1 60 -1 60 -1 60 -1 60 -1 60 -1 60 -1 60 -1 60 -1 60 -1 60 -1 60 -1 60 -1 60 -1 60 -1 60 -1 60 -1 60 -1 60 -1 60 -1 60 -1 60 -1 60 -1 60 -1 60 -1 60 -1 60 -1 60 -1 60 -1 60 -1 60 -1 60 -1 60 -1 60 -1 60 -1 60 -1 60 -1 60 -1 60 -1 60 -1 60 -1 60 -1 60 -1 60 -1 60 -1 60 -1 60 -1 60 -1 60 -1 60 -1 60 -1 60 -1 60 -1 60 -1 60 -1 60 -1 60 -1 60 -1 60 -1 60 -1 60 -1 60 -1 60 -1 60 -1 60 -1 60 -1 60 -1 60 -1 60 -1 60 -1 60 -1 60 -1 60 -1 60 -1 60 -1 60 -1 60 -1 60 -1 60 -1 60 -1 60 -1 60 -1 60 -1 60 -1 60 -1 60 -1 60 -1 60 -1 60 -1 60 -1 60 -1 60 -1 60 -1 60 -1 60 -1 60 -1 60 -1 60 -1 60 -1 148 -1 60 -1 60 -1 60 -1 60 -1 60 -1 60 -1 60 -1 60 -1 60 -1 60 -1 60 -1 60 -1 60 -1 60 -1 159 -1 60 -1 60 -1 60 -1 60 -1 60 -1 60 -1 60 -1 60 -1 60 -1 60 -1 60 -1 60 -1 60 -1 -2
62 -1 60 -1 158 -1 60 -1 60 -1 60 -1 60 -1 66 -1 60 -1 60 -1 60 -1 60 -1 66 -1 60 -1 60 -1 60 -1 109 -1 127 -1 60 -1 128 -1 60 -1 60 -1 60 -1 -2
62 -1 60 -1 118 -1 60 -1 60 -1 60 -1 60 -1 60 -1 60 -1 60 -1 60 -1 60 -1 60 -1 60 -1 60 -1 60 -1 60 -1 60 -1 121 -1 60 -1 114 -1 60 -1 60 -1 60 -1 60 -1 60 -1 -2
62 -1 60 -1 163 -1 60 -1 60 -1 -2
62 -1 60 -1 262 -1 60 -1 60 -1 60 -1 60 -1 60 -1 60 -1 -2
62 -1 60 -1 137 -1 60 -1 60 -1 60 -1 -2
62 -1 60 -1 139 -1 135 -1 146 -1 60 -1 145 -1 60 -1 142 -1 60 -1 60 -1 -2
62 -1 62 -1 60 -1 135 -1 60 -1 60 -1 -2
62 -1 62 -1 60 -1 144 -1 60 -1 60 -1 60 -1 60 -1 60 -1 60 -1 60 -1 60 -1 60 -1 60 -1 146 -1 60 -1 -2
62 -1 60 -1 181 -1 60 -1 60 -1 60 -1 60 -1 60 -1 60 -1 60 -1 60 -1 170 -1 60 -1 60 -1 60 -1 60 -1 60 -1 66 -1 66 -1 60 -1 151 -1 60 -1 60 -1 66 -1 66 -1 60 -1 60 -1 60 -1 160 -1 60 -1 60 -1 60 -1 66 -1 66 -1 60 -1 173 -1 60 -1 60 -1 60 -1 60 -1 180 -1 60 -1 60 -1 60 -1 60 -1 60 -1 60 -1 60 -1 60 -1 60 -1 140 -1 60 -1 60 -1 60 -1 60 -1 66 -1 66 -1 66 -1 66 -1 -2
163 -1 60 -1 60 -1 60 -1 60 -1 60 -1 157 -1 60 -1 60 -1 60 -1 60 -1 60 -1 60 -1 60 -1 60 -1 60 -1 60 -1 154 -1 60 -1 60 -1 60 -1 60 -1 60 -1 60 -1 60 -1 60 -1 60 -1 -2
62 -1 60 -1 130 -1 60 -1 60 -1 60 -1 60 -1 60 -1 60 -1 60 -1 -2
62 -1 60 -1 127 -1 60 -1 60 -1 60 -1 60 -1 60 -1 -2
62 -1 60 -1 141 -1 60 -1 60 -1 60 -1 -2
62 -1 60 -1 219 -1 60 -1 60 -1 60 -1 60 -1 60 -1 60 -1 60 -1 60 -1 60 -1 60 -1 60 -1 60 -1 60 -1 60 -1 60 -1 60 -1 60 -1 60 -1 121 -1 60 -1 60 -1 60 -1 60 -1 60 -1 60 -1 60 -1 60 -1 60 -1 60 -1 60 -1 60 -1 60 -1 60 -1 60 -1 60 -1 60 -1 60 -1 60 -1 60 -1 60 -1 60 -1 60 -1 60 -1 60 -1 60 -1 60 -1 60 -1 60 -1 60 -1 60 -1 60 -1 60 -1 60 -1 60 -1 136 -1 60 -1 60 -1 -2
62 -1 60 -1 149 -1 60 -1 60 -1 60 -1 133 -1 60 -1 136 -1 60 -1 133 -1 60 -1 137 -1 60 -1 137 -1 60 -1 136 -1 60 -1 133 -1 60 -1 60 -1 60 -1 -2
62 -1 60 -1 162 -1 60 -1 60 -1 -2
62 -1 60 -1 174 -1 60 -1 60 -1 60 -1 60 -1 60 -1 60 -1 60 -1 60 -1 60 -1 60 -1 60 -1 60 -1 60 -1 60 -1 -2
62 -1 60 -1 138 -1 60 -1 60 -1 60 -1 60 -1 60 -1 -2
62 -1 60 -1 133 -1 60 -1 60 -1 -2
62 -1 60 -1 154 -1 60 -1 60 -1 60 -1 60 -1 60 -1 60 -1 60 -1 60 -1 60 -1 60 -1 -2
60 -1 60 -1 60 -1 60 -1 60 -1 -2
