62 -1 280 -1 60 -1 86 -1 60 -1 60 -1 -2
62 -1 280 -1 60 -1 86 -1 60 -1 60 -1 -2
62 -1 280 -1 60 -1 86 -1 60 -1 60 -1 -2
62 -1 280 -1 60 -1 86 -1 60 -1 60 -1 -2
62 -1 114 -1 318 -1 318 -1 318 -1 318 -1 318 -1 318 -1 318 -1 318 -1 318 -1 318 -1 318 -1 318 -1 318 -1 318 -1 -2
62 -1 280 -1 60 -1 86 -1 60 -1 60 -1 -2
62 -1 280 -1 60 -1 86 -1 60 -1 60 -1 -2
62 -1 280 -1 60 -1 86 -1 60 -1 60 -1 -2
62 -1 280 -1 60 -1 86 -1 60 -1 60 -1 -2
62 -1 280 -1 60 -1 86 -1 60 -1 60 -1 -2
62 -1 280 -1 60 -1 86 -1 60 -1 60 -1 -2
62 -1 280 -1 60 -1 86 -1 60 -1 60 -1 -2
62 -1 280 -1 60 -1 86 -1 60 -1 60 -1 -2
62 -1 280 -1 60 -1 86 -1 60 -1 60 -1 -2
