62 -1 60 -1 60 -1 185 -1 358 -1 164 -1 114 -1 279 -1 97 -1 93 -1 60 -1 -2
62 -1 60 -1 60 -1 185 -1 358 -1 164 -1 114 -1 279 -1 97 -1 93 -1 60 -1 -2
62 -1 60 -1 60 -1 185 -1 358 -1 164 -1 114 -1 279 -1 97 -1 93 -1 60 -1 -2
62 -1 60 -1 60 -1 185 -1 358 -1 164 -1 114 -1 279 -1 97 -1 93 -1 60 -1 -2
62 -1 60 -1 60 -1 185 -1 358 -1 164 -1 114 -1 279 -1 97 -1 93 -1 60 -1 -2
62 -1 60 -1 60 -1 185 -1 358 -1 164 -1 114 -1 279 -1 97 -1 93 -1 60 -1 -2
62 -1 60 -1 60 -1 60 -1 185 -1 358 -1 164 -1 114 -1 279 -1 97 -1 93 -1 60 -1 -2
62 -1 60 -1 60 -1 185 -1 358 -1 164 -1 114 -1 279 -1 97 -1 93 -1 60 -1 -2
62 -1 60 -1 60 -1 185 -1 358 -1 164 -1 114 -1 279 -1 97 -1 93 -1 60 -1 -2
62 -1 60 -1 60 -1 185 -1 358 -1 164 -1 114 -1 279 -1 97 -1 93 -1 60 -1 -2
62 -1 60 -1 60 -1 185 -1 358 -1 164 -1 114 -1 279 -1 97 -1 93 -1 60 -1 -2
62 -1 60 -1 60 -1 185 -1 358 -1 164 -1 114 -1 279 -1 97 -1 93 -1 60 -1 -2
62 -1 60 -1 60 -1 185 -1 358 -1 164 -1 114 -1 279 -1 97 -1 93 -1 60 -1 -2
62 -1 60 -1 60 -1 185 -1 358 -1 164 -1 114 -1 279 -1 97 -1 93 -1 60 -1 -2
62 -1 60 -1 60 -1 185 -1 358 -1 164 -1 114 -1 279 -1 97 -1 93 -1 60 -1 -2
62 -1 60 -1 60 -1 185 -1 358 -1 164 -1 114 -1 279 -1 97 -1 93 -1 60 -1 -2
62 -1 60 -1 60 -1 185 -1 358 -1 164 -1 114 -1 279 -1 97 -1 93 -1 60 -1 -2
62 -1 60 -1 60 -1 185 -1 358 -1 164 -1 114 -1 279 -1 97 -1 93 -1 60 -1 -2
62 -1 60 -1 60 -1 185 -1 358 -1 164 -1 114 -1 279 -1 97 -1 93 -1 60 -1 -2
62 -1 60 -1 60 -1 185 -1 358 -1 164 -1 114 -1 279 -1 97 -1 93 -1 60 -1 -2
62 -1 60 -1 60 -1 60 -1 185 -1 60 -1 358 -1 60 -1 164 -1 60 -1 114 -1 279 -1 97 -1 93 -1 60 -1 60 -1 -2
62 -1 60 -1 60 -1 185 -1 358 -1 164 -1 114 -1 279 -1 97 -1 93 -1 60 -1 -2
62 -1 60 -1 60 -1 185 -1 358 -1 164 -1 114 -1 122 -1 97 -1 93 -1 358 -1 164 -1 114 -1 414 -1 97 -1 93 -1 60 -1 -2
62 -1 60 -1 60 -1 185 -1 358 -1 164 -1 114 -1 279 -1 97 -1 93 -1 60 -1 -2
62 -1 60 -1 60 -1 185 -1 358 -1 164 -1 114 -1 279 -1 97 -1 93 -1 60 -1 -2
62 -1 60 -1 60 -1 185 -1 358 -1 164 -1 114 -1 279 -1 97 -1 93 -1 60 -1 -2
62 -1 60 -1 60 -1 185 -1 358 -1 164 -1 114 -1 170 -1 97 -1 93 -1 60 -1 -2
62 -1 60 -1 60 -1 185 -1 358 -1 164 -1 114 -1 279 -1 97 -1 93 -1 60 -1 -2
62 -1 60 -1 60 -1 185 -1 358 -1 164 -1 114 -1 279 -1 97 -1 93 -1 60 -1 -2
62 -1 60 -1 60 -1 185 -1 358 -1 164 -1 114 -1 279 -1 97 -1 93 -1 60 -1 -2
62 -1 60 -1 60 -1 185 -1 358 -1 164 -1 114 -1 279 -1 97 -1 93 -1 60 -1 -2
62 -1 60 -1 60 -1 185 -1 358 -1 164 -1 114 -1 279 -1 97 -1 93 -1 60 -1 -2
62 -1 60 -1 60 -1 185 -1 358 -1 164 -1 114 -1 279 -1 97 -1 93 -1 60 -1 -2
62 -1 60 -1 60 -1 185 -1 358 -1 164 -1 114 -1 279 -1 97 -1 93 -1 60 -1 -2
62 -1 60 -1 60 -1 185 -1 358 -1 164 -1 114 -1 279 -1 97 -1 93 -1 60 -1 -2
62 -1 60 -1 60 -1 185 -1 358 -1 164 -1 114 -1 279 -1 97 -1 93 -1 60 -1 -2
62 -1 60 -1 60 -1 185 -1 358 -1 164 -1 114 -1 279 -1 97 -1 93 -1 60 -1 -2
62 -1 60 -1 60 -1 185 -1 358 -1 164 -1 114 -1 279 -1 97 -1 93 -1 60 -1 -2
62 -1 60 -1 60 -1 185 -1 358 -1 164 -1 114 -1 279 -1 97 -1 93 -1 60 -1 -2
62 -1 60 -1 60 -1 60 -1 185 -1 358 -1 60 -1 164 -1 60 -1 114 -1 279 -1 97 -1 93 -1 60 -1 60 -1 -2
62 -1 60 -1 60 -1 185 -1 358 -1 164 -1 114 -1 279 -1 97 -1 93 -1 60 -1 -2
62 -1 60 -1 60 -1 185 -1 358 -1 164 -1 114 -1 279 -1 97 -1 93 -1 60 -1 -2
