62 -1 60 -1 670 -1 60 -1 60 -1 -2
62 -1 60 -1 669 -1 60 -1 60 -1 -2
62 -1 60 -1 669 -1 60 -1 60 -1 -2
62 -1 60 -1 661 -1 60 -1 60 -1 -2
62 -1 60 -1 670 -1 60 -1 60 -1 -2
62 -1 60 -1 669 -1 60 -1 60 -1 -2
62 -1 60 -1 670 -1 60 -1 60 -1 -2
62 -1 60 -1 670 -1 60 -1 60 -1 -2
62 -1 60 -1 670 -1 60 -1 60 -1 -2
62 -1 60 -1 669 -1 60 -1 60 -1 -2
62 -1 60 -1 670 -1 60 -1 60 -1 -2
62 -1 60 -1 670 -1 60 -1 60 -1 -2
62 -1 60 -1 670 -1 60 -1 60 -1 -2
62 -1 60 -1 669 -1 60 -1 60 -1 -2
62 -1 60 -1 670 -1 60 -1 60 -1 -2
62 -1 60 -1 646 -1 60 -1 60 -1 -2
62 -1 60 -1 669 -1 60 -1 60 -1 -2
62 -1 60 -1 669 -1 60 -1 60 -1 -2
62 -1 60 -1 670 -1 60 -1 60 -1 -2
62 -1 60 -1 670 -1 60 -1 60 -1 -2
62 -1 60 -1 669 -1 60 -1 60 -1 -2
62 -1 60 -1 670 -1 60 -1 60 -1 -2
62 -1 60 -1 669 -1 60 -1 60 -1 -2
62 -1 60 -1 669 -1 60 -1 60 -1 -2
62 -1 60 -1 669 -1 60 -1 60 -1 -2
62 -1 60 -1 669 -1 60 -1 60 -1 -2
62 -1 60 -1 669 -1 60 -1 60 -1 -2
62 -1 60 -1 670 -1 60 -1 60 -1 -2
62 -1 60 -1 669 -1 60 -1 60 -1 -2
62 -1 60 -1 670 -1 60 -1 60 -1 -2
62 -1 60 -1 669 -1 60 -1 60 -1 -2
62 -1 60 -1 670 -1 60 -1 60 -1 -2
62 -1 60 -1 669 -1 60 -1 60 -1 -2
62 -1 60 -1 669 -1 60 -1 60 -1 -2
62 -1 60 -1 658 -1 60 -1 60 -1 -2
62 -1 60 -1 670 -1 60 -1 60 -1 -2
62 -1 60 -1 669 -1 60 -1 60 -1 -2
62 -1 60 -1 669 -1 60 -1 60 -1 -2
62 -1 60 -1 478 -1 60 -1 60 -1 -2
62 -1 60 -1 670 -1 60 -1 60 -1 -2
62 -1 60 -1 670 -1 60 -1 60 -1 -2
62 -1 60 -1 669 -1 60 -1 60 -1 -2
62 -1 60 -1 670 -1 60 -1 60 -1 -2
62 -1 60 -1 670 -1 60 -1 60 -1 -2
62 -1 60 -1 478 -1 60 -1 60 -1 -2
62 -1 60 -1 670 -1 60 -1 60 -1 -2
62 -1 60 -1 669 -1 60 -1 60 -1 -2
62 -1 60 -1 670 -1 60 -1 60 -1 -2
62 -1 60 -1 670 -1 60 -1 60 -1 -2
62 -1 60 -1 480 -1 60 -1 60 -1 -2
62 -1 60 -1 669 -1 60 -1 60 -1 -2
62 -1 60 -1 669 -1 60 -1 60 -1 -2
62 -1 60 -1 669 -1 60 -1 60 -1 -2
62 -1 60 -1 670 -1 60 -1 60 -1 -2
62 -1 60 -1 647 -1 60 -1 60 -1 -2
62 -1 60 -1 670 -1 60 -1 60 -1 -2
62 -1 60 -1 669 -1 60 -1 60 -1 -2
62 -1 60 -1 669 -1 60 -1 60 -1 -2
62 -1 60 -1 670 -1 60 -1 60 -1 -2
62 -1 60 -1 669 -1 60 -1 60 -1 -2
62 -1 60 -1 669 -1 60 -1 60 -1 -2
62 -1 60 -1 670 -1 60 -1 60 -1 -2
62 -1 60 -1 646 -1 60 -1 60 -1 -2
62 -1 60 -1 669 -1 60 -1 60 -1 -2
62 -1 60 -1 478 -1 60 -1 60 -1 -2
62 -1 60 -1 669 -1 60 -1 60 -1 -2
62 -1 60 -1 670 -1 60 -1 60 -1 -2
62 -1 60 -1 669 -1 60 -1 60 -1 -2
62 -1 60 -1 670 -1 60 -1 60 -1 -2
62 -1 60 -1 479 -1 60 -1 60 -1 -2
62 -1 60 -1 670 -1 60 -1 60 -1 -2
62 -1 60 -1 670 -1 60 -1 60 -1 -2
62 -1 60 -1 669 -1 60 -1 60 -1 -2
62 -1 60 -1 670 -1 60 -1 60 -1 -2
62 -1 60 -1 670 -1 60 -1 60 -1 -2
