9 -1 9 -1 9 -1 9 -1 9 -1 9 -1 9 -1 9 -1 9 -1 9 -1 9 -1 9 -1 9 -1 -2
9 -1 9 -1 9 -1 -2
9 -1 9 -1 -2
9 -1 -2
9 -1 9 -1 -2
9 -1 9 -1 9 -1 9 -1 9 -1 9 -1 -2
8 -1 -2
9 -1 -2
9 -1 9 -1 9 -1 9 -1 9 -1 9 -1 9 -1 9 -1 9 -1 -2
9 -1 9 -1 9 -1 9 -1 9 -1 9 -1 9 -1 -2
9 -1 -2
8 -1 -2
9 -1 9 -1 9 -1 9 -1 9 -1 9 -1 9 -1 9 -1 -2
9 -1 9 -1 9 -1 -2
9 -1 -2
8 -1 8 -1 8 -1 -2
9 -1 -2
9 -1 9 -1 9 -1 -2
9 -1 -2
9 -1 -2
9 -1 9 -1 9 -1 -2
9 -1 -2
9 -1 -2
8 -1 9 -1 9 -1 9 -1 8 -1 8 -1 9 -1 8 -1 9 -1 6 -1 -2
9 -1 9 -1 9 -1 9 -1 9 -1 9 -1 9 -1 9 -1 9 -1 9 -1 9 -1 9 -1 9 -1 9 -1 9 -1 9 -1 9 -1 9 -1 9 -1 9 -1 9 -1 9 -1 9 -1 9 -1 9 -1 9 -1 9 -1 9 -1 9 -1 9 -1 9 -1 9 -1 9 -1 9 -1 9 -1 9 -1 9 -1 9 -1 9 -1 9 -1 9 -1 9 -1 9 -1 9 -1 9 -1 9 -1 9 -1 9 -1 9 -1 9 -1 9 -1 9 -1 9 -1 9 -1 9 -1 9 -1 9 -1 9 -1 9 -1 9 -1 9 -1 9 -1 9 -1 9 -1 9 -1 9 -1 9 -1 9 -1 9 -1 9 -1 9 -1 9 -1 9 -1 -2
9 -1 -2
9 -1 -2
9 -1 9 -1 9 -1 9 -1 6 -1 -2
8 -1 6 -1 -2
9 -1 9 -1 -2
8 -1 9 -1 9 -1 -2
9 -1 9 -1 9 -1 9 -1 9 -1 -2
9 -1 9 -1 -2
9 -1 9 -1 9 -1 -2
8 -1 9 -1 -2
9 -1 -2
9 -1 -2
8 -1 8 -1 9 -1 8 -1 8 -1 -2
9 -1 9 -1 9 -1 -2
9 -1 -2
9 -1 -2
9 -1 -2
8 -1 -2
9 -1 -2
9 -1 -2
9 -1 -2
9 -1 9 -1 9 -1 9 -1 9 -1 9 -1 9 -1 9 -1 -2
9 -1 9 -1 9 -1 9 -1 9 -1 9 -1 9 -1 9 -1 9 -1 9 -1 9 -1 9 -1 9 -1 9 -1 9 -1 9 -1 9 -1 9 -1 9 -1 9 -1 9 -1 9 -1 9 -1 9 -1 9 -1 9 -1 9 -1 9 -1 9 -1 9 -1 9 -1 9 -1 9 -1 9 -1 9 -1 9 -1 9 -1 9 -1 9 -1 9 -1 9 -1 9 -1 9 -1 9 -1 9 -1 9 -1 9 -1 9 -1 9 -1 9 -1 9 -1 9 -1 9 -1 9 -1 9 -1 9 -1 9 -1 9 -1 9 -1 9 -1 9 -1 9 -1 9 -1 9 -1 9 -1 9 -1 9 -1 9 -1 9 -1 9 -1 9 -1 9 -1 9 -1 9 -1 9 -1 9 -1 9 -1 9 -1 9 -1 9 -1 9 -1 9 -1 9 -1 9 -1 9 -1 9 -1 9 -1 9 -1 9 -1 9 -1 9 -1 9 -1 9 -1 9 -1 9 -1 9 -1 9 -1 9 -1 9 -1 9 -1 9 -1 9 -1 9 -1 9 -1 9 -1 9 -1 9 -1 9 -1 9 -1 9 -1 9 -1 9 -1 9 -1 9 -1 9 -1 9 -1 9 -1 9 -1 9 -1 9 -1 9 -1 9 -1 9 -1 9 -1 9 -1 9 -1 9 -1 9 -1 9 -1 9 -1 9 -1 9 -1 9 -1 9 -1 9 -1 9 -1 9 -1 9 -1 9 -1 9 -1 9 -1 -2
9 -1 9 -1 9 -1 9 -1 9 -1 -2
9 -1 -2
9 -1 9 -1 9 -1 9 -1 -2
8 -1 8 -1 -2
9 -1 9 -1 9 -1 9 -1 2 -1 9 -1 9 -1 9 -1 9 -1 9 -1 9 -1 9 -1 9 -1 9 -1 9 -1 9 -1 9 -1 9 -1 9 -1 9 -1 -2
