62 -1 60 -1 181 -1 60 -1 60 -1 60 -1 60 -1 157 -1 60 -1 60 -1 60 -1 157 -1 60 -1 60 -1 60 -1 157 -1 60 -1 60 -1 60 -1 157 -1 60 -1 60 -1 157 -1 60 -1 157 -1 60 -1 60 -1 157 -1 60 -1 157 -1 60 -1 60 -1 157 -1 60 -1 60 -1 60 -1 157 -1 60 -1 60 -1 60 -1 60 -1 157 -1 60 -1 60 -1 60 -1 157 -1 60 -1 60 -1 60 -1 157 -1 60 -1 60 -1 157 -1 60 -1 60 -1 60 -1 157 -1 60 -1 60 -1 60 -1 157 -1 60 -1 60 -1 60 -1 157 -1 60 -1 157 -1 60 -1 60 -1 60 -1 157 -1 60 -1 60 -1 60 -1 -2
62 -1 60 -1 140 -1 60 -1 60 -1 60 -1 -2
62 -1 60 -1 121 -1 60 -1 60 -1 -2
62 -1 60 -1 148 -1 60 -1 60 -1 118 -1 60 -1 60 -1 60 -1 60 -1 60 -1 60 -1 60 -1 60 -1 60 -1 60 -1 60 -1 60 -1 60 -1 60 -1 60 -1 60 -1 60 -1 60 -1 60 -1 60 -1 60 -1 60 -1 60 -1 60 -1 60 -1 60 -1 60 -1 60 -1 60 -1 60 -1 60 -1 60 -1 60 -1 60 -1 60 -1 60 -1 60 -1 60 -1 -2
62 -1 60 -1 151 -1 60 -1 60 -1 124 -1 60 -1 60 -1 -2
62 -1 60 -1 127 -1 60 -1 60 -1 60 -1 -2
62 -1 60 -1 121 -1 60 -1 60 -1 60 -1 60 -1 60 -1 60 -1 60 -1 122 -1 123 -1 122 -1 121 -1 60 -1 126 -1 60 -1 60 -1 60 -1 60 -1 126 -1 60 -1 60 -1 60 -1 60 -1 -2
62 -1 60 -1 151 -1 130 -1 60 -1 60 -1 -2
62 -1 60 -1 120 -1 60 -1 60 -1 -2
62 -1 60 -1 151 -1 60 -1 121 -1 60 -1 130 -1 60 -1 124 -1 60 -1 127 -1 60 -1 60 -1 122 -1 60 -1 126 -1 60 -1 60 -1 60 -1 -2
62 -1 60 -1 152 -1 60 -1 60 -1 60 -1 60 -1 122 -1 60 -1 60 -1 -2
62 -1 60 -1 139 -1 60 -1 60 -1 60 -1 60 -1 122 -1 60 -1 60 -1 -2
60 -1 60 -1 60 -1 60 -1 60 -1 95 -1 60 -1 60 -1 60 -1 60 -1 60 -1 60 -1 60 -1 60 -1 60 -1 60 -1 60 -1 60 -1 60 -1 60 -1 60 -1 60 -1 60 -1 60 -1 60 -1 60 -1 60 -1 60 -1 60 -1 60 -1 60 -1 60 -1 60 -1 60 -1 60 -1 60 -1 60 -1 60 -1 60 -1 60 -1 60 -1 60 -1 60 -1 103 -1 60 -1 60 -1 60 -1 60 -1 60 -1 60 -1 -2
60 -1 60 -1 60 -1 60 -1 60 -1 60 -1 60 -1 60 -1 60 -1 60 -1 60 -1 60 -1 60 -1 60 -1 60 -1 60 -1 60 -1 60 -1 60 -1 60 -1 60 -1 60 -1 60 -1 60 -1 60 -1 60 -1 60 -1 60 -1 60 -1 60 -1 60 -1 60 -1 60 -1 60 -1 60 -1 60 -1 60 -1 115 -1 60 -1 60 -1 60 -1 60 -1 60 -1 -2
62 -1 60 -1 148 -1 60 -1 118 -1 60 -1 60 -1 60 -1 60 -1 60 -1 60 -1 60 -1 60 -1 60 -1 60 -1 60 -1 60 -1 60 -1 60 -1 60 -1 60 -1 60 -1 60 -1 60 -1 60 -1 60 -1 60 -1 60 -1 60 -1 60 -1 60 -1 60 -1 60 -1 60 -1 60 -1 60 -1 60 -1 60 -1 60 -1 60 -1 60 -1 60 -1 60 -1 60 -1 -2
62 -1 60 -1 156 -1 60 -1 240 -1 270 -1 60 -1 -2
62 -1 60 -1 144 -1 124 -1 60 -1 60 -1 60 -1 118 -1 60 -1 112 -1 112 -1 112 -1 112 -1 112 -1 112 -1 112 -1 112 -1 112 -1 112 -1 112 -1 112 -1 112 -1 60 -1 60 -1 -2
62 -1 60 -1 195 -1 60 -1 60 -1 60 -1 60 -1 60 -1 -2
62 -1 60 -1 120 -1 124 -1 60 -1 60 -1 60 -1 118 -1 60 -1 112 -1 112 -1 112 -1 112 -1 112 -1 112 -1 112 -1 60 -1 112 -1 112 -1 112 -1 60 -1 112 -1 60 -1 112 -1 112 -1 60 -1 120 -1 124 -1 60 -1 60 -1 60 -1 127 -1 60 -1 60 -1 60 -1 118 -1 60 -1 112 -1 60 -1 112 -1 124 -1 60 -1 112 -1 60 -1 112 -1 60 -1 112 -1 60 -1 112 -1 112 -1 112 -1 60 -1 112 -1 60 -1 112 -1 60 -1 112 -1 60 -1 112 -1 60 -1 -2
62 -1 60 -1 141 -1 60 -1 60 -1 60 -1 60 -1 60 -1 60 -1 60 -1 60 -1 60 -1 60 -1 60 -1 60 -1 60 -1 60 -1 60 -1 60 -1 -2
62 -1 60 -1 149 -1 111 -1 60 -1 60 -1 60 -1 60 -1 60 -1 60 -1 60 -1 60 -1 60 -1 60 -1 60 -1 60 -1 60 -1 60 -1 60 -1 136 -1 111 -1 60 -1 60 -1 60 -1 60 -1 60 -1 60 -1 60 -1 60 -1 60 -1 60 -1 60 -1 60 -1 60 -1 60 -1 60 -1 101 -1 111 -1 60 -1 60 -1 60 -1 60 -1 60 -1 60 -1 60 -1 60 -1 60 -1 60 -1 60 -1 60 -1 60 -1 60 -1 60 -1 135 -1 111 -1 60 -1 60 -1 60 -1 60 -1 60 -1 60 -1 60 -1 60 -1 60 -1 60 -1 60 -1 60 -1 60 -1 60 -1 60 -1 143 -1 111 -1 136 -1 60 -1 60 -1 60 -1 60 -1 60 -1 60 -1 60 -1 60 -1 60 -1 60 -1 60 -1 60 -1 60 -1 60 -1 60 -1 60 -1 111 -1 60 -1 60 -1 60 -1 60 -1 60 -1 60 -1 60 -1 143 -1 60 -1 60 -1 60 -1 60 -1 60 -1 60 -1 60 -1 111 -1 60 -1 60 -1 60 -1 60 -1 60 -1 60 -1 60 -1 60 -1 60 -1 60 -1 60 -1 60 -1 60 -1 60 -1 60 -1 141 -1 111 -1 60 -1 60 -1 60 -1 60 -1 60 -1 60 -1 60 -1 60 -1 60 -1 60 -1 60 -1 60 -1 60 -1 60 -1 60 -1 60 -1 143 -1 111 -1 60 -1 60 -1 60 -1 60 -1 60 -1 60 -1 60 -1 60 -1 60 -1 60 -1 60 -1 60 -1 60 -1 60 -1 60 -1 141 -1 60 -1 -2
62 -1 60 -1 117 -1 60 -1 60 -1 60 -1 60 -1 60 -1 60 -1 60 -1 60 -1 60 -1 60 -1 60 -1 60 -1 60 -1 60 -1 60 -1 60 -1 -2
62 -1 60 -1 124 -1 60 -1 60 -1 60 -1 60 -1 60 -1 107 -1 60 -1 60 -1 60 -1 60 -1 60 -1 116 -1 122 -1 60 -1 60 -1 60 -1 60 -1 122 -1 60 -1 60 -1 -2
62 -1 60 -1 137 -1 60 -1 113 -1 60 -1 113 -1 113 -1 113 -1 60 -1 113 -1 113 -1 113 -1 60 -1 113 -1 60 -1 113 -1 113 -1 113 -1 113 -1 60 -1 113 -1 113 -1 113 -1 113 -1 113 -1 113 -1 113 -1 113 -1 113 -1 113 -1 113 -1 113 -1 113 -1 60 -1 -2
62 -1 60 -1 123 -1 60 -1 60 -1 60 -1 66 -1 60 -1 60 -1 -2
60 -1 60 -1 60 -1 60 -1 60 -1 60 -1 -2
62 -1 60 -1 142 -1 60 -1 60 -1 120 -1 60 -1 60 -1 60 -1 60 -1 60 -1 60 -1 60 -1 60 -1 60 -1 -2
62 -1 60 -1 151 -1 130 -1 60 -1 60 -1 -2
62 -1 60 -1 152 -1 60 -1 60 -1 -2
62 -1 60 -1 120 -1 111 -1 60 -1 60 -1 60 -1 60 -1 60 -1 60 -1 60 -1 112 -1 112 -1 112 -1 112 -1 112 -1 112 -1 112 -1 112 -1 112 -1 112 -1 112 -1 112 -1 112 -1 60 -1 60 -1 -2
62 -1 60 -1 109 -1 116 -1 60 -1 109 -1 116 -1 60 -1 60 -1 -2
62 -1 60 -1 104 -1 60 -1 60 -1 60 -1 60 -1 122 -1 60 -1 113 -1 60 -1 60 -1 60 -1 60 -1 122 -1 60 -1 117 -1 60 -1 60 -1 60 -1 60 -1 122 -1 60 -1 60 -1 -2
62 -1 60 -1 120 -1 124 -1 60 -1 60 -1 60 -1 118 -1 60 -1 112 -1 112 -1 112 -1 112 -1 112 -1 112 -1 112 -1 112 -1 60 -1 112 -1 112 -1 112 -1 112 -1 112 -1 60 -1 60 -1 -2
62 -1 60 -1 127 -1 60 -1 60 -1 124 -1 60 -1 60 -1 -2
62 -1 60 -1 142 -1 60 -1 118 -1 60 -1 60 -1 118 -1 60 -1 60 -1 -2
62 -1 60 -1 142 -1 147 -1 60 -1 60 -1 60 -1 60 -1 60 -1 60 -1 60 -1 60 -1 60 -1 -2
