212 -1 212 -1 212 -1 212 -1 212 -1 62 -1 212 -1 212 -1 212 -1 212 -1 212 -1 212 -1 212 -1 212 -1 212 -1 212 -1 212 -1 212 -1 212 -1 -2
212 -1 212 -1 212 -1 212 -1 212 -1 212 -1 212 -1 62 -1 62 -1 212 -1 212 -1 212 -1 212 -1 212 -1 212 -1 212 -1 -2
212 -1 212 -1 212 -1 212 -1 212 -1 212 -1 212 -1 212 -1 212 -1 62 -1 212 -1 212 -1 212 -1 212 -1 212 -1 212 -1 -2
212 -1 212 -1 212 -1 212 -1 212 -1 212 -1 212 -1 212 -1 212 -1 62 -1 212 -1 212 -1 212 -1 212 -1 212 -1 -2
212 -1 212 -1 212 -1 212 -1 212 -1 212 -1 212 -1 212 -1 212 -1 212 -1 212 -1 212 -1 212 -1 212 -1 212 -1 212 -1 212 -1 212 -1 212 -1 62 -1 212 -1 212 -1 -2
212 -1 212 -1 212 -1 212 -1 212 -1 212 -1 212 -1 212 -1 212 -1 212 -1 212 -1 212 -1 212 -1 212 -1 212 -1 212 -1 212 -1 212 -1 212 -1 212 -1 62 -1 212 -1 212 -1 212 -1 212 -1 -2
212 -1 212 -1 212 -1 212 -1 212 -1 212 -1 212 -1 212 -1 212 -1 212 -1 212 -1 212 -1 212 -1 212 -1 212 -1 212 -1 212 -1 212 -1 212 -1 62 -1 212 -1 212 -1 212 -1 212 -1 -2
212 -1 62 -1 212 -1 212 -1 212 -1 212 -1 212 -1 212 -1 212 -1 212 -1 212 -1 212 -1 212 -1 212 -1 212 -1 212 -1 212 -1 212 -1 212 -1 212 -1 212 -1 62 -1 62 -1 -2
62 -1 62 -1 212 -1 212 -1 212 -1 212 -1 212 -1 212 -1 212 -1 212 -1 212 -1 212 -1 212 -1 212 -1 212 -1 212 -1 212 -1 212 -1 212 -1 212 -1 212 -1 212 -1 -2
212 -1 212 -1 212 -1 212 -1 212 -1 212 -1 212 -1 212 -1 212 -1 212 -1 212 -1 212 -1 212 -1 212 -1 212 -1 212 -1 212 -1 62 -1 212 -1 212 -1 212 -1 212 -1 212 -1 212 -1 212 -1 -2
212 -1 212 -1 212 -1 212 -1 212 -1 212 -1 212 -1 212 -1 212 -1 212 -1 212 -1 212 -1 212 -1 212 -1 212 -1 212 -1 212 -1 212 -1 212 -1 212 -1 62 -1 136 -1 212 -1 212 -1 212 -1 212 -1 212 -1 212 -1 212 -1 212 -1 212 -1 212 -1 212 -1 212 -1 212 -1 212 -1 212 -1 212 -1 212 -1 212 -1 212 -1 212 -1 212 -1 212 -1 212 -1 212 -1 212 -1 212 -1 212 -1 212 -1 212 -1 212 -1 212 -1 212 -1 212 -1 -2
212 -1 212 -1 212 -1 212 -1 212 -1 212 -1 212 -1 212 -1 212 -1 212 -1 62 -1 212 -1 212 -1 212 -1 212 -1 212 -1 212 -1 212 -1 62 -1 212 -1 212 -1 212 -1 212 -1 212 -1 212 -1 212 -1 212 -1 212 -1 212 -1 212 -1 212 -1 212 -1 212 -1 212 -1 212 -1 212 -1 212 -1 212 -1 212 -1 212 -1 212 -1 212 -1 212 -1 212 -1 212 -1 212 -1 212 -1 212 -1 212 -1 212 -1 212 -1 212 -1 212 -1 212 -1 212 -1 212 -1 212 -1 212 -1 212 -1 212 -1 212 -1 212 -1 212 -1 212 -1 212 -1 212 -1 212 -1 212 -1 212 -1 212 -1 212 -1 212 -1 212 -1 212 -1 212 -1 212 -1 212 -1 212 -1 212 -1 212 -1 212 -1 212 -1 212 -1 212 -1 212 -1 212 -1 212 -1 212 -1 212 -1 212 -1 212 -1 212 -1 212 -1 212 -1 212 -1 212 -1 212 -1 212 -1 212 -1 212 -1 212 -1 212 -1 212 -1 212 -1 212 -1 212 -1 212 -1 212 -1 -2
212 -1 212 -1 212 -1 212 -1 212 -1 212 -1 212 -1 212 -1 212 -1 62 -1 212 -1 212 -1 212 -1 212 -1 212 -1 212 -1 212 -1 212 -1 212 -1 212 -1 212 -1 212 -1 212 -1 212 -1 212 -1 212 -1 212 -1 212 -1 212 -1 212 -1 212 -1 212 -1 212 -1 212 -1 212 -1 -2
212 -1 212 -1 212 -1 212 -1 212 -1 212 -1 212 -1 212 -1 212 -1 212 -1 212 -1 62 -1 212 -1 212 -1 212 -1 212 -1 212 -1 212 -1 212 -1 212 -1 212 -1 212 -1 212 -1 212 -1 212 -1 212 -1 212 -1 212 -1 -2
212 -1 212 -1 212 -1 212 -1 212 -1 212 -1 212 -1 62 -1 212 -1 212 -1 212 -1 212 -1 -2
212 -1 212 -1 212 -1 212 -1 212 -1 212 -1 212 -1 212 -1 212 -1 62 -1 212 -1 212 -1 212 -1 212 -1 -2
212 -1 212 -1 212 -1 212 -1 212 -1 212 -1 212 -1 212 -1 212 -1 62 -1 62 -1 212 -1 62 -1 212 -1 212 -1 212 -1 212 -1 212 -1 212 -1 -2
212 -1 212 -1 212 -1 212 -1 212 -1 212 -1 212 -1 212 -1 212 -1 212 -1 62 -1 212 -1 -2
212 -1 212 -1 212 -1 212 -1 212 -1 212 -1 212 -1 212 -1 212 -1 212 -1 212 -1 62 -1 212 -1 62 -1 62 -1 212 -1 -2
212 -1 212 -1 212 -1 212 -1 212 -1 212 -1 212 -1 62 -1 62 -1 212 -1 212 -1 212 -1 212 -1 212 -1 212 -1 212 -1 212 -1 -2
212 -1 212 -1 212 -1 212 -1 62 -1 62 -1 212 -1 212 -1 212 -1 212 -1 212 -1 212 -1 212 -1 212 -1 212 -1 212 -1 212 -1 -2
212 -1 212 -1 212 -1 212 -1 62 -1 212 -1 212 -1 212 -1 212 -1 212 -1 212 -1 212 -1 212 -1 212 -1 -2
212 -1 212 -1 212 -1 212 -1 212 -1 62 -1 212 -1 212 -1 212 -1 212 -1 212 -1 212 -1 212 -1 -2
212 -1 212 -1 212 -1 212 -1 212 -1 212 -1 212 -1 212 -1 62 -1 212 -1 212 -1 212 -1 212 -1 212 -1 212 -1 212 -1 212 -1 212 -1 212 -1 212 -1 212 -1 212 -1 212 -1 212 -1 212 -1 212 -1 212 -1 -2
212 -1 212 -1 212 -1 212 -1 212 -1 212 -1 212 -1 212 -1 212 -1 212 -1 212 -1 212 -1 212 -1 62 -1 212 -1 212 -1 -2
212 -1 62 -1 62 -1 212 -1 212 -1 212 -1 212 -1 212 -1 212 -1 212 -1 212 -1 212 -1 212 -1 212 -1 62 -1 212 -1 212 -1 212 -1 212 -1 212 -1 212 -1 -2
212 -1 212 -1 212 -1 212 -1 212 -1 212 -1 212 -1 212 -1 212 -1 212 -1 212 -1 212 -1 212 -1 212 -1 212 -1 212 -1 212 -1 212 -1 212 -1 212 -1 -2
212 -1 212 -1 212 -1 212 -1 212 -1 212 -1 212 -1 212 -1 212 -1 212 -1 212 -1 212 -1 212 -1 212 -1 212 -1 212 -1 212 -1 212 -1 212 -1 62 -1 212 -1 212 -1 212 -1 212 -1 62 -1 62 -1 212 -1 212 -1 212 -1 212 -1 212 -1 212 -1 212 -1 -2
212 -1 212 -1 212 -1 212 -1 212 -1 212 -1 212 -1 212 -1 212 -1 212 -1 212 -1 212 -1 212 -1 212 -1 212 -1 212 -1 212 -1 212 -1 212 -1 212 -1 212 -1 212 -1 212 -1 212 -1 212 -1 212 -1 212 -1 212 -1 208 -1 62 -1 212 -1 212 -1 212 -1 212 -1 212 -1 212 -1 212 -1 212 -1 212 -1 212 -1 212 -1 212 -1 212 -1 212 -1 212 -1 -2
212 -1 62 -1 212 -1 212 -1 212 -1 212 -1 212 -1 212 -1 212 -1 212 -1 212 -1 212 -1 212 -1 212 -1 212 -1 212 -1 212 -1 212 -1 212 -1 212 -1 212 -1 212 -1 212 -1 212 -1 212 -1 212 -1 212 -1 212 -1 212 -1 212 -1 212 -1 212 -1 212 -1 212 -1 212 -1 212 -1 212 -1 212 -1 212 -1 62 -1 212 -1 212 -1 212 -1 212 -1 212 -1 212 -1 212 -1 212 -1 -2
212 -1 212 -1 212 -1 212 -1 212 -1 212 -1 212 -1 212 -1 212 -1 212 -1 212 -1 212 -1 212 -1 212 -1 212 -1 212 -1 212 -1 212 -1 212 -1 212 -1 212 -1 212 -1 212 -1 212 -1 212 -1 212 -1 212 -1 212 -1 212 -1 212 -1 212 -1 212 -1 212 -1 212 -1 212 -1 212 -1 212 -1 212 -1 212 -1 212 -1 212 -1 212 -1 212 -1 212 -1 -2
212 -1 212 -1 212 -1 212 -1 212 -1 212 -1 212 -1 212 -1 212 -1 212 -1 212 -1 212 -1 212 -1 212 -1 212 -1 212 -1 212 -1 212 -1 212 -1 212 -1 212 -1 212 -1 212 -1 212 -1 212 -1 212 -1 212 -1 212 -1 212 -1 212 -1 212 -1 212 -1 212 -1 212 -1 212 -1 212 -1 212 -1 212 -1 212 -1 212 -1 212 -1 62 -1 212 -1 212 -1 212 -1 212 -1 212 -1 -2
212 -1 212 -1 212 -1 212 -1 212 -1 212 -1 212 -1 212 -1 212 -1 212 -1 212 -1 212 -1 212 -1 212 -1 212 -1 212 -1 212 -1 212 -1 212 -1 212 -1 212 -1 212 -1 212 -1 212 -1 212 -1 212 -1 212 -1 212 -1 212 -1 212 -1 212 -1 212 -1 212 -1 212 -1 212 -1 212 -1 212 -1 212 -1 212 -1 212 -1 212 -1 212 -1 212 -1 212 -1 62 -1 212 -1 212 -1 -2
212 -1 212 -1 212 -1 212 -1 212 -1 212 -1 212 -1 212 -1 212 -1 212 -1 212 -1 212 -1 212 -1 62 -1 212 -1 212 -1 212 -1 -2
212 -1 212 -1 212 -1 212 -1 212 -1 212 -1 212 -1 212 -1 212 -1 212 -1 212 -1 212 -1 212 -1 212 -1 212 -1 212 -1 62 -1 212 -1 62 -1 212 -1 212 -1 62 -1 212 -1 62 -1 212 -1 -2
212 -1 212 -1 212 -1 212 -1 212 -1 212 -1 212 -1 212 -1 212 -1 212 -1 62 -1 212 -1 212 -1 212 -1 212 -1 212 -1 212 -1 212 -1 212 -1 -2
212 -1 212 -1 212 -1 212 -1 212 -1 212 -1 212 -1 212 -1 212 -1 212 -1 212 -1 62 -1 212 -1 212 -1 212 -1 212 -1 212 -1 212 -1 212 -1 212 -1 -2
212 -1 212 -1 212 -1 212 -1 212 -1 212 -1 212 -1 212 -1 62 -1 212 -1 212 -1 212 -1 212 -1 212 -1 -2
212 -1 212 -1 212 -1 212 -1 212 -1 212 -1 212 -1 212 -1 212 -1 212 -1 62 -1 212 -1 212 -1 212 -1 -2
212 -1 212 -1 212 -1 212 -1 212 -1 212 -1 212 -1 62 -1 212 -1 212 -1 212 -1 212 -1 212 -1 212 -1 212 -1 212 -1 212 -1 212 -1 212 -1 -2
212 -1 212 -1 212 -1 212 -1 212 -1 212 -1 212 -1 212 -1 212 -1 212 -1 212 -1 62 -1 212 -1 62 -1 212 -1 212 -1 212 -1 212 -1 212 -1 -2
212 -1 212 -1 212 -1 212 -1 212 -1 212 -1 212 -1 212 -1 212 -1 212 -1 62 -1 212 -1 212 -1 212 -1 212 -1 212 -1 212 -1 212 -1 -2
212 -1 212 -1 212 -1 212 -1 212 -1 212 -1 212 -1 212 -1 212 -1 212 -1 212 -1 62 -1 212 -1 212 -1 212 -1 -2
212 -1 212 -1 212 -1 212 -1 212 -1 62 -1 62 -1 212 -1 212 -1 212 -1 212 -1 212 -1 212 -1 62 -1 62 -1 212 -1 212 -1 -2
212 -1 212 -1 212 -1 212 -1 212 -1 212 -1 212 -1 212 -1 212 -1 212 -1 212 -1 212 -1 212 -1 212 -1 212 -1 212 -1 62 -1 212 -1 212 -1 212 -1 212 -1 212 -1 212 -1 212 -1 212 -1 212 -1 212 -1 212 -1 212 -1 212 -1 212 -1 212 -1 212 -1 212 -1 212 -1 212 -1 212 -1 212 -1 212 -1 212 -1 212 -1 212 -1 212 -1 212 -1 212 -1 -2
212 -1 212 -1 212 -1 212 -1 212 -1 212 -1 62 -1 62 -1 212 -1 212 -1 212 -1 212 -1 212 -1 212 -1 212 -1 -2
62 -1 62 -1 212 -1 212 -1 212 -1 212 -1 212 -1 212 -1 212 -1 212 -1 212 -1 212 -1 212 -1 212 -1 212 -1 212 -1 212 -1 -2
62 -1 62 -1 212 -1 212 -1 212 -1 212 -1 212 -1 212 -1 212 -1 212 -1 212 -1 212 -1 212 -1 212 -1 -2
212 -1 212 -1 203 -1 62 -1 212 -1 212 -1 212 -1 212 -1 212 -1 212 -1 212 -1 212 -1 212 -1 -2
212 -1 212 -1 212 -1 212 -1 212 -1 212 -1 212 -1 212 -1 212 -1 212 -1 212 -1 212 -1 212 -1 212 -1 212 -1 212 -1 212 -1 212 -1 212 -1 212 -1 212 -1 212 -1 212 -1 212 -1 212 -1 212 -1 212 -1 212 -1 212 -1 212 -1 212 -1 212 -1 212 -1 212 -1 212 -1 212 -1 212 -1 212 -1 212 -1 212 -1 212 -1 212 -1 212 -1 212 -1 212 -1 212 -1 212 -1 212 -1 212 -1 212 -1 212 -1 212 -1 212 -1 212 -1 212 -1 212 -1 212 -1 212 -1 212 -1 212 -1 212 -1 212 -1 212 -1 212 -1 212 -1 212 -1 212 -1 62 -1 212 -1 212 -1 212 -1 212 -1 212 -1 212 -1 212 -1 -2
62 -1 212 -1 212 -1 212 -1 212 -1 212 -1 212 -1 212 -1 212 -1 212 -1 212 -1 212 -1 212 -1 212 -1 212 -1 212 -1 212 -1 212 -1 212 -1 -2
212 -1 212 -1 212 -1 212 -1 212 -1 212 -1 212 -1 212 -1 212 -1 212 -1 212 -1 212 -1 212 -1 212 -1 212 -1 212 -1 62 -1 212 -1 212 -1 212 -1 212 -1 212 -1 212 -1 -2
212 -1 212 -1 212 -1 212 -1 212 -1 212 -1 62 -1 212 -1 212 -1 212 -1 212 -1 212 -1 212 -1 212 -1 212 -1 212 -1 212 -1 212 -1 212 -1 -2
212 -1 212 -1 212 -1 212 -1 212 -1 212 -1 212 -1 212 -1 62 -1 62 -1 212 -1 212 -1 212 -1 212 -1 212 -1 212 -1 -2
212 -1 212 -1 212 -1 212 -1 212 -1 212 -1 212 -1 212 -1 212 -1 62 -1 62 -1 212 -1 212 -1 212 -1 212 -1 212 -1 212 -1 212 -1 212 -1 -2
212 -1 212 -1 212 -1 212 -1 212 -1 212 -1 212 -1 212 -1 212 -1 212 -1 212 -1 212 -1 212 -1 212 -1 62 -1 212 -1 212 -1 -2
212 -1 212 -1 212 -1 212 -1 212 -1 212 -1 62 -1 62 -1 212 -1 212 -1 212 -1 62 -1 62 -1 212 -1 212 -1 212 -1 -2
212 -1 212 -1 212 -1 212 -1 212 -1 212 -1 212 -1 212 -1 212 -1 212 -1 212 -1 212 -1 212 -1 212 -1 212 -1 209 -1 62 -1 212 -1 62 -1 212 -1 212 -1 212 -1 212 -1 -2
212 -1 212 -1 212 -1 212 -1 212 -1 212 -1 212 -1 212 -1 212 -1 212 -1 212 -1 212 -1 212 -1 212 -1 62 -1 212 -1 212 -1 212 -1 212 -1 212 -1 212 -1 212 -1 212 -1 212 -1 212 -1 212 -1 212 -1 212 -1 212 -1 212 -1 62 -1 212 -1 -2
62 -1 212 -1 212 -1 212 -1 212 -1 212 -1 212 -1 212 -1 212 -1 212 -1 212 -1 212 -1 212 -1 212 -1 212 -1 212 -1 212 -1 212 -1 212 -1 212 -1 212 -1 -2
212 -1 212 -1 212 -1 212 -1 212 -1 212 -1 212 -1 62 -1 212 -1 212 -1 212 -1 212 -1 212 -1 212 -1 212 -1 212 -1 212 -1 -2
212 -1 212 -1 212 -1 62 -1 62 -1 212 -1 212 -1 212 -1 212 -1 212 -1 212 -1 212 -1 212 -1 212 -1 212 -1 -2
