13 -1 13 -1 13 -1 13 -1  #SUP: 1
13 -1 13 -1 13 -1  #SUP: 1
13 -1 13 -1 13 -1 13 -1 13 -1  #SUP: 1
13 -1 13 -1  #SUP: 1
72 -1 36 -1 36 -1 72 -1 72 -1 72 -1 36 -1 36 -1 36 -1 72 -1  #SUP: 4
36 -1 72 -1 36 -1 36 -1 72 -1 72 -1 72 -1  #SUP: 4
72 -1 36 -1 72 -1 36 -1 72 -1 36 -1 36 -1 36 -1 72 -1 72 -1  #SUP: 4
36 -1 72 -1 36 -1 36 -1 36 -1 36 -1 72 -1 36 -1 36 -1 72 -1  #SUP: 4
36 -1 72 -1 72 -1 36 -1 36 -1 72 -1 36 -1 72 -1  #SUP: 4
72 -1 72 -1 36 -1 72 -1 72 -1 72 -1 72 -1 36 -1 36 -1 72 -1  #SUP: 1
72 -1 36 -1 72 -1 72 -1 36 -1 36 -1 36 -1 124 -1  #SUP: 1
36 -1 36 -1 36 -1 36 -1 72 -1 72 -1 36 -1 124 -1  #SUP: 1
72 -1 72 -1 72 -1 72 -1 72 -1 72 -1 36 -1 72 -1 72 -1 124 -1  #SUP: 1
36 -1 72 -1 72 -1 36 -1 72 -1 72 -1 72 -1 36 -1 124 -1  #SUP: 1
