212 -1 212 -1 212 -1 212 -1 212 -1 212 -1 212 -1 212 -1 212 -1 212 -1 212 -1 212 -1 212 -1 212 -1 212 -1 212 -1 212 -1 212 -1 212 -1 212 -1 212 -1 212 -1 212 -1 212 -1 212 -1 212 -1 62 -1 212 -1 212 -1 212 -1 212 -1 212 -1 212 -1 212 -1 212 -1 212 -1 212 -1 212 -1 212 -1 212 -1 212 -1 212 -1 -2
212 -1 212 -1 212 -1 212 -1 212 -1 212 -1 212 -1 212 -1 212 -1 212 -1 212 -1 212 -1 212 -1 212 -1 212 -1 212 -1 212 -1 212 -1 212 -1 212 -1 212 -1 212 -1 212 -1 212 -1 212 -1 212 -1 212 -1 212 -1 212 -1 212 -1 212 -1 212 -1 212 -1 212 -1 212 -1 212 -1 212 -1 212 -1 212 -1 212 -1 212 -1 212 -1 212 -1 212 -1 212 -1 212 -1 212 -1 212 -1 212 -1 212 -1 212 -1 212 -1 212 -1 212 -1 212 -1 212 -1 212 -1 212 -1 212 -1 212 -1 212 -1 212 -1 212 -1 212 -1 212 -1 212 -1 212 -1 212 -1 212 -1 212 -1 212 -1 212 -1 212 -1 212 -1 212 -1 212 -1 212 -1 212 -1 212 -1 212 -1 212 -1 212 -1 212 -1 212 -1 212 -1 212 -1 212 -1 212 -1 212 -1 212 -1 212 -1 212 -1 212 -1 212 -1 109 -1 62 -1 662 -1 662 -1 662 -1 662 -1 662 -1 662 -1 662 -1 662 -1 62 -1 662 -1 662 -1 662 -1 662 -1 662 -1 212 -1 212 -1 212 -1 212 -1 212 -1 -2
212 -1 212 -1 212 -1 212 -1 212 -1 212 -1 212 -1 212 -1 212 -1 212 -1 212 -1 212 -1 212 -1 212 -1 212 -1 212 -1 212 -1 212 -1 212 -1 212 -1 212 -1 62 -1 62 -1 212 -1 212 -1 212 -1 -2
212 -1 62 -1 212 -1 212 -1 212 -1 212 -1 212 -1 212 -1 212 -1 212 -1 212 -1 212 -1 212 -1 212 -1 212 -1 212 -1 212 -1 212 -1 212 -1 212 -1 212 -1 212 -1 212 -1 212 -1 -2
212 -1 212 -1 212 -1 212 -1 212 -1 212 -1 212 -1 212 -1 212 -1 212 -1 212 -1 212 -1 212 -1 212 -1 212 -1 212 -1 212 -1 212 -1 212 -1 212 -1 212 -1 62 -1 212 -1 212 -1 212 -1 212 -1 212 -1 212 -1 212 -1 212 -1 212 -1 212 -1 212 -1 -2
212 -1 212 -1 212 -1 212 -1 212 -1 62 -1 212 -1 212 -1 212 -1 212 -1 212 -1 212 -1 212 -1 212 -1 212 -1 212 -1 212 -1 212 -1 212 -1 212 -1 212 -1 212 -1 212 -1 212 -1 212 -1 212 -1 212 -1 212 -1 212 -1 -2
212 -1 62 -1 212 -1 212 -1 212 -1 212 -1 212 -1 212 -1 212 -1 212 -1 212 -1 212 -1 212 -1 212 -1 212 -1 212 -1 212 -1 62 -1 212 -1 212 -1 212 -1 212 -1 212 -1 62 -1 138 -1 -2
62 -1 62 -1 62 -1 212 -1 212 -1 212 -1 212 -1 212 -1 212 -1 212 -1 212 -1 212 -1 212 -1 212 -1 62 -1 212 -1 212 -1 212 -1 212 -1 212 -1 212 -1 212 -1 212 -1 212 -1 212 -1 212 -1 212 -1 212 -1 212 -1 212 -1 212 -1 62 -1 212 -1 212 -1 212 -1 212 -1 212 -1 212 -1 -2
212 -1 212 -1 212 -1 212 -1 212 -1 212 -1 212 -1 212 -1 212 -1 212 -1 212 -1 212 -1 62 -1 212 -1 212 -1 212 -1 212 -1 212 -1 212 -1 212 -1 212 -1 212 -1 212 -1 212 -1 -2
212 -1 212 -1 212 -1 212 -1 212 -1 212 -1 212 -1 212 -1 212 -1 212 -1 212 -1 212 -1 212 -1 212 -1 212 -1 212 -1 212 -1 212 -1 212 -1 212 -1 212 -1 212 -1 212 -1 212 -1 212 -1 212 -1 212 -1 212 -1 212 -1 212 -1 212 -1 212 -1 212 -1 212 -1 212 -1 212 -1 212 -1 212 -1 212 -1 212 -1 212 -1 212 -1 212 -1 212 -1 212 -1 212 -1 212 -1 212 -1 212 -1 212 -1 212 -1 212 -1 212 -1 212 -1 212 -1 212 -1 212 -1 212 -1 212 -1 212 -1 212 -1 212 -1 212 -1 212 -1 212 -1 212 -1 212 -1 212 -1 212 -1 212 -1 212 -1 212 -1 212 -1 212 -1 212 -1 212 -1 212 -1 212 -1 212 -1 212 -1 212 -1 212 -1 212 -1 212 -1 212 -1 212 -1 212 -1 212 -1 212 -1 62 -1 62 -1 62 -1 212 -1 212 -1 212 -1 212 -1 212 -1 212 -1 212 -1 212 -1 212 -1 212 -1 212 -1 212 -1 212 -1 212 -1 212 -1 212 -1 212 -1 212 -1 212 -1 212 -1 212 -1 212 -1 212 -1 212 -1 212 -1 212 -1 212 -1 212 -1 212 -1 212 -1 212 -1 212 -1 212 -1 212 -1 212 -1 212 -1 212 -1 212 -1 212 -1 212 -1 212 -1 212 -1 212 -1 212 -1 212 -1 212 -1 212 -1 212 -1 212 -1 212 -1 212 -1 212 -1 212 -1 212 -1 212 -1 212 -1 212 -1 212 -1 212 -1 212 -1 212 -1 212 -1 212 -1 212 -1 212 -1 212 -1 212 -1 212 -1 212 -1 212 -1 212 -1 212 -1 212 -1 212 -1 212 -1 212 -1 212 -1 212 -1 212 -1 212 -1 212 -1 212 -1 212 -1 212 -1 212 -1 212 -1 212 -1 212 -1 212 -1 212 -1 212 -1 212 -1 212 -1 212 -1 212 -1 212 -1 212 -1 212 -1 212 -1 212 -1 212 -1 212 -1 212 -1 212 -1 212 -1 212 -1 212 -1 212 -1 212 -1 212 -1 212 -1 212 -1 212 -1 212 -1 212 -1 212 -1 212 -1 212 -1 212 -1 156 -1 362 -1 362 -1 362 -1 362 -1 362 -1 362 -1 362 -1 362 -1 362 -1 362 -1 362 -1 362 -1 362 -1 362 -1 362 -1 362 -1 362 -1 362 -1 362 -1 362 -1 362 -1 362 -1 362 -1 362 -1 362 -1 362 -1 362 -1 212 -1 212 -1 212 -1 212 -1 212 -1 212 -1 212 -1 212 -1 212 -1 212 -1 212 -1 212 -1 212 -1 212 -1 212 -1 212 -1 212 -1 212 -1 212 -1 212 -1 212 -1 212 -1 212 -1 212 -1 212 -1 212 -1 212 -1 212 -1 212 -1 212 -1 212 -1 212 -1 212 -1 212 -1 212 -1 212 -1 212 -1 212 -1 212 -1 212 -1 212 -1 212 -1 212 -1 212 -1 212 -1 212 -1 212 -1 212 -1 212 -1 212 -1 212 -1 212 -1 212 -1 212 -1 212 -1 109 -1 362 -1 362 -1 362 -1 362 -1 362 -1 362 -1 362 -1 362 -1 362 -1 362 -1 362 -1 362 -1 362 -1 362 -1 362 -1 362 -1 362 -1 362 -1 362 -1 362 -1 362 -1 -2
212 -1 212 -1 212 -1 212 -1 212 -1 212 -1 212 -1 212 -1 212 -1 212 -1 212 -1 212 -1 212 -1 212 -1 212 -1 212 -1 212 -1 212 -1 212 -1 212 -1 212 -1 212 -1 212 -1 212 -1 212 -1 212 -1 212 -1 212 -1 212 -1 212 -1 212 -1 212 -1 212 -1 212 -1 212 -1 212 -1 212 -1 212 -1 212 -1 212 -1 212 -1 -2
212 -1 62 -1 212 -1 212 -1 212 -1 212 -1 212 -1 212 -1 212 -1 212 -1 212 -1 212 -1 212 -1 212 -1 212 -1 212 -1 212 -1 212 -1 212 -1 212 -1 212 -1 212 -1 212 -1 212 -1 212 -1 212 -1 212 -1 212 -1 212 -1 212 -1 212 -1 212 -1 212 -1 212 -1 212 -1 212 -1 212 -1 212 -1 212 -1 212 -1 212 -1 212 -1 212 -1 212 -1 212 -1 212 -1 212 -1 212 -1 212 -1 212 -1 212 -1 212 -1 212 -1 212 -1 212 -1 212 -1 212 -1 212 -1 212 -1 212 -1 212 -1 212 -1 212 -1 212 -1 212 -1 212 -1 212 -1 212 -1 212 -1 212 -1 212 -1 212 -1 212 -1 212 -1 212 -1 212 -1 212 -1 212 -1 212 -1 212 -1 212 -1 212 -1 212 -1 212 -1 212 -1 212 -1 212 -1 212 -1 212 -1 212 -1 212 -1 212 -1 212 -1 212 -1 212 -1 212 -1 212 -1 212 -1 212 -1 212 -1 212 -1 212 -1 212 -1 212 -1 212 -1 212 -1 212 -1 212 -1 212 -1 212 -1 109 -1 62 -1 212 -1 212 -1 212 -1 212 -1 212 -1 212 -1 212 -1 212 -1 212 -1 212 -1 212 -1 212 -1 212 -1 212 -1 212 -1 212 -1 212 -1 212 -1 212 -1 212 -1 212 -1 212 -1 212 -1 212 -1 212 -1 212 -1 212 -1 212 -1 212 -1 212 -1 212 -1 212 -1 212 -1 212 -1 212 -1 212 -1 212 -1 212 -1 212 -1 212 -1 212 -1 212 -1 212 -1 212 -1 212 -1 212 -1 212 -1 212 -1 212 -1 212 -1 212 -1 212 -1 212 -1 212 -1 212 -1 212 -1 212 -1 212 -1 212 -1 212 -1 212 -1 212 -1 212 -1 212 -1 212 -1 212 -1 212 -1 212 -1 212 -1 212 -1 212 -1 212 -1 212 -1 212 -1 212 -1 212 -1 212 -1 212 -1 212 -1 212 -1 212 -1 212 -1 212 -1 212 -1 212 -1 212 -1 212 -1 212 -1 212 -1 212 -1 212 -1 212 -1 212 -1 212 -1 212 -1 212 -1 212 -1 212 -1 212 -1 212 -1 212 -1 212 -1 212 -1 212 -1 212 -1 212 -1 212 -1 212 -1 212 -1 109 -1 662 -1 662 -1 662 -1 662 -1 662 -1 662 -1 662 -1 662 -1 662 -1 662 -1 662 -1 662 -1 662 -1 662 -1 662 -1 662 -1 662 -1 662 -1 662 -1 662 -1 662 -1 662 -1 662 -1 662 -1 662 -1 662 -1 662 -1 259 -1 167 -1 -2
212 -1 212 -1 212 -1 212 -1 212 -1 212 -1 212 -1 212 -1 212 -1 212 -1 212 -1 212 -1 212 -1 212 -1 212 -1 212 -1 212 -1 212 -1 212 -1 212 -1 212 -1 212 -1 212 -1 212 -1 212 -1 212 -1 212 -1 212 -1 212 -1 212 -1 212 -1 212 -1 212 -1 212 -1 212 -1 212 -1 212 -1 212 -1 212 -1 212 -1 212 -1 212 -1 212 -1 212 -1 212 -1 212 -1 212 -1 212 -1 212 -1 212 -1 212 -1 212 -1 212 -1 212 -1 212 -1 212 -1 212 -1 212 -1 212 -1 212 -1 212 -1 212 -1 212 -1 212 -1 212 -1 212 -1 212 -1 212 -1 212 -1 212 -1 212 -1 212 -1 212 -1 212 -1 212 -1 212 -1 212 -1 212 -1 212 -1 212 -1 212 -1 212 -1 212 -1 212 -1 212 -1 212 -1 212 -1 212 -1 212 -1 212 -1 212 -1 212 -1 212 -1 212 -1 212 -1 212 -1 212 -1 212 -1 212 -1 212 -1 212 -1 212 -1 212 -1 212 -1 212 -1 212 -1 212 -1 212 -1 212 -1 109 -1 362 -1 362 -1 362 -1 362 -1 362 -1 362 -1 362 -1 362 -1 362 -1 362 -1 362 -1 362 -1 362 -1 362 -1 362 -1 362 -1 362 -1 362 -1 362 -1 362 -1 362 -1 362 -1 362 -1 362 -1 362 -1 362 -1 362 -1 362 -1 362 -1 362 -1 362 -1 362 -1 362 -1 362 -1 362 -1 362 -1 362 -1 362 -1 362 -1 362 -1 362 -1 362 -1 362 -1 362 -1 362 -1 362 -1 362 -1 362 -1 362 -1 362 -1 362 -1 362 -1 362 -1 362 -1 259 -1 142 -1 62 -1 212 -1 212 -1 212 -1 212 -1 212 -1 212 -1 212 -1 212 -1 212 -1 212 -1 212 -1 212 -1 212 -1 212 -1 212 -1 212 -1 212 -1 212 -1 212 -1 212 -1 212 -1 212 -1 212 -1 212 -1 212 -1 212 -1 212 -1 212 -1 212 -1 212 -1 212 -1 212 -1 212 -1 212 -1 212 -1 212 -1 212 -1 212 -1 212 -1 212 -1 212 -1 212 -1 212 -1 212 -1 212 -1 212 -1 212 -1 212 -1 212 -1 212 -1 212 -1 212 -1 212 -1 212 -1 212 -1 212 -1 212 -1 212 -1 212 -1 212 -1 212 -1 212 -1 212 -1 212 -1 212 -1 212 -1 212 -1 212 -1 212 -1 212 -1 212 -1 212 -1 212 -1 212 -1 212 -1 212 -1 212 -1 212 -1 212 -1 212 -1 212 -1 212 -1 212 -1 212 -1 212 -1 212 -1 212 -1 212 -1 212 -1 212 -1 212 -1 212 -1 212 -1 212 -1 212 -1 212 -1 212 -1 212 -1 212 -1 212 -1 212 -1 212 -1 212 -1 212 -1 212 -1 212 -1 212 -1 212 -1 212 -1 109 -1 -2
212 -1 212 -1 212 -1 212 -1 212 -1 212 -1 212 -1 212 -1 212 -1 212 -1 212 -1 212 -1 212 -1 212 -1 212 -1 212 -1 212 -1 212 -1 212 -1 212 -1 212 -1 212 -1 62 -1 212 -1 212 -1 68 -1 67 -1 62 -1 -2
212 -1 212 -1 212 -1 212 -1 212 -1 212 -1 212 -1 212 -1 212 -1 212 -1 212 -1 212 -1 212 -1 212 -1 212 -1 212 -1 212 -1 212 -1 212 -1 62 -1 212 -1 212 -1 212 -1 212 -1 212 -1 212 -1 212 -1 212 -1 212 -1 212 -1 212 -1 212 -1 212 -1 212 -1 212 -1 212 -1 212 -1 212 -1 212 -1 212 -1 212 -1 212 -1 212 -1 212 -1 212 -1 212 -1 212 -1 212 -1 212 -1 212 -1 212 -1 212 -1 212 -1 212 -1 212 -1 212 -1 212 -1 212 -1 212 -1 212 -1 212 -1 212 -1 212 -1 212 -1 212 -1 212 -1 212 -1 212 -1 212 -1 212 -1 212 -1 212 -1 212 -1 212 -1 212 -1 212 -1 212 -1 212 -1 212 -1 212 -1 212 -1 212 -1 212 -1 212 -1 212 -1 212 -1 212 -1 212 -1 212 -1 212 -1 212 -1 212 -1 212 -1 212 -1 212 -1 212 -1 212 -1 212 -1 212 -1 212 -1 212 -1 212 -1 212 -1 212 -1 212 -1 212 -1 212 -1 212 -1 212 -1 212 -1 212 -1 212 -1 212 -1 212 -1 212 -1 212 -1 212 -1 212 -1 212 -1 212 -1 212 -1 212 -1 212 -1 212 -1 212 -1 212 -1 212 -1 212 -1 212 -1 212 -1 212 -1 212 -1 212 -1 212 -1 212 -1 212 -1 212 -1 212 -1 212 -1 212 -1 212 -1 212 -1 212 -1 212 -1 212 -1 212 -1 212 -1 212 -1 212 -1 212 -1 212 -1 212 -1 212 -1 212 -1 212 -1 212 -1 212 -1 212 -1 212 -1 212 -1 212 -1 212 -1 212 -1 212 -1 212 -1 212 -1 212 -1 212 -1 212 -1 212 -1 212 -1 212 -1 212 -1 212 -1 212 -1 154 -1 362 -1 362 -1 362 -1 362 -1 362 -1 362 -1 362 -1 362 -1 362 -1 362 -1 362 -1 362 -1 362 -1 362 -1 362 -1 362 -1 362 -1 362 -1 362 -1 362 -1 362 -1 362 -1 362 -1 362 -1 362 -1 362 -1 362 -1 362 -1 362 -1 362 -1 362 -1 362 -1 362 -1 362 -1 362 -1 362 -1 362 -1 362 -1 362 -1 362 -1 362 -1 362 -1 362 -1 362 -1 362 -1 362 -1 362 -1 362 -1 362 -1 362 -1 362 -1 362 -1 362 -1 362 -1 259 -1 62 -1 62 -1 62 -1 212 -1 212 -1 212 -1 212 -1 212 -1 212 -1 212 -1 212 -1 212 -1 212 -1 212 -1 212 -1 212 -1 212 -1 212 -1 212 -1 212 -1 212 -1 212 -1 212 -1 212 -1 212 -1 212 -1 212 -1 212 -1 212 -1 212 -1 212 -1 212 -1 212 -1 212 -1 212 -1 212 -1 212 -1 212 -1 212 -1 212 -1 212 -1 212 -1 212 -1 212 -1 212 -1 212 -1 212 -1 212 -1 212 -1 212 -1 212 -1 212 -1 212 -1 212 -1 212 -1 212 -1 212 -1 212 -1 212 -1 212 -1 212 -1 212 -1 212 -1 212 -1 212 -1 212 -1 212 -1 212 -1 212 -1 212 -1 212 -1 212 -1 212 -1 212 -1 212 -1 212 -1 212 -1 212 -1 212 -1 212 -1 212 -1 212 -1 212 -1 212 -1 212 -1 212 -1 212 -1 212 -1 212 -1 212 -1 212 -1 212 -1 212 -1 212 -1 212 -1 212 -1 212 -1 212 -1 212 -1 212 -1 212 -1 212 -1 212 -1 212 -1 212 -1 212 -1 212 -1 212 -1 212 -1 212 -1 -2
212 -1 212 -1 212 -1 212 -1 212 -1 212 -1 212 -1 212 -1 212 -1 212 -1 212 -1 212 -1 212 -1 212 -1 212 -1 212 -1 212 -1 212 -1 212 -1 212 -1 212 -1 212 -1 212 -1 212 -1 212 -1 212 -1 212 -1 212 -1 212 -1 212 -1 212 -1 212 -1 212 -1 212 -1 212 -1 212 -1 212 -1 212 -1 212 -1 212 -1 212 -1 212 -1 212 -1 212 -1 212 -1 212 -1 212 -1 212 -1 212 -1 212 -1 212 -1 212 -1 212 -1 212 -1 212 -1 212 -1 212 -1 212 -1 212 -1 212 -1 212 -1 212 -1 212 -1 212 -1 212 -1 212 -1 212 -1 212 -1 212 -1 212 -1 212 -1 212 -1 212 -1 212 -1 212 -1 212 -1 212 -1 212 -1 212 -1 212 -1 212 -1 212 -1 212 -1 212 -1 212 -1 212 -1 212 -1 212 -1 212 -1 212 -1 212 -1 212 -1 212 -1 212 -1 212 -1 212 -1 212 -1 212 -1 212 -1 212 -1 212 -1 212 -1 212 -1 212 -1 212 -1 212 -1 212 -1 212 -1 212 -1 212 -1 212 -1 212 -1 212 -1 212 -1 212 -1 212 -1 212 -1 212 -1 212 -1 92 -1 212 -1 212 -1 212 -1 212 -1 212 -1 212 -1 212 -1 212 -1 212 -1 212 -1 212 -1 212 -1 212 -1 212 -1 212 -1 212 -1 212 -1 212 -1 212 -1 212 -1 212 -1 212 -1 212 -1 212 -1 212 -1 212 -1 212 -1 212 -1 212 -1 212 -1 212 -1 212 -1 212 -1 212 -1 212 -1 212 -1 212 -1 212 -1 212 -1 212 -1 212 -1 212 -1 212 -1 212 -1 212 -1 212 -1 212 -1 212 -1 212 -1 212 -1 212 -1 212 -1 212 -1 212 -1 212 -1 212 -1 212 -1 212 -1 212 -1 212 -1 212 -1 212 -1 212 -1 212 -1 212 -1 212 -1 212 -1 212 -1 212 -1 212 -1 212 -1 212 -1 212 -1 -2
212 -1 212 -1 212 -1 212 -1 212 -1 212 -1 212 -1 212 -1 212 -1 212 -1 212 -1 212 -1 212 -1 212 -1 212 -1 212 -1 212 -1 212 -1 212 -1 212 -1 212 -1 212 -1 212 -1 212 -1 212 -1 212 -1 212 -1 212 -1 212 -1 212 -1 212 -1 212 -1 212 -1 212 -1 212 -1 212 -1 212 -1 212 -1 212 -1 212 -1 212 -1 212 -1 212 -1 212 -1 212 -1 212 -1 212 -1 212 -1 212 -1 212 -1 212 -1 212 -1 212 -1 212 -1 212 -1 212 -1 212 -1 212 -1 212 -1 212 -1 212 -1 212 -1 212 -1 212 -1 212 -1 212 -1 212 -1 212 -1 212 -1 212 -1 212 -1 212 -1 212 -1 212 -1 212 -1 212 -1 212 -1 212 -1 212 -1 212 -1 212 -1 212 -1 212 -1 212 -1 212 -1 212 -1 212 -1 212 -1 212 -1 212 -1 212 -1 212 -1 62 -1 212 -1 212 -1 212 -1 212 -1 212 -1 212 -1 212 -1 212 -1 212 -1 212 -1 212 -1 212 -1 212 -1 212 -1 212 -1 212 -1 212 -1 212 -1 212 -1 212 -1 212 -1 212 -1 212 -1 212 -1 212 -1 212 -1 212 -1 212 -1 212 -1 212 -1 212 -1 212 -1 212 -1 212 -1 212 -1 212 -1 212 -1 212 -1 212 -1 212 -1 212 -1 212 -1 212 -1 212 -1 212 -1 212 -1 212 -1 212 -1 212 -1 212 -1 212 -1 212 -1 212 -1 212 -1 212 -1 212 -1 212 -1 212 -1 212 -1 212 -1 212 -1 212 -1 212 -1 212 -1 212 -1 212 -1 212 -1 212 -1 212 -1 212 -1 212 -1 212 -1 212 -1 212 -1 212 -1 212 -1 212 -1 212 -1 212 -1 212 -1 212 -1 212 -1 212 -1 212 -1 212 -1 212 -1 212 -1 212 -1 212 -1 212 -1 212 -1 212 -1 212 -1 212 -1 212 -1 212 -1 212 -1 212 -1 212 -1 212 -1 212 -1 212 -1 212 -1 212 -1 212 -1 212 -1 212 -1 212 -1 212 -1 212 -1 212 -1 212 -1 212 -1 212 -1 212 -1 212 -1 212 -1 212 -1 212 -1 212 -1 212 -1 212 -1 212 -1 212 -1 212 -1 212 -1 212 -1 212 -1 212 -1 212 -1 212 -1 212 -1 212 -1 212 -1 212 -1 212 -1 212 -1 212 -1 212 -1 212 -1 212 -1 212 -1 212 -1 212 -1 212 -1 212 -1 212 -1 212 -1 212 -1 212 -1 212 -1 212 -1 212 -1 212 -1 212 -1 212 -1 212 -1 212 -1 212 -1 212 -1 212 -1 212 -1 212 -1 212 -1 212 -1 159 -1 62 -1 212 -1 212 -1 212 -1 212 -1 212 -1 212 -1 212 -1 212 -1 212 -1 212 -1 212 -1 212 -1 212 -1 212 -1 212 -1 212 -1 212 -1 212 -1 212 -1 212 -1 212 -1 212 -1 212 -1 212 -1 212 -1 212 -1 212 -1 212 -1 212 -1 212 -1 212 -1 212 -1 212 -1 212 -1 212 -1 212 -1 212 -1 212 -1 212 -1 212 -1 212 -1 212 -1 212 -1 212 -1 212 -1 212 -1 212 -1 212 -1 212 -1 212 -1 212 -1 212 -1 212 -1 212 -1 212 -1 212 -1 212 -1 212 -1 212 -1 212 -1 212 -1 212 -1 212 -1 212 -1 212 -1 212 -1 212 -1 212 -1 212 -1 212 -1 212 -1 212 -1 212 -1 212 -1 212 -1 212 -1 212 -1 212 -1 212 -1 212 -1 212 -1 212 -1 212 -1 212 -1 212 -1 212 -1 212 -1 212 -1 212 -1 212 -1 212 -1 212 -1 212 -1 212 -1 212 -1 212 -1 212 -1 212 -1 212 -1 212 -1 212 -1 212 -1 212 -1 212 -1 212 -1 212 -1 212 -1 212 -1 212 -1 109 -1 362 -1 362 -1 362 -1 362 -1 362 -1 362 -1 362 -1 362 -1 362 -1 362 -1 362 -1 362 -1 362 -1 362 -1 362 -1 362 -1 362 -1 362 -1 362 -1 362 -1 362 -1 362 -1 362 -1 362 -1 362 -1 362 -1 362 -1 362 -1 362 -1 362 -1 362 -1 362 -1 362 -1 362 -1 362 -1 362 -1 362 -1 362 -1 362 -1 362 -1 362 -1 212 -1 212 -1 212 -1 212 -1 212 -1 212 -1 212 -1 212 -1 212 -1 212 -1 212 -1 212 -1 212 -1 212 -1 212 -1 212 -1 212 -1 212 -1 212 -1 212 -1 212 -1 212 -1 212 -1 212 -1 212 -1 212 -1 212 -1 109 -1 -2
212 -1 212 -1 212 -1 212 -1 212 -1 212 -1 212 -1 212 -1 212 -1 212 -1 212 -1 212 -1 212 -1 62 -1 212 -1 212 -1 212 -1 212 -1 212 -1 212 -1 212 -1 212 -1 212 -1 212 -1 212 -1 185 -1 62 -1 212 -1 212 -1 212 -1 212 -1 212 -1 212 -1 212 -1 212 -1 212 -1 212 -1 212 -1 212 -1 -2
212 -1 212 -1 212 -1 212 -1 212 -1 212 -1 212 -1 212 -1 212 -1 212 -1 212 -1 212 -1 212 -1 212 -1 212 -1 212 -1 212 -1 212 -1 212 -1 212 -1 212 -1 212 -1 212 -1 212 -1 212 -1 212 -1 212 -1 212 -1 212 -1 212 -1 212 -1 212 -1 212 -1 212 -1 212 -1 212 -1 212 -1 212 -1 212 -1 212 -1 212 -1 212 -1 212 -1 212 -1 212 -1 212 -1 212 -1 212 -1 212 -1 212 -1 212 -1 212 -1 212 -1 212 -1 212 -1 212 -1 212 -1 212 -1 212 -1 212 -1 212 -1 212 -1 212 -1 212 -1 212 -1 212 -1 212 -1 212 -1 212 -1 212 -1 212 -1 212 -1 212 -1 212 -1 212 -1 212 -1 212 -1 212 -1 212 -1 212 -1 212 -1 212 -1 212 -1 212 -1 212 -1 212 -1 212 -1 212 -1 212 -1 212 -1 212 -1 212 -1 212 -1 212 -1 212 -1 212 -1 212 -1 212 -1 212 -1 212 -1 -2
362 -1 362 -1 362 -1 362 -1 362 -1 362 -1 362 -1 362 -1 362 -1 362 -1 362 -1 362 -1 362 -1 362 -1 362 -1 362 -1 362 -1 362 -1 362 -1 362 -1 362 -1 362 -1 362 -1 362 -1 362 -1 362 -1 362 -1 362 -1 212 -1 212 -1 212 -1 212 -1 212 -1 212 -1 212 -1 212 -1 212 -1 212 -1 212 -1 212 -1 212 -1 212 -1 212 -1 212 -1 212 -1 212 -1 212 -1 212 -1 212 -1 212 -1 212 -1 212 -1 212 -1 212 -1 212 -1 212 -1 212 -1 212 -1 212 -1 212 -1 212 -1 212 -1 212 -1 212 -1 212 -1 212 -1 212 -1 212 -1 212 -1 212 -1 212 -1 212 -1 212 -1 212 -1 212 -1 212 -1 212 -1 212 -1 212 -1 212 -1 212 -1 109 -1 212 -1 212 -1 212 -1 212 -1 212 -1 212 -1 212 -1 212 -1 212 -1 212 -1 212 -1 212 -1 212 -1 212 -1 212 -1 212 -1 212 -1 212 -1 212 -1 212 -1 212 -1 212 -1 212 -1 212 -1 212 -1 212 -1 212 -1 212 -1 212 -1 212 -1 212 -1 212 -1 212 -1 212 -1 212 -1 212 -1 212 -1 212 -1 212 -1 212 -1 212 -1 212 -1 212 -1 212 -1 212 -1 212 -1 212 -1 212 -1 212 -1 212 -1 212 -1 362 -1 362 -1 362 -1 362 -1 362 -1 362 -1 362 -1 362 -1 362 -1 362 -1 362 -1 362 -1 362 -1 362 -1 362 -1 362 -1 212 -1 212 -1 212 -1 212 -1 62 -1 62 -1 212 -1 212 -1 212 -1 212 -1 212 -1 212 -1 212 -1 212 -1 212 -1 212 -1 212 -1 212 -1 212 -1 212 -1 212 -1 212 -1 212 -1 212 -1 212 -1 212 -1 212 -1 212 -1 212 -1 212 -1 212 -1 212 -1 212 -1 212 -1 212 -1 212 -1 212 -1 212 -1 212 -1 212 -1 212 -1 212 -1 212 -1 212 -1 212 -1 212 -1 212 -1 212 -1 212 -1 212 -1 212 -1 212 -1 212 -1 212 -1 212 -1 212 -1 212 -1 212 -1 212 -1 212 -1 212 -1 212 -1 212 -1 212 -1 212 -1 212 -1 212 -1 212 -1 212 -1 212 -1 212 -1 212 -1 212 -1 212 -1 212 -1 212 -1 212 -1 212 -1 212 -1 212 -1 212 -1 212 -1 212 -1 212 -1 212 -1 212 -1 212 -1 212 -1 212 -1 212 -1 212 -1 212 -1 212 -1 212 -1 212 -1 212 -1 212 -1 212 -1 212 -1 212 -1 212 -1 212 -1 212 -1 212 -1 212 -1 212 -1 212 -1 212 -1 212 -1 212 -1 212 -1 212 -1 212 -1 212 -1 212 -1 212 -1 212 -1 212 -1 212 -1 212 -1 212 -1 212 -1 212 -1 212 -1 212 -1 212 -1 212 -1 212 -1 212 -1 212 -1 212 -1 212 -1 212 -1 212 -1 212 -1 212 -1 212 -1 212 -1 212 -1 212 -1 212 -1 212 -1 212 -1 -2
212 -1 212 -1 212 -1 212 -1 212 -1 212 -1 212 -1 212 -1 212 -1 212 -1 212 -1 212 -1 212 -1 212 -1 212 -1 212 -1 212 -1 212 -1 212 -1 362 -1 362 -1 362 -1 362 -1 362 -1 362 -1 362 -1 362 -1 362 -1 362 -1 362 -1 362 -1 362 -1 362 -1 362 -1 362 -1 362 -1 212 -1 212 -1 62 -1 212 -1 212 -1 212 -1 212 -1 212 -1 212 -1 212 -1 212 -1 212 -1 212 -1 212 -1 212 -1 212 -1 212 -1 212 -1 212 -1 212 -1 212 -1 212 -1 212 -1 212 -1 212 -1 212 -1 212 -1 212 -1 212 -1 212 -1 212 -1 212 -1 212 -1 212 -1 212 -1 212 -1 212 -1 212 -1 212 -1 212 -1 212 -1 212 -1 212 -1 212 -1 212 -1 212 -1 212 -1 212 -1 212 -1 212 -1 212 -1 212 -1 212 -1 212 -1 212 -1 212 -1 212 -1 212 -1 212 -1 212 -1 212 -1 212 -1 212 -1 212 -1 212 -1 212 -1 212 -1 212 -1 212 -1 212 -1 212 -1 212 -1 212 -1 212 -1 212 -1 212 -1 212 -1 212 -1 212 -1 212 -1 212 -1 212 -1 212 -1 212 -1 212 -1 212 -1 212 -1 212 -1 212 -1 212 -1 212 -1 212 -1 212 -1 212 -1 212 -1 212 -1 212 -1 212 -1 212 -1 212 -1 62 -1 212 -1 212 -1 212 -1 212 -1 212 -1 212 -1 212 -1 212 -1 212 -1 212 -1 212 -1 212 -1 212 -1 212 -1 212 -1 212 -1 212 -1 212 -1 212 -1 212 -1 212 -1 212 -1 212 -1 212 -1 212 -1 212 -1 212 -1 212 -1 212 -1 212 -1 212 -1 212 -1 212 -1 212 -1 212 -1 212 -1 212 -1 212 -1 212 -1 212 -1 212 -1 212 -1 212 -1 212 -1 212 -1 212 -1 212 -1 212 -1 212 -1 212 -1 212 -1 212 -1 212 -1 212 -1 212 -1 212 -1 212 -1 212 -1 212 -1 212 -1 212 -1 212 -1 212 -1 212 -1 212 -1 212 -1 212 -1 212 -1 212 -1 212 -1 212 -1 212 -1 212 -1 212 -1 212 -1 212 -1 212 -1 212 -1 212 -1 212 -1 212 -1 212 -1 212 -1 212 -1 212 -1 212 -1 212 -1 212 -1 212 -1 212 -1 212 -1 62 -1 362 -1 362 -1 362 -1 362 -1 362 -1 362 -1 362 -1 362 -1 362 -1 362 -1 362 -1 362 -1 362 -1 362 -1 362 -1 362 -1 362 -1 362 -1 362 -1 362 -1 362 -1 362 -1 362 -1 362 -1 362 -1 362 -1 362 -1 362 -1 362 -1 362 -1 362 -1 362 -1 362 -1 362 -1 212 -1 212 -1 212 -1 212 -1 212 -1 212 -1 212 -1 212 -1 212 -1 212 -1 212 -1 212 -1 212 -1 212 -1 62 -1 212 -1 62 -1 212 -1 212 -1 212 -1 212 -1 212 -1 212 -1 212 -1 212 -1 212 -1 212 -1 212 -1 212 -1 212 -1 212 -1 212 -1 212 -1 212 -1 212 -1 212 -1 212 -1 212 -1 212 -1 212 -1 212 -1 212 -1 212 -1 212 -1 212 -1 212 -1 212 -1 212 -1 212 -1 212 -1 212 -1 212 -1 212 -1 212 -1 212 -1 212 -1 -2
212 -1 212 -1 212 -1 212 -1 212 -1 212 -1 212 -1 212 -1 212 -1 212 -1 212 -1 212 -1 212 -1 212 -1 212 -1 212 -1 212 -1 212 -1 212 -1 212 -1 212 -1 212 -1 212 -1 212 -1 212 -1 212 -1 212 -1 212 -1 212 -1 212 -1 212 -1 212 -1 212 -1 212 -1 212 -1 212 -1 212 -1 212 -1 212 -1 212 -1 212 -1 212 -1 212 -1 212 -1 212 -1 212 -1 212 -1 212 -1 212 -1 212 -1 212 -1 212 -1 212 -1 212 -1 212 -1 212 -1 62 -1 212 -1 62 -1 212 -1 212 -1 212 -1 212 -1 212 -1 212 -1 212 -1 212 -1 212 -1 212 -1 212 -1 212 -1 212 -1 212 -1 212 -1 212 -1 212 -1 212 -1 212 -1 212 -1 212 -1 212 -1 212 -1 212 -1 212 -1 212 -1 212 -1 212 -1 212 -1 212 -1 212 -1 212 -1 212 -1 212 -1 212 -1 212 -1 212 -1 212 -1 212 -1 212 -1 212 -1 212 -1 212 -1 212 -1 212 -1 212 -1 212 -1 212 -1 212 -1 212 -1 212 -1 212 -1 212 -1 212 -1 212 -1 212 -1 212 -1 212 -1 212 -1 212 -1 212 -1 212 -1 212 -1 212 -1 212 -1 212 -1 212 -1 212 -1 212 -1 212 -1 212 -1 212 -1 212 -1 212 -1 212 -1 212 -1 212 -1 212 -1 212 -1 212 -1 212 -1 212 -1 212 -1 212 -1 212 -1 212 -1 212 -1 212 -1 212 -1 212 -1 212 -1 212 -1 212 -1 212 -1 212 -1 212 -1 212 -1 62 -1 212 -1 212 -1 212 -1 212 -1 212 -1 212 -1 212 -1 212 -1 212 -1 212 -1 212 -1 212 -1 212 -1 212 -1 212 -1 212 -1 212 -1 212 -1 212 -1 212 -1 212 -1 212 -1 212 -1 212 -1 212 -1 212 -1 212 -1 212 -1 212 -1 212 -1 212 -1 212 -1 212 -1 212 -1 212 -1 212 -1 212 -1 212 -1 212 -1 212 -1 212 -1 212 -1 212 -1 212 -1 212 -1 212 -1 212 -1 212 -1 212 -1 212 -1 212 -1 212 -1 212 -1 212 -1 212 -1 212 -1 212 -1 212 -1 212 -1 212 -1 212 -1 212 -1 212 -1 212 -1 212 -1 212 -1 212 -1 212 -1 212 -1 212 -1 212 -1 212 -1 212 -1 212 -1 212 -1 212 -1 212 -1 212 -1 212 -1 212 -1 212 -1 212 -1 212 -1 212 -1 212 -1 212 -1 212 -1 212 -1 212 -1 212 -1 212 -1 212 -1 212 -1 212 -1 212 -1 212 -1 212 -1 212 -1 212 -1 212 -1 212 -1 212 -1 212 -1 212 -1 212 -1 212 -1 212 -1 212 -1 212 -1 212 -1 212 -1 212 -1 212 -1 212 -1 212 -1 212 -1 212 -1 212 -1 212 -1 212 -1 212 -1 212 -1 212 -1 212 -1 212 -1 212 -1 212 -1 212 -1 212 -1 212 -1 212 -1 212 -1 212 -1 212 -1 212 -1 212 -1 212 -1 212 -1 212 -1 212 -1 212 -1 212 -1 212 -1 212 -1 212 -1 212 -1 212 -1 212 -1 212 -1 212 -1 212 -1 212 -1 212 -1 212 -1 212 -1 212 -1 212 -1 212 -1 62 -1 212 -1 212 -1 62 -1 -2
212 -1 212 -1 212 -1 212 -1 212 -1 212 -1 212 -1 212 -1 212 -1 212 -1 212 -1 212 -1 212 -1 212 -1 212 -1 212 -1 212 -1 212 -1 212 -1 212 -1 212 -1 212 -1 212 -1 212 -1 212 -1 -2
62 -1 62 -1 212 -1 212 -1 212 -1 212 -1 212 -1 212 -1 212 -1 212 -1 212 -1 212 -1 212 -1 212 -1 212 -1 212 -1 212 -1 212 -1 212 -1 212 -1 212 -1 212 -1 212 -1 212 -1 212 -1 212 -1 212 -1 212 -1 212 -1 212 -1 212 -1 212 -1 212 -1 212 -1 212 -1 212 -1 212 -1 212 -1 212 -1 212 -1 212 -1 212 -1 212 -1 212 -1 212 -1 212 -1 212 -1 212 -1 212 -1 212 -1 212 -1 212 -1 212 -1 212 -1 212 -1 212 -1 212 -1 212 -1 212 -1 212 -1 212 -1 212 -1 212 -1 212 -1 212 -1 212 -1 212 -1 212 -1 212 -1 212 -1 212 -1 212 -1 212 -1 212 -1 212 -1 212 -1 212 -1 212 -1 212 -1 212 -1 212 -1 212 -1 212 -1 212 -1 212 -1 212 -1 212 -1 212 -1 212 -1 212 -1 212 -1 212 -1 212 -1 212 -1 212 -1 212 -1 212 -1 212 -1 212 -1 212 -1 212 -1 212 -1 212 -1 212 -1 212 -1 212 -1 212 -1 212 -1 212 -1 212 -1 212 -1 212 -1 212 -1 212 -1 212 -1 212 -1 212 -1 212 -1 212 -1 212 -1 212 -1 212 -1 212 -1 212 -1 212 -1 212 -1 212 -1 212 -1 212 -1 212 -1 212 -1 212 -1 212 -1 212 -1 212 -1 212 -1 212 -1 212 -1 212 -1 212 -1 212 -1 212 -1 212 -1 212 -1 212 -1 212 -1 212 -1 212 -1 212 -1 212 -1 212 -1 212 -1 212 -1 212 -1 62 -1 62 -1 139 -1 62 -1 212 -1 212 -1 212 -1 212 -1 212 -1 212 -1 212 -1 212 -1 212 -1 212 -1 212 -1 212 -1 212 -1 212 -1 212 -1 212 -1 212 -1 212 -1 212 -1 212 -1 212 -1 212 -1 212 -1 212 -1 212 -1 212 -1 212 -1 212 -1 212 -1 212 -1 212 -1 212 -1 212 -1 212 -1 212 -1 212 -1 212 -1 212 -1 212 -1 212 -1 212 -1 212 -1 212 -1 212 -1 212 -1 212 -1 212 -1 212 -1 212 -1 212 -1 212 -1 212 -1 362 -1 362 -1 362 -1 362 -1 362 -1 362 -1 362 -1 362 -1 362 -1 362 -1 362 -1 362 -1 362 -1 362 -1 362 -1 362 -1 362 -1 362 -1 362 -1 362 -1 362 -1 212 -1 212 -1 212 -1 212 -1 212 -1 212 -1 212 -1 212 -1 212 -1 212 -1 212 -1 212 -1 212 -1 212 -1 212 -1 109 -1 362 -1 362 -1 362 -1 362 -1 362 -1 362 -1 362 -1 362 -1 362 -1 362 -1 362 -1 362 -1 362 -1 362 -1 362 -1 362 -1 362 -1 362 -1 362 -1 362 -1 362 -1 362 -1 362 -1 362 -1 362 -1 362 -1 362 -1 362 -1 362 -1 362 -1 362 -1 362 -1 362 -1 362 -1 212 -1 212 -1 212 -1 212 -1 212 -1 212 -1 212 -1 212 -1 212 -1 212 -1 212 -1 212 -1 212 -1 212 -1 212 -1 212 -1 212 -1 212 -1 212 -1 212 -1 212 -1 212 -1 212 -1 212 -1 212 -1 212 -1 212 -1 212 -1 212 -1 212 -1 212 -1 212 -1 212 -1 212 -1 212 -1 212 -1 212 -1 212 -1 212 -1 212 -1 212 -1 109 -1 -2
212 -1 109 -1 62 -1 212 -1 212 -1 212 -1 212 -1 212 -1 212 -1 212 -1 212 -1 212 -1 212 -1 212 -1 212 -1 212 -1 212 -1 212 -1 212 -1 212 -1 212 -1 212 -1 212 -1 212 -1 212 -1 212 -1 212 -1 212 -1 212 -1 212 -1 212 -1 212 -1 212 -1 212 -1 212 -1 212 -1 212 -1 212 -1 212 -1 212 -1 212 -1 212 -1 212 -1 212 -1 212 -1 212 -1 212 -1 212 -1 212 -1 212 -1 212 -1 212 -1 212 -1 212 -1 212 -1 212 -1 212 -1 212 -1 212 -1 212 -1 212 -1 212 -1 212 -1 212 -1 212 -1 212 -1 212 -1 212 -1 212 -1 212 -1 212 -1 212 -1 212 -1 212 -1 212 -1 212 -1 212 -1 212 -1 212 -1 212 -1 212 -1 212 -1 212 -1 212 -1 212 -1 212 -1 212 -1 212 -1 212 -1 212 -1 212 -1 212 -1 212 -1 362 -1 362 -1 212 -1 212 -1 212 -1 212 -1 212 -1 212 -1 212 -1 212 -1 212 -1 212 -1 212 -1 212 -1 212 -1 212 -1 212 -1 212 -1 212 -1 212 -1 212 -1 212 -1 212 -1 212 -1 212 -1 212 -1 212 -1 212 -1 362 -1 362 -1 62 -1 362 -1 362 -1 362 -1 362 -1 362 -1 212 -1 212 -1 212 -1 212 -1 212 -1 212 -1 212 -1 212 -1 212 -1 212 -1 212 -1 212 -1 212 -1 212 -1 212 -1 212 -1 212 -1 212 -1 212 -1 212 -1 212 -1 212 -1 212 -1 212 -1 212 -1 212 -1 212 -1 212 -1 212 -1 212 -1 212 -1 212 -1 212 -1 212 -1 212 -1 212 -1 212 -1 212 -1 212 -1 212 -1 212 -1 212 -1 212 -1 212 -1 212 -1 212 -1 212 -1 212 -1 212 -1 212 -1 212 -1 212 -1 212 -1 212 -1 212 -1 212 -1 212 -1 212 -1 212 -1 212 -1 212 -1 212 -1 212 -1 212 -1 212 -1 212 -1 212 -1 212 -1 212 -1 212 -1 212 -1 212 -1 212 -1 212 -1 212 -1 212 -1 212 -1 212 -1 212 -1 212 -1 212 -1 212 -1 212 -1 212 -1 212 -1 212 -1 212 -1 212 -1 212 -1 212 -1 212 -1 362 -1 362 -1 362 -1 362 -1 212 -1 212 -1 212 -1 212 -1 212 -1 212 -1 212 -1 212 -1 212 -1 62 -1 62 -1 212 -1 212 -1 212 -1 212 -1 212 -1 212 -1 212 -1 212 -1 212 -1 212 -1 212 -1 212 -1 212 -1 212 -1 212 -1 212 -1 212 -1 212 -1 212 -1 212 -1 212 -1 212 -1 212 -1 212 -1 212 -1 212 -1 212 -1 212 -1 212 -1 212 -1 212 -1 212 -1 212 -1 212 -1 212 -1 212 -1 212 -1 212 -1 212 -1 212 -1 212 -1 212 -1 212 -1 212 -1 212 -1 212 -1 212 -1 212 -1 212 -1 212 -1 212 -1 212 -1 212 -1 212 -1 212 -1 212 -1 212 -1 212 -1 212 -1 212 -1 212 -1 212 -1 212 -1 212 -1 -2
212 -1 212 -1 212 -1 212 -1 212 -1 212 -1 212 -1 212 -1 212 -1 212 -1 212 -1 212 -1 212 -1 212 -1 212 -1 212 -1 212 -1 212 -1 212 -1 212 -1 212 -1 212 -1 212 -1 212 -1 212 -1 212 -1 212 -1 62 -1 212 -1 -2
362 -1 362 -1 362 -1 362 -1 362 -1 362 -1 62 -1 362 -1 362 -1 362 -1 362 -1 362 -1 62 -1 212 -1 212 -1 212 -1 212 -1 62 -1 212 -1 212 -1 212 -1 212 -1 212 -1 212 -1 212 -1 212 -1 212 -1 212 -1 212 -1 362 -1 362 -1 362 -1 362 -1 212 -1 212 -1 212 -1 212 -1 212 -1 212 -1 212 -1 212 -1 212 -1 212 -1 212 -1 212 -1 212 -1 212 -1 212 -1 212 -1 212 -1 212 -1 212 -1 212 -1 212 -1 212 -1 212 -1 212 -1 212 -1 212 -1 212 -1 212 -1 212 -1 212 -1 212 -1 212 -1 212 -1 212 -1 212 -1 212 -1 212 -1 212 -1 212 -1 212 -1 212 -1 212 -1 212 -1 212 -1 212 -1 212 -1 212 -1 212 -1 212 -1 212 -1 212 -1 212 -1 212 -1 212 -1 212 -1 212 -1 212 -1 212 -1 212 -1 212 -1 212 -1 212 -1 136 -1 156 -1 -2
212 -1 212 -1 212 -1 212 -1 212 -1 212 -1 212 -1 212 -1 212 -1 212 -1 212 -1 212 -1 212 -1 212 -1 212 -1 212 -1 212 -1 62 -1 212 -1 212 -1 212 -1 212 -1 212 -1 212 -1 212 -1 212 -1 212 -1 212 -1 212 -1 212 -1 212 -1 212 -1 212 -1 212 -1 212 -1 212 -1 212 -1 212 -1 212 -1 212 -1 -2
212 -1 212 -1 62 -1 212 -1 62 -1 212 -1 62 -1 212 -1 212 -1 212 -1 212 -1 212 -1 212 -1 212 -1 212 -1 212 -1 212 -1 212 -1 212 -1 212 -1 212 -1 212 -1 62 -1 212 -1 212 -1 212 -1 212 -1 212 -1 212 -1 212 -1 212 -1 212 -1 212 -1 212 -1 212 -1 -2
212 -1 212 -1 212 -1 212 -1 212 -1 62 -1 212 -1 212 -1 212 -1 212 -1 212 -1 212 -1 212 -1 212 -1 212 -1 212 -1 212 -1 212 -1 212 -1 212 -1 212 -1 212 -1 212 -1 212 -1 212 -1 -2
212 -1 212 -1 212 -1 212 -1 212 -1 212 -1 212 -1 212 -1 212 -1 212 -1 212 -1 212 -1 212 -1 212 -1 212 -1 212 -1 212 -1 212 -1 212 -1 212 -1 212 -1 212 -1 212 -1 212 -1 212 -1 212 -1 62 -1 212 -1 212 -1 212 -1 212 -1 212 -1 212 -1 212 -1 212 -1 212 -1 212 -1 212 -1 212 -1 212 -1 212 -1 -2
212 -1 212 -1 212 -1 212 -1 212 -1 212 -1 212 -1 212 -1 212 -1 212 -1 212 -1 212 -1 212 -1 212 -1 212 -1 212 -1 212 -1 212 -1 62 -1 212 -1 62 -1 62 -1 212 -1 212 -1 212 -1 -2
130 -1 649 -1 62 -1 76 -1 109 -1 62 -1 100 -1 67 -1 1262 -1 1262 -1 212 -1 212 -1 212 -1 212 -1 212 -1 212 -1 212 -1 212 -1 212 -1 212 -1 212 -1 212 -1 212 -1 212 -1 212 -1 212 -1 212 -1 212 -1 212 -1 212 -1 212 -1 212 -1 212 -1 212 -1 212 -1 212 -1 212 -1 212 -1 212 -1 212 -1 212 -1 212 -1 62 -1 212 -1 62 -1 212 -1 212 -1 212 -1 212 -1 212 -1 -2
212 -1 212 -1 212 -1 212 -1 212 -1 212 -1 212 -1 212 -1 212 -1 212 -1 212 -1 212 -1 212 -1 212 -1 212 -1 212 -1 212 -1 212 -1 212 -1 212 -1 212 -1 212 -1 212 -1 212 -1 212 -1 212 -1 212 -1 212 -1 212 -1 212 -1 212 -1 212 -1 212 -1 212 -1 212 -1 212 -1 212 -1 212 -1 212 -1 212 -1 212 -1 212 -1 212 -1 212 -1 212 -1 212 -1 212 -1 212 -1 212 -1 212 -1 212 -1 212 -1 212 -1 212 -1 212 -1 212 -1 212 -1 212 -1 212 -1 212 -1 212 -1 212 -1 212 -1 212 -1 212 -1 212 -1 212 -1 212 -1 212 -1 212 -1 212 -1 212 -1 212 -1 212 -1 212 -1 212 -1 212 -1 212 -1 212 -1 212 -1 212 -1 212 -1 212 -1 212 -1 212 -1 362 -1 362 -1 362 -1 362 -1 362 -1 362 -1 362 -1 362 -1 362 -1 362 -1 362 -1 362 -1 362 -1 362 -1 362 -1 362 -1 362 -1 362 -1 362 -1 362 -1 362 -1 212 -1 212 -1 62 -1 62 -1 212 -1 212 -1 212 -1 212 -1 212 -1 212 -1 212 -1 212 -1 212 -1 212 -1 212 -1 212 -1 212 -1 212 -1 212 -1 212 -1 212 -1 212 -1 212 -1 212 -1 212 -1 212 -1 212 -1 212 -1 212 -1 212 -1 212 -1 212 -1 212 -1 212 -1 212 -1 212 -1 212 -1 212 -1 212 -1 212 -1 212 -1 362 -1 362 -1 362 -1 362 -1 362 -1 212 -1 212 -1 212 -1 212 -1 212 -1 212 -1 212 -1 212 -1 212 -1 212 -1 212 -1 212 -1 212 -1 212 -1 212 -1 212 -1 212 -1 212 -1 212 -1 212 -1 212 -1 212 -1 212 -1 212 -1 212 -1 212 -1 212 -1 212 -1 62 -1 212 -1 212 -1 212 -1 212 -1 212 -1 212 -1 212 -1 212 -1 212 -1 212 -1 212 -1 212 -1 212 -1 212 -1 212 -1 212 -1 212 -1 212 -1 212 -1 212 -1 212 -1 212 -1 212 -1 212 -1 212 -1 212 -1 212 -1 212 -1 212 -1 212 -1 212 -1 212 -1 212 -1 212 -1 212 -1 212 -1 212 -1 212 -1 212 -1 212 -1 212 -1 212 -1 212 -1 212 -1 212 -1 212 -1 212 -1 212 -1 212 -1 212 -1 212 -1 212 -1 212 -1 212 -1 212 -1 212 -1 212 -1 212 -1 212 -1 212 -1 212 -1 212 -1 212 -1 212 -1 212 -1 212 -1 212 -1 212 -1 212 -1 212 -1 212 -1 212 -1 212 -1 212 -1 212 -1 212 -1 212 -1 212 -1 212 -1 212 -1 212 -1 212 -1 212 -1 212 -1 212 -1 212 -1 212 -1 212 -1 212 -1 212 -1 212 -1 212 -1 212 -1 212 -1 212 -1 212 -1 212 -1 212 -1 212 -1 212 -1 212 -1 212 -1 212 -1 212 -1 212 -1 212 -1 212 -1 212 -1 212 -1 212 -1 212 -1 212 -1 212 -1 212 -1 212 -1 212 -1 212 -1 212 -1 212 -1 212 -1 212 -1 212 -1 212 -1 212 -1 212 -1 212 -1 212 -1 212 -1 212 -1 212 -1 212 -1 212 -1 212 -1 212 -1 212 -1 212 -1 212 -1 212 -1 212 -1 212 -1 212 -1 212 -1 212 -1 212 -1 212 -1 212 -1 212 -1 212 -1 212 -1 212 -1 212 -1 212 -1 212 -1 212 -1 212 -1 212 -1 212 -1 212 -1 212 -1 212 -1 212 -1 212 -1 212 -1 212 -1 212 -1 212 -1 212 -1 212 -1 212 -1 212 -1 212 -1 212 -1 212 -1 212 -1 212 -1 212 -1 212 -1 212 -1 212 -1 212 -1 212 -1 212 -1 212 -1 212 -1 212 -1 212 -1 212 -1 212 -1 212 -1 212 -1 212 -1 212 -1 212 -1 212 -1 212 -1 212 -1 212 -1 212 -1 212 -1 212 -1 212 -1 212 -1 212 -1 212 -1 212 -1 212 -1 212 -1 212 -1 212 -1 212 -1 212 -1 212 -1 212 -1 212 -1 126 -1 62 -1 -2
212 -1 212 -1 212 -1 212 -1 212 -1 212 -1 212 -1 212 -1 212 -1 212 -1 212 -1 212 -1 212 -1 212 -1 212 -1 212 -1 212 -1 212 -1 212 -1 212 -1 212 -1 212 -1 212 -1 212 -1 212 -1 212 -1 212 -1 212 -1 212 -1 212 -1 212 -1 212 -1 212 -1 212 -1 212 -1 212 -1 212 -1 212 -1 212 -1 212 -1 212 -1 212 -1 212 -1 212 -1 212 -1 212 -1 212 -1 212 -1 212 -1 212 -1 212 -1 212 -1 212 -1 212 -1 212 -1 212 -1 212 -1 212 -1 212 -1 212 -1 212 -1 212 -1 212 -1 212 -1 212 -1 212 -1 212 -1 212 -1 212 -1 212 -1 212 -1 212 -1 212 -1 212 -1 212 -1 212 -1 212 -1 212 -1 212 -1 212 -1 212 -1 212 -1 212 -1 212 -1 212 -1 212 -1 212 -1 212 -1 212 -1 212 -1 212 -1 212 -1 212 -1 212 -1 212 -1 212 -1 212 -1 212 -1 212 -1 212 -1 212 -1 212 -1 212 -1 212 -1 212 -1 212 -1 212 -1 212 -1 212 -1 212 -1 212 -1 212 -1 212 -1 212 -1 212 -1 212 -1 212 -1 212 -1 212 -1 212 -1 212 -1 212 -1 212 -1 212 -1 212 -1 212 -1 212 -1 212 -1 212 -1 212 -1 212 -1 212 -1 212 -1 212 -1 212 -1 212 -1 212 -1 212 -1 212 -1 212 -1 212 -1 212 -1 212 -1 212 -1 212 -1 212 -1 212 -1 212 -1 212 -1 212 -1 212 -1 212 -1 212 -1 212 -1 212 -1 212 -1 212 -1 212 -1 212 -1 212 -1 212 -1 212 -1 212 -1 212 -1 212 -1 212 -1 212 -1 212 -1 212 -1 212 -1 212 -1 212 -1 212 -1 212 -1 212 -1 212 -1 212 -1 212 -1 212 -1 212 -1 212 -1 212 -1 212 -1 212 -1 212 -1 212 -1 212 -1 212 -1 212 -1 212 -1 212 -1 212 -1 212 -1 212 -1 212 -1 212 -1 212 -1 212 -1 212 -1 212 -1 212 -1 212 -1 212 -1 212 -1 212 -1 212 -1 212 -1 212 -1 212 -1 212 -1 212 -1 212 -1 212 -1 212 -1 212 -1 212 -1 212 -1 156 -1 362 -1 362 -1 362 -1 362 -1 362 -1 362 -1 362 -1 362 -1 362 -1 362 -1 362 -1 362 -1 362 -1 362 -1 362 -1 362 -1 362 -1 362 -1 362 -1 362 -1 362 -1 362 -1 362 -1 362 -1 362 -1 362 -1 362 -1 362 -1 362 -1 362 -1 362 -1 362 -1 362 -1 362 -1 362 -1 362 -1 362 -1 362 -1 362 -1 362 -1 362 -1 362 -1 362 -1 362 -1 362 -1 362 -1 362 -1 362 -1 362 -1 362 -1 362 -1 362 -1 362 -1 362 -1 259 -1 1262 -1 1262 -1 1262 -1 1262 -1 1262 -1 1262 -1 1262 -1 1262 -1 1262 -1 1262 -1 1262 -1 1262 -1 1262 -1 859 -1 -2
212 -1 212 -1 212 -1 212 -1 212 -1 212 -1 212 -1 212 -1 212 -1 212 -1 212 -1 212 -1 212 -1 212 -1 212 -1 212 -1 212 -1 212 -1 212 -1 212 -1 212 -1 212 -1 212 -1 212 -1 212 -1 212 -1 212 -1 212 -1 212 -1 212 -1 212 -1 212 -1 212 -1 212 -1 212 -1 212 -1 212 -1 212 -1 212 -1 212 -1 212 -1 212 -1 212 -1 212 -1 212 -1 212 -1 212 -1 362 -1 362 -1 362 -1 362 -1 362 -1 362 -1 362 -1 362 -1 362 -1 362 -1 362 -1 362 -1 362 -1 362 -1 362 -1 362 -1 362 -1 362 -1 362 -1 362 -1 362 -1 362 -1 362 -1 362 -1 362 -1 362 -1 362 -1 212 -1 212 -1 212 -1 212 -1 212 -1 212 -1 212 -1 109 -1 155 -1 62 -1 362 -1 362 -1 362 -1 362 -1 362 -1 362 -1 362 -1 362 -1 362 -1 362 -1 362 -1 362 -1 362 -1 362 -1 362 -1 362 -1 362 -1 362 -1 362 -1 362 -1 362 -1 362 -1 362 -1 362 -1 362 -1 362 -1 362 -1 212 -1 212 -1 212 -1 212 -1 62 -1 62 -1 212 -1 212 -1 212 -1 -2
212 -1 212 -1 212 -1 212 -1 212 -1 212 -1 212 -1 212 -1 212 -1 212 -1 212 -1 212 -1 212 -1 212 -1 212 -1 212 -1 212 -1 212 -1 212 -1 212 -1 212 -1 212 -1 212 -1 212 -1 212 -1 212 -1 212 -1 212 -1 212 -1 212 -1 212 -1 212 -1 212 -1 212 -1 212 -1 212 -1 212 -1 212 -1 -2
662 -1 662 -1 662 -1 662 -1 662 -1 662 -1 662 -1 662 -1 662 -1 662 -1 662 -1 662 -1 662 -1 662 -1 662 -1 662 -1 662 -1 662 -1 662 -1 662 -1 662 -1 662 -1 662 -1 662 -1 662 -1 662 -1 259 -1 62 -1 62 -1 62 -1 62 -1 212 -1 212 -1 212 -1 212 -1 212 -1 212 -1 212 -1 212 -1 212 -1 212 -1 212 -1 212 -1 212 -1 212 -1 212 -1 212 -1 212 -1 212 -1 212 -1 212 -1 212 -1 212 -1 212 -1 212 -1 212 -1 212 -1 212 -1 212 -1 212 -1 212 -1 212 -1 212 -1 212 -1 212 -1 212 -1 212 -1 212 -1 212 -1 212 -1 212 -1 212 -1 212 -1 212 -1 212 -1 212 -1 212 -1 212 -1 212 -1 212 -1 212 -1 212 -1 212 -1 212 -1 212 -1 212 -1 212 -1 212 -1 212 -1 212 -1 212 -1 212 -1 212 -1 212 -1 212 -1 212 -1 212 -1 212 -1 212 -1 212 -1 212 -1 212 -1 212 -1 212 -1 212 -1 212 -1 212 -1 212 -1 212 -1 212 -1 212 -1 212 -1 212 -1 212 -1 212 -1 212 -1 212 -1 212 -1 212 -1 212 -1 212 -1 212 -1 212 -1 212 -1 212 -1 212 -1 212 -1 212 -1 212 -1 212 -1 212 -1 212 -1 212 -1 212 -1 212 -1 212 -1 212 -1 212 -1 212 -1 212 -1 109 -1 109 -1 212 -1 212 -1 212 -1 212 -1 212 -1 212 -1 212 -1 212 -1 212 -1 212 -1 212 -1 212 -1 212 -1 212 -1 212 -1 212 -1 212 -1 212 -1 212 -1 212 -1 212 -1 212 -1 212 -1 212 -1 212 -1 212 -1 212 -1 212 -1 212 -1 212 -1 212 -1 212 -1 212 -1 212 -1 212 -1 212 -1 212 -1 212 -1 212 -1 212 -1 212 -1 212 -1 212 -1 212 -1 212 -1 212 -1 212 -1 212 -1 212 -1 212 -1 212 -1 212 -1 212 -1 212 -1 212 -1 212 -1 212 -1 212 -1 212 -1 212 -1 212 -1 212 -1 212 -1 212 -1 212 -1 212 -1 212 -1 212 -1 212 -1 212 -1 212 -1 212 -1 212 -1 212 -1 212 -1 212 -1 212 -1 212 -1 212 -1 212 -1 212 -1 212 -1 212 -1 212 -1 212 -1 212 -1 212 -1 212 -1 212 -1 212 -1 212 -1 212 -1 212 -1 212 -1 212 -1 212 -1 212 -1 212 -1 212 -1 212 -1 212 -1 212 -1 212 -1 212 -1 212 -1 212 -1 212 -1 212 -1 212 -1 109 -1 -2
212 -1 212 -1 212 -1 212 -1 212 -1 212 -1 212 -1 212 -1 212 -1 212 -1 212 -1 212 -1 212 -1 212 -1 212 -1 212 -1 212 -1 212 -1 212 -1 212 -1 212 -1 212 -1 212 -1 212 -1 212 -1 212 -1 212 -1 212 -1 212 -1 212 -1 212 -1 212 -1 212 -1 212 -1 212 -1 212 -1 212 -1 212 -1 212 -1 212 -1 212 -1 212 -1 212 -1 212 -1 212 -1 212 -1 212 -1 212 -1 212 -1 212 -1 212 -1 212 -1 212 -1 212 -1 212 -1 212 -1 212 -1 212 -1 212 -1 212 -1 212 -1 212 -1 212 -1 212 -1 212 -1 212 -1 212 -1 212 -1 212 -1 212 -1 212 -1 212 -1 212 -1 212 -1 212 -1 212 -1 195 -1 62 -1 212 -1 212 -1 212 -1 212 -1 212 -1 212 -1 212 -1 212 -1 212 -1 212 -1 212 -1 212 -1 212 -1 212 -1 212 -1 212 -1 212 -1 212 -1 212 -1 212 -1 212 -1 212 -1 212 -1 212 -1 212 -1 212 -1 212 -1 212 -1 212 -1 212 -1 212 -1 212 -1 212 -1 212 -1 212 -1 212 -1 212 -1 212 -1 212 -1 212 -1 212 -1 212 -1 212 -1 212 -1 212 -1 212 -1 212 -1 212 -1 212 -1 212 -1 212 -1 212 -1 212 -1 212 -1 212 -1 212 -1 212 -1 212 -1 212 -1 212 -1 212 -1 212 -1 212 -1 212 -1 212 -1 212 -1 212 -1 212 -1 212 -1 212 -1 212 -1 212 -1 212 -1 212 -1 212 -1 212 -1 212 -1 212 -1 212 -1 212 -1 212 -1 212 -1 212 -1 212 -1 212 -1 212 -1 212 -1 212 -1 212 -1 212 -1 212 -1 212 -1 212 -1 212 -1 212 -1 212 -1 212 -1 212 -1 212 -1 212 -1 212 -1 212 -1 212 -1 212 -1 212 -1 212 -1 212 -1 212 -1 212 -1 109 -1 362 -1 362 -1 362 -1 362 -1 362 -1 362 -1 362 -1 362 -1 362 -1 362 -1 362 -1 362 -1 362 -1 362 -1 362 -1 362 -1 362 -1 362 -1 362 -1 362 -1 362 -1 362 -1 362 -1 362 -1 362 -1 362 -1 362 -1 362 -1 362 -1 362 -1 362 -1 362 -1 362 -1 362 -1 362 -1 362 -1 362 -1 362 -1 362 -1 362 -1 362 -1 362 -1 362 -1 362 -1 362 -1 362 -1 362 -1 362 -1 362 -1 362 -1 362 -1 362 -1 362 -1 362 -1 259 -1 62 -1 212 -1 212 -1 212 -1 212 -1 212 -1 212 -1 212 -1 212 -1 212 -1 212 -1 212 -1 212 -1 212 -1 212 -1 212 -1 212 -1 212 -1 212 -1 212 -1 212 -1 212 -1 212 -1 212 -1 212 -1 212 -1 212 -1 212 -1 212 -1 212 -1 212 -1 212 -1 212 -1 212 -1 212 -1 212 -1 212 -1 212 -1 212 -1 212 -1 212 -1 212 -1 212 -1 212 -1 212 -1 212 -1 212 -1 212 -1 212 -1 212 -1 212 -1 212 -1 212 -1 212 -1 212 -1 -2
62 -1 212 -1 212 -1 212 -1 212 -1 212 -1 212 -1 212 -1 212 -1 212 -1 212 -1 212 -1 212 -1 212 -1 212 -1 212 -1 212 -1 212 -1 212 -1 212 -1 212 -1 212 -1 212 -1 212 -1 212 -1 212 -1 212 -1 212 -1 212 -1 212 -1 212 -1 212 -1 212 -1 212 -1 212 -1 212 -1 212 -1 212 -1 212 -1 212 -1 212 -1 212 -1 212 -1 212 -1 212 -1 212 -1 212 -1 212 -1 212 -1 212 -1 212 -1 212 -1 212 -1 212 -1 212 -1 212 -1 212 -1 212 -1 212 -1 212 -1 212 -1 212 -1 212 -1 212 -1 212 -1 212 -1 212 -1 212 -1 212 -1 212 -1 212 -1 212 -1 212 -1 212 -1 212 -1 212 -1 212 -1 212 -1 212 -1 212 -1 212 -1 212 -1 212 -1 212 -1 212 -1 212 -1 212 -1 212 -1 212 -1 212 -1 212 -1 212 -1 212 -1 212 -1 212 -1 212 -1 212 -1 212 -1 212 -1 212 -1 212 -1 212 -1 212 -1 212 -1 212 -1 212 -1 212 -1 212 -1 212 -1 212 -1 212 -1 212 -1 212 -1 212 -1 212 -1 212 -1 212 -1 212 -1 212 -1 212 -1 212 -1 212 -1 212 -1 212 -1 212 -1 212 -1 212 -1 212 -1 212 -1 212 -1 212 -1 212 -1 212 -1 212 -1 212 -1 212 -1 212 -1 212 -1 212 -1 212 -1 212 -1 212 -1 212 -1 212 -1 212 -1 212 -1 212 -1 212 -1 212 -1 212 -1 212 -1 212 -1 212 -1 212 -1 212 -1 212 -1 212 -1 212 -1 212 -1 212 -1 212 -1 212 -1 212 -1 212 -1 212 -1 212 -1 212 -1 212 -1 212 -1 212 -1 212 -1 212 -1 212 -1 212 -1 212 -1 212 -1 179 -1 212 -1 212 -1 212 -1 212 -1 212 -1 212 -1 212 -1 212 -1 212 -1 212 -1 212 -1 212 -1 212 -1 212 -1 212 -1 212 -1 212 -1 212 -1 212 -1 212 -1 212 -1 212 -1 212 -1 212 -1 212 -1 212 -1 212 -1 212 -1 212 -1 212 -1 212 -1 212 -1 212 -1 212 -1 212 -1 212 -1 212 -1 212 -1 212 -1 212 -1 212 -1 212 -1 212 -1 212 -1 212 -1 212 -1 212 -1 212 -1 212 -1 212 -1 212 -1 212 -1 212 -1 212 -1 212 -1 212 -1 212 -1 212 -1 212 -1 212 -1 212 -1 212 -1 212 -1 212 -1 212 -1 212 -1 212 -1 212 -1 212 -1 212 -1 212 -1 62 -1 212 -1 212 -1 212 -1 212 -1 212 -1 212 -1 212 -1 212 -1 212 -1 212 -1 212 -1 212 -1 212 -1 212 -1 212 -1 212 -1 212 -1 212 -1 212 -1 212 -1 212 -1 212 -1 212 -1 212 -1 212 -1 212 -1 212 -1 212 -1 212 -1 212 -1 212 -1 212 -1 212 -1 212 -1 212 -1 212 -1 212 -1 212 -1 109 -1 212 -1 212 -1 212 -1 212 -1 212 -1 212 -1 212 -1 212 -1 212 -1 212 -1 212 -1 212 -1 212 -1 212 -1 212 -1 212 -1 212 -1 212 -1 212 -1 212 -1 212 -1 212 -1 212 -1 212 -1 212 -1 212 -1 212 -1 212 -1 212 -1 212 -1 212 -1 212 -1 212 -1 212 -1 212 -1 212 -1 212 -1 212 -1 212 -1 212 -1 212 -1 212 -1 212 -1 212 -1 212 -1 212 -1 212 -1 212 -1 212 -1 212 -1 212 -1 212 -1 212 -1 212 -1 212 -1 212 -1 212 -1 212 -1 212 -1 212 -1 212 -1 212 -1 212 -1 212 -1 212 -1 212 -1 212 -1 212 -1 212 -1 212 -1 212 -1 212 -1 212 -1 212 -1 212 -1 212 -1 212 -1 212 -1 212 -1 212 -1 212 -1 212 -1 212 -1 212 -1 212 -1 212 -1 212 -1 212 -1 212 -1 212 -1 212 -1 212 -1 212 -1 212 -1 212 -1 212 -1 212 -1 212 -1 212 -1 212 -1 212 -1 212 -1 212 -1 212 -1 212 -1 212 -1 212 -1 212 -1 212 -1 109 -1 -2
212 -1 212 -1 212 -1 212 -1 212 -1 212 -1 212 -1 212 -1 212 -1 62 -1 212 -1 212 -1 212 -1 212 -1 212 -1 212 -1 212 -1 212 -1 212 -1 212 -1 212 -1 212 -1 212 -1 212 -1 212 -1 212 -1 212 -1 212 -1 212 -1 212 -1 212 -1 212 -1 212 -1 212 -1 362 -1 300 -1 362 -1 362 -1 362 -1 362 -1 362 -1 362 -1 362 -1 362 -1 362 -1 362 -1 362 -1 362 -1 362 -1 362 -1 362 -1 362 -1 362 -1 362 -1 362 -1 362 -1 362 -1 362 -1 362 -1 362 -1 362 -1 362 -1 362 -1 362 -1 362 -1 362 -1 362 -1 362 -1 362 -1 362 -1 362 -1 362 -1 362 -1 362 -1 362 -1 362 -1 362 -1 362 -1 362 -1 362 -1 362 -1 -2
362 -1 362 -1 362 -1 362 -1 362 -1 362 -1 362 -1 362 -1 259 -1 62 -1 212 -1 62 -1 212 -1 62 -1 212 -1 212 -1 212 -1 212 -1 212 -1 212 -1 212 -1 212 -1 212 -1 212 -1 212 -1 212 -1 212 -1 212 -1 212 -1 212 -1 212 -1 212 -1 212 -1 212 -1 212 -1 212 -1 212 -1 212 -1 212 -1 212 -1 212 -1 212 -1 212 -1 212 -1 212 -1 212 -1 212 -1 212 -1 212 -1 212 -1 212 -1 212 -1 212 -1 212 -1 212 -1 212 -1 212 -1 212 -1 212 -1 212 -1 212 -1 212 -1 212 -1 212 -1 212 -1 212 -1 212 -1 212 -1 212 -1 212 -1 212 -1 212 -1 212 -1 212 -1 212 -1 212 -1 212 -1 212 -1 212 -1 212 -1 212 -1 212 -1 212 -1 212 -1 212 -1 212 -1 212 -1 212 -1 212 -1 212 -1 212 -1 212 -1 212 -1 212 -1 212 -1 212 -1 212 -1 212 -1 212 -1 212 -1 212 -1 212 -1 212 -1 212 -1 212 -1 212 -1 212 -1 212 -1 212 -1 362 -1 362 -1 362 -1 362 -1 362 -1 362 -1 362 -1 362 -1 362 -1 362 -1 362 -1 362 -1 362 -1 362 -1 362 -1 362 -1 362 -1 362 -1 362 -1 362 -1 362 -1 362 -1 362 -1 362 -1 362 -1 362 -1 212 -1 212 -1 212 -1 212 -1 212 -1 212 -1 212 -1 212 -1 212 -1 212 -1 212 -1 212 -1 212 -1 212 -1 212 -1 212 -1 212 -1 212 -1 212 -1 212 -1 212 -1 212 -1 212 -1 212 -1 212 -1 212 -1 212 -1 212 -1 212 -1 212 -1 212 -1 212 -1 212 -1 212 -1 212 -1 212 -1 212 -1 212 -1 62 -1 212 -1 212 -1 212 -1 212 -1 212 -1 212 -1 212 -1 212 -1 212 -1 212 -1 212 -1 212 -1 212 -1 212 -1 212 -1 212 -1 212 -1 212 -1 212 -1 212 -1 212 -1 212 -1 212 -1 212 -1 212 -1 212 -1 212 -1 212 -1 212 -1 212 -1 212 -1 212 -1 212 -1 212 -1 212 -1 212 -1 212 -1 212 -1 212 -1 212 -1 212 -1 212 -1 212 -1 212 -1 212 -1 212 -1 212 -1 212 -1 212 -1 212 -1 212 -1 212 -1 212 -1 212 -1 212 -1 212 -1 212 -1 212 -1 212 -1 212 -1 212 -1 212 -1 212 -1 212 -1 212 -1 212 -1 212 -1 212 -1 212 -1 212 -1 212 -1 212 -1 212 -1 212 -1 212 -1 212 -1 212 -1 212 -1 212 -1 212 -1 212 -1 212 -1 212 -1 212 -1 212 -1 212 -1 212 -1 212 -1 212 -1 212 -1 212 -1 212 -1 212 -1 212 -1 212 -1 212 -1 212 -1 212 -1 212 -1 212 -1 212 -1 212 -1 212 -1 212 -1 212 -1 212 -1 212 -1 212 -1 212 -1 212 -1 212 -1 212 -1 212 -1 212 -1 212 -1 212 -1 212 -1 212 -1 212 -1 212 -1 212 -1 212 -1 212 -1 212 -1 212 -1 212 -1 212 -1 212 -1 212 -1 212 -1 212 -1 212 -1 212 -1 212 -1 212 -1 212 -1 212 -1 212 -1 212 -1 212 -1 212 -1 212 -1 212 -1 212 -1 203 -1 -2
212 -1 212 -1 212 -1 212 -1 212 -1 212 -1 212 -1 212 -1 62 -1 212 -1 212 -1 212 -1 212 -1 212 -1 212 -1 212 -1 212 -1 -2
212 -1 212 -1 212 -1 212 -1 212 -1 212 -1 212 -1 212 -1 212 -1 212 -1 212 -1 212 -1 212 -1 212 -1 212 -1 149 -1 62 -1 212 -1 212 -1 212 -1 212 -1 212 -1 212 -1 212 -1 212 -1 212 -1 212 -1 212 -1 212 -1 212 -1 212 -1 212 -1 -2
212 -1 212 -1 62 -1 212 -1 212 -1 212 -1 -2
212 -1 212 -1 212 -1 212 -1 212 -1 212 -1 212 -1 212 -1 212 -1 212 -1 212 -1 62 -1 212 -1 212 -1 212 -1 212 -1 212 -1 212 -1 212 -1 212 -1 212 -1 212 -1 212 -1 212 -1 212 -1 212 -1 212 -1 212 -1 212 -1 212 -1 212 -1 212 -1 -2
212 -1 212 -1 212 -1 212 -1 212 -1 212 -1 212 -1 212 -1 212 -1 212 -1 212 -1 212 -1 212 -1 212 -1 212 -1 212 -1 212 -1 212 -1 212 -1 212 -1 212 -1 212 -1 212 -1 212 -1 212 -1 212 -1 212 -1 212 -1 212 -1 212 -1 212 -1 212 -1 212 -1 212 -1 212 -1 -2
212 -1 62 -1 212 -1 212 -1 212 -1 212 -1 212 -1 212 -1 212 -1 212 -1 212 -1 212 -1 212 -1 212 -1 212 -1 212 -1 212 -1 212 -1 212 -1 212 -1 212 -1 212 -1 212 -1 212 -1 212 -1 212 -1 212 -1 212 -1 212 -1 212 -1 212 -1 212 -1 212 -1 212 -1 212 -1 212 -1 212 -1 212 -1 212 -1 212 -1 212 -1 212 -1 212 -1 212 -1 212 -1 212 -1 212 -1 212 -1 212 -1 212 -1 212 -1 212 -1 212 -1 212 -1 212 -1 212 -1 212 -1 212 -1 212 -1 212 -1 212 -1 212 -1 212 -1 212 -1 212 -1 212 -1 212 -1 212 -1 212 -1 212 -1 212 -1 212 -1 212 -1 212 -1 212 -1 212 -1 212 -1 212 -1 212 -1 212 -1 212 -1 212 -1 212 -1 212 -1 212 -1 212 -1 212 -1 212 -1 212 -1 212 -1 212 -1 212 -1 212 -1 212 -1 212 -1 212 -1 212 -1 212 -1 212 -1 212 -1 212 -1 212 -1 212 -1 212 -1 212 -1 212 -1 212 -1 212 -1 212 -1 212 -1 212 -1 212 -1 212 -1 212 -1 212 -1 212 -1 212 -1 212 -1 212 -1 212 -1 212 -1 156 -1 212 -1 212 -1 212 -1 212 -1 212 -1 212 -1 212 -1 212 -1 212 -1 212 -1 212 -1 212 -1 212 -1 212 -1 212 -1 212 -1 212 -1 212 -1 212 -1 212 -1 212 -1 212 -1 212 -1 212 -1 212 -1 62 -1 362 -1 362 -1 212 -1 212 -1 212 -1 212 -1 62 -1 212 -1 212 -1 212 -1 212 -1 212 -1 212 -1 212 -1 212 -1 212 -1 212 -1 212 -1 212 -1 212 -1 212 -1 212 -1 212 -1 212 -1 212 -1 212 -1 212 -1 212 -1 212 -1 212 -1 212 -1 212 -1 212 -1 212 -1 212 -1 212 -1 212 -1 212 -1 212 -1 212 -1 212 -1 212 -1 212 -1 212 -1 212 -1 212 -1 212 -1 212 -1 212 -1 212 -1 212 -1 212 -1 212 -1 212 -1 212 -1 212 -1 212 -1 212 -1 212 -1 212 -1 212 -1 212 -1 212 -1 212 -1 212 -1 212 -1 212 -1 212 -1 212 -1 212 -1 212 -1 212 -1 212 -1 212 -1 212 -1 212 -1 212 -1 212 -1 212 -1 212 -1 212 -1 212 -1 212 -1 212 -1 212 -1 212 -1 212 -1 212 -1 212 -1 212 -1 212 -1 212 -1 212 -1 212 -1 212 -1 212 -1 212 -1 212 -1 212 -1 212 -1 212 -1 212 -1 212 -1 212 -1 212 -1 212 -1 212 -1 212 -1 212 -1 212 -1 212 -1 212 -1 212 -1 212 -1 212 -1 212 -1 212 -1 212 -1 212 -1 212 -1 212 -1 212 -1 212 -1 212 -1 212 -1 212 -1 212 -1 212 -1 -2
62 -1 212 -1 212 -1 212 -1 212 -1 212 -1 212 -1 212 -1 212 -1 212 -1 212 -1 212 -1 212 -1 212 -1 212 -1 212 -1 212 -1 212 -1 212 -1 212 -1 212 -1 212 -1 212 -1 212 -1 212 -1 212 -1 212 -1 212 -1 212 -1 212 -1 212 -1 212 -1 212 -1 212 -1 212 -1 212 -1 212 -1 212 -1 212 -1 212 -1 212 -1 212 -1 212 -1 212 -1 212 -1 212 -1 212 -1 212 -1 212 -1 212 -1 212 -1 212 -1 212 -1 212 -1 212 -1 212 -1 212 -1 212 -1 212 -1 212 -1 212 -1 212 -1 212 -1 212 -1 212 -1 212 -1 212 -1 212 -1 212 -1 212 -1 212 -1 212 -1 212 -1 212 -1 212 -1 212 -1 212 -1 212 -1 212 -1 212 -1 212 -1 212 -1 212 -1 212 -1 212 -1 212 -1 212 -1 212 -1 212 -1 212 -1 212 -1 212 -1 212 -1 212 -1 212 -1 212 -1 212 -1 212 -1 212 -1 212 -1 212 -1 212 -1 212 -1 62 -1 212 -1 212 -1 212 -1 212 -1 212 -1 212 -1 212 -1 212 -1 212 -1 212 -1 212 -1 212 -1 212 -1 212 -1 212 -1 212 -1 212 -1 212 -1 212 -1 212 -1 212 -1 212 -1 212 -1 212 -1 212 -1 212 -1 212 -1 212 -1 212 -1 212 -1 212 -1 212 -1 212 -1 212 -1 212 -1 212 -1 212 -1 212 -1 212 -1 212 -1 212 -1 212 -1 212 -1 212 -1 212 -1 212 -1 212 -1 212 -1 212 -1 212 -1 362 -1 362 -1 362 -1 362 -1 212 -1 212 -1 212 -1 212 -1 212 -1 212 -1 212 -1 212 -1 212 -1 212 -1 212 -1 212 -1 212 -1 212 -1 212 -1 212 -1 212 -1 212 -1 212 -1 212 -1 212 -1 212 -1 212 -1 212 -1 212 -1 212 -1 212 -1 212 -1 212 -1 212 -1 212 -1 212 -1 212 -1 212 -1 212 -1 212 -1 212 -1 212 -1 212 -1 212 -1 212 -1 212 -1 212 -1 212 -1 212 -1 212 -1 212 -1 212 -1 212 -1 212 -1 62 -1 212 -1 212 -1 212 -1 212 -1 212 -1 212 -1 212 -1 212 -1 212 -1 212 -1 212 -1 212 -1 212 -1 212 -1 212 -1 212 -1 212 -1 212 -1 212 -1 212 -1 212 -1 212 -1 212 -1 212 -1 212 -1 212 -1 212 -1 212 -1 212 -1 212 -1 212 -1 212 -1 212 -1 212 -1 212 -1 212 -1 212 -1 212 -1 212 -1 212 -1 212 -1 212 -1 212 -1 212 -1 212 -1 212 -1 212 -1 212 -1 212 -1 212 -1 212 -1 212 -1 212 -1 212 -1 212 -1 212 -1 212 -1 212 -1 212 -1 212 -1 212 -1 212 -1 212 -1 212 -1 212 -1 212 -1 212 -1 212 -1 212 -1 212 -1 212 -1 212 -1 212 -1 212 -1 62 -1 212 -1 62 -1 212 -1 -2
62 -1 212 -1 62 -1 212 -1 212 -1 212 -1 212 -1 212 -1 212 -1 212 -1 212 -1 212 -1 212 -1 212 -1 212 -1 212 -1 212 -1 62 -1 -2
