74 -1 66 -1 1228 -1 66 -1 66 -1 -2
74 -1 66 -1 1228 -1 66 -1 66 -1 -2
74 -1 66 -1 1228 -1 66 -1 66 -1 -2
74 -1 66 -1 1228 -1 66 -1 66 -1 -2
74 -1 66 -1 1227 -1 66 -1 66 -1 -2
74 -1 66 -1 1228 -1 66 -1 66 -1 -2
74 -1 66 -1 1228 -1 66 -1 66 -1 -2
74 -1 66 -1 1228 -1 66 -1 66 -1 -2
74 -1 66 -1 1228 -1 66 -1 66 -1 -2
74 -1 66 -1 1228 -1 66 -1 66 -1 -2
74 -1 66 -1 1271 -1 66 -1 66 -1 66 -1 -2
74 -1 66 -1 1228 -1 66 -1 66 -1 -2
74 -1 66 -1 1228 -1 66 -1 66 -1 -2
74 -1 66 -1 1228 -1 66 -1 66 -1 -2
74 -1 66 -1 1228 -1 66 -1 66 -1 -2
74 -1 66 -1 1228 -1 66 -1 66 -1 -2
74 -1 66 -1 1228 -1 66 -1 66 -1 -2
74 -1 66 -1 1228 -1 66 -1 66 -1 -2
74 -1 66 -1 1228 -1 66 -1 66 -1 -2
74 -1 66 -1 1228 -1 66 -1 66 -1 -2
74 -1 66 -1 1227 -1 66 -1 66 -1 -2
74 -1 66 -1 66 -1 1269 -1 66 -1 66 -1 -2
74 -1 66 -1 1228 -1 66 -1 66 -1 -2
74 -1 66 -1 1228 -1 66 -1 66 -1 -2
74 -1 66 -1 66 -1 1356 -1 66 -1 66 -1 -2
74 -1 66 -1 1352 -1 66 -1 66 -1 66 -1 -2
74 -1 66 -1 1226 -1 66 -1 66 -1 -2
