62 -1 60 -1 343 -1 60 -1 60 -1 -2
62 -1 60 -1 338 -1 60 -1 60 -1 -2
62 -1 60 -1 340 -1 60 -1 60 -1 -2
62 -1 60 -1 340 -1 60 -1 60 -1 -2
62 -1 60 -1 343 -1 60 -1 60 -1 -2
62 -1 60 -1 340 -1 60 -1 60 -1 -2
62 -1 60 -1 343 -1 60 -1 60 -1 -2
62 -1 60 -1 343 -1 60 -1 60 -1 -2
62 -1 60 -1 340 -1 60 -1 60 -1 -2
62 -1 60 -1 343 -1 60 -1 60 -1 -2
62 -1 60 -1 343 -1 60 -1 60 -1 -2
62 -1 60 -1 338 -1 60 -1 60 -1 -2
62 -1 60 -1 340 -1 60 -1 60 -1 -2
62 -1 60 -1 338 -1 60 -1 60 -1 -2
62 -1 60 -1 343 -1 60 -1 60 -1 -2
62 -1 60 -1 60 -1 343 -1 60 -1 -2
62 -1 60 -1 343 -1 60 -1 60 -1 -2
