87 -1 76 -1 75 -1 75 -1 75 -1 75 -1 94 -1 71 -1 94 -1 71 -1 69 -1 94 -1 75 -1 75 -1 72 -1 87 -1 72 -1 72 -1 76 -1 71 -1 76 -1 94 -1 71 -1 71 -1 73 -1 73 -1 94 -1 72 -1 72 -1 -2
71 -1 94 -1 71 -1 94 -1 76 -1 70 -1 76 -1 69 -1 94 -1 71 -1 71 -1 94 -1 74 -1 94 -1 76 -1 76 -1 94 -1 76 -1 76 -1 94 -1 71 -1 87 -1 76 -1 75 -1 70 -1 75 -1 -2
72 -1 72 -1 94 -1 73 -1 73 -1 73 -1 94 -1 74 -1 94 -1 74 -1 74 -1 71 -1 87 -1 76 -1 71 -1 70 -1 94 -1 70 -1 70 -1 94 -1 70 -1 69 -1 94 -1 69 -1 69 -1 -2
94 -1 69 -1 69 -1 94 -1 73 -1 73 -1 94 -1 73 -1 73 -1 76 -1 87 -1 76 -1 76 -1 74 -1 87 -1 76 -1 74 -1 74 -1 94 -1 70 -1 70 -1 94 -1 75 -1 70 -1 75 -1 87 -1 76 -1 73 -1 94 -1 73 -1 73 -1 -2
69 -1 69 -1 94 -1 69 -1 87 -1 76 -1 70 -1 69 -1 73 -1 94 -1 73 -1 73 -1 69 -1 87 -1 76 -1 69 -1 70 -1 94 -1 70 -1 87 -1 76 -1 73 -1 73 -1 73 -1 70 -1 73 -1 -2
94 -1 75 -1 76 -1 94 -1 76 -1 73 -1 73 -1 94 -1 70 -1 70 -1 94 -1 73 -1 94 -1 73 -1 70 -1 72 -1 72 -1 94 -1 69 -1 69 -1 87 -1 76 -1 76 -1 94 -1 74 -1 74 -1 94 -1 74 -1 -2
75 -1 75 -1 75 -1 94 -1 70 -1 70 -1 94 -1 71 -1 71 -1 94 -1 71 -1 69 -1 69 -1 87 -1 76 -1 75 -1 76 -1 94 -1 75 -1 75 -1 94 -1 75 -1 75 -1 -2
75 -1 70 -1 70 -1 87 -1 76 -1 72 -1 72 -1 94 -1 69 -1 94 -1 69 -1 70 -1 70 -1 70 -1 94 -1 75 -1 94 -1 75 -1 -2
80 -1 94 -1 80 -1 80 -1 80 -1 71 -1 71 -1 87 -1 76 -1 71 -1 94 -1 70 -1 74 -1 94 -1 74 -1 74 -1 75 -1 94 -1 69 -1 94 -1 69 -1 94 -1 70 -1 69 -1 69 -1 69 -1 94 -1 -2
76 -1 94 -1 70 -1 94 -1 70 -1 72 -1 94 -1 74 -1 94 -1 74 -1 70 -1 71 -1 71 -1 87 -1 76 -1 74 -1 87 -1 76 -1 71 -1 71 -1 71 -1 94 -1 72 -1 72 -1 94 -1 72 -1 72 -1 94 -1 76 -1 76 -1 70 -1 94 -1 -2
69 -1 69 -1 94 -1 69 -1 87 -1 76 -1 69 -1 69 -1 94 -1 69 -1 72 -1 94 -1 72 -1 74 -1 74 -1 74 -1 94 -1 73 -1 73 -1 94 -1 76 -1 76 -1 94 -1 71 -1 71 -1 87 -1 76 -1 70 -1 76 -1 -2
74 -1 74 -1 70 -1 70 -1 70 -1 71 -1 68 -1 71 -1 69 -1 88 -1 69 -1 94 -1 71 -1 94 -1 87 -1 87 -1 -2
73 -1 94 -1 85 -1 75 -1 70 -1 75 -1 87 -1 76 -1 73 -1 73 -1 73 -1 70 -1 94 -1 72 -1 72 -1 70 -1 94 -1 70 -1 76 -1 76 -1 94 -1 69 -1 69 -1 94 -1 70 -1 70 -1 81 -1 81 -1 87 -1 76 -1 71 -1 94 -1 71 -1 70 -1 -2
76 -1 69 -1 94 -1 69 -1 70 -1 71 -1 70 -1 94 -1 70 -1 70 -1 77 -1 73 -1 94 -1 72 -1 94 -1 72 -1 70 -1 70 -1 94 -1 70 -1 75 -1 87 -1 76 -1 75 -1 70 -1 87 -1 76 -1 74 -1 74 -1 94 -1 71 -1 94 -1 71 -1 -2
76 -1 76 -1 94 -1 70 -1 70 -1 94 -1 73 -1 73 -1 94 -1 70 -1 70 -1 94 -1 76 -1 94 -1 76 -1 70 -1 75 -1 75 -1 87 -1 76 -1 70 -1 70 -1 87 -1 76 -1 69 -1 94 -1 72 -1 72 -1 72 -1 73 -1 87 -1 76 -1 -2
76 -1 94 -1 69 -1 69 -1 94 -1 75 -1 75 -1 94 -1 70 -1 70 -1 83 -1 83 -1 71 -1 94 -1 75 -1 94 -1 70 -1 70 -1 94 -1 76 -1 76 -1 94 -1 75 -1 75 -1 75 -1 75 -1 87 -1 76 -1 75 -1 94 -1 74 -1 74 -1 -2
94 -1 69 -1 70 -1 76 -1 94 -1 75 -1 94 -1 71 -1 71 -1 94 -1 74 -1 74 -1 74 -1 74 -1 94 -1 74 -1 74 -1 94 -1 74 -1 71 -1 71 -1 94 -1 73 -1 94 -1 73 -1 73 -1 87 -1 76 -1 73 -1 -2
