60 -1 60 -1 589 -1 60 -1 60 -1 -2
60 -1 60 -1 591 -1 60 -1 60 -1 -2
60 -1 60 -1 533 -1 60 -1 60 -1 -2
60 -1 60 -1 565 -1 60 -1 60 -1 -2
60 -1 60 -1 591 -1 60 -1 60 -1 -2
60 -1 60 -1 589 -1 60 -1 60 -1 -2
60 -1 60 -1 585 -1 60 -1 60 -1 -2
60 -1 60 -1 591 -1 60 -1 60 -1 -2
60 -1 60 -1 591 -1 60 -1 60 -1 -2
60 -1 60 -1 591 -1 60 -1 60 -1 -2
60 -1 60 -1 531 -1 60 -1 60 -1 -2
60 -1 60 -1 589 -1 60 -1 60 -1 -2
60 -1 60 -1 589 -1 60 -1 60 -1 -2
60 -1 60 -1 589 -1 60 -1 60 -1 -2
60 -1 60 -1 589 -1 60 -1 60 -1 -2
60 -1 60 -1 591 -1 60 -1 60 -1 -2
