6 -1 -2
8 -1 8 -1 8 -1 8 -1 8 -1 8 -1 8 -1 8 -1 8 -1 8 -1 8 -1 8 -1 8 -1 8 -1 8 -1 8 -1 8 -1 8 -1 8 -1 8 -1 8 -1 8 -1 8 -1 8 -1 8 -1 8 -1 8 -1 8 -1 8 -1 8 -1 8 -1 8 -1 8 -1 8 -1 8 -1 8 -1 8 -1 8 -1 8 -1 8 -1 8 -1 8 -1 8 -1 8 -1 8 -1 8 -1 8 -1 8 -1 8 -1 8 -1 8 -1 8 -1 8 -1 8 -1 8 -1 8 -1 8 -1 8 -1 8 -1 8 -1 8 -1 8 -1 8 -1 8 -1 8 -1 8 -1 8 -1 8 -1 8 -1 8 -1 8 -1 -2
8 -1 -2
8 -1 -2
8 -1 8 -1 8 -1 8 -1 8 -1 8 -1 8 -1 8 -1 8 -1 8 -1 8 -1 8 -1 8 -1 8 -1 8 -1 8 -1 8 -1 8 -1 8 -1 8 -1 8 -1 8 -1 8 -1 8 -1 8 -1 8 -1 8 -1 8 -1 8 -1 8 -1 8 -1 8 -1 8 -1 8 -1 8 -1 8 -1 8 -1 8 -1 8 -1 8 -1 8 -1 8 -1 8 -1 8 -1 8 -1 8 -1 8 -1 8 -1 8 -1 8 -1 8 -1 8 -1 8 -1 8 -1 8 -1 8 -1 8 -1 8 -1 8 -1 8 -1 8 -1 8 -1 8 -1 8 -1 8 -1 8 -1 8 -1 8 -1 -2
8 -1 -2
9 -1 9 -1 9 -1 9 -1 9 -1 9 -1 9 -1 9 -1 9 -1 9 -1 9 -1 9 -1 9 -1 9 -1 9 -1 9 -1 9 -1 9 -1 9 -1 9 -1 9 -1 9 -1 9 -1 9 -1 9 -1 9 -1 9 -1 9 -1 9 -1 9 -1 9 -1 9 -1 9 -1 9 -1 9 -1 9 -1 9 -1 9 -1 9 -1 9 -1 9 -1 9 -1 9 -1 9 -1 9 -1 9 -1 9 -1 9 -1 9 -1 9 -1 9 -1 9 -1 9 -1 9 -1 9 -1 9 -1 9 -1 9 -1 9 -1 9 -1 9 -1 9 -1 9 -1 9 -1 9 -1 9 -1 9 -1 -2
9 -1 9 -1 9 -1 9 -1 9 -1 9 -1 9 -1 9 -1 9 -1 9 -1 9 -1 9 -1 9 -1 9 -1 9 -1 9 -1 9 -1 9 -1 9 -1 9 -1 9 -1 9 -1 9 -1 9 -1 9 -1 9 -1 9 -1 9 -1 9 -1 9 -1 9 -1 9 -1 9 -1 9 -1 9 -1 9 -1 9 -1 9 -1 9 -1 9 -1 9 -1 9 -1 9 -1 9 -1 9 -1 9 -1 9 -1 9 -1 9 -1 9 -1 9 -1 9 -1 9 -1 9 -1 9 -1 9 -1 9 -1 9 -1 9 -1 9 -1 9 -1 9 -1 9 -1 9 -1 9 -1 9 -1 9 -1 9 -1 9 -1 -2
8 -1 8 -1 8 -1 8 -1 8 -1 8 -1 8 -1 8 -1 8 -1 8 -1 8 -1 8 -1 8 -1 8 -1 8 -1 8 -1 8 -1 8 -1 8 -1 8 -1 8 -1 8 -1 8 -1 8 -1 8 -1 8 -1 8 -1 8 -1 8 -1 8 -1 8 -1 8 -1 8 -1 8 -1 8 -1 8 -1 8 -1 8 -1 8 -1 8 -1 8 -1 8 -1 8 -1 8 -1 8 -1 8 -1 8 -1 8 -1 8 -1 8 -1 8 -1 8 -1 8 -1 8 -1 8 -1 8 -1 8 -1 8 -1 8 -1 8 -1 8 -1 8 -1 8 -1 8 -1 8 -1 8 -1 8 -1 -2
8 -1 8 -1 8 -1 8 -1 8 -1 8 -1 8 -1 8 -1 8 -1 8 -1 8 -1 8 -1 8 -1 8 -1 8 -1 8 -1 8 -1 8 -1 8 -1 8 -1 8 -1 8 -1 8 -1 8 -1 8 -1 8 -1 8 -1 8 -1 8 -1 8 -1 8 -1 8 -1 8 -1 8 -1 8 -1 8 -1 8 -1 8 -1 8 -1 8 -1 8 -1 8 -1 8 -1 8 -1 8 -1 8 -1 8 -1 8 -1 8 -1 8 -1 8 -1 8 -1 8 -1 8 -1 8 -1 8 -1 8 -1 8 -1 8 -1 8 -1 8 -1 8 -1 8 -1 8 -1 8 -1 8 -1 8 -1 8 -1 8 -1 -2
8 -1 8 -1 8 -1 8 -1 8 -1 8 -1 8 -1 8 -1 8 -1 8 -1 8 -1 8 -1 8 -1 8 -1 8 -1 8 -1 8 -1 8 -1 8 -1 8 -1 8 -1 8 -1 8 -1 8 -1 8 -1 8 -1 8 -1 8 -1 8 -1 8 -1 8 -1 8 -1 8 -1 8 -1 8 -1 8 -1 8 -1 8 -1 8 -1 8 -1 8 -1 8 -1 8 -1 8 -1 8 -1 8 -1 8 -1 8 -1 8 -1 8 -1 8 -1 8 -1 8 -1 8 -1 8 -1 8 -1 8 -1 8 -1 8 -1 8 -1 8 -1 8 -1 8 -1 8 -1 8 -1 8 -1 8 -1 8 -1 -2
8 -1 -2
8 -1 -2
8 -1 8 -1 8 -1 8 -1 8 -1 8 -1 8 -1 8 -1 8 -1 8 -1 8 -1 8 -1 8 -1 8 -1 8 -1 8 -1 8 -1 8 -1 8 -1 8 -1 8 -1 8 -1 8 -1 6 -1 8 -1 8 -1 8 -1 8 -1 8 -1 8 -1 8 -1 8 -1 8 -1 8 -1 8 -1 8 -1 8 -1 8 -1 8 -1 8 -1 8 -1 8 -1 8 -1 8 -1 8 -1 8 -1 8 -1 8 -1 8 -1 -2
8 -1 -2
6 -1 8 -1 8 -1 8 -1 -2
9 -1 9 -1 9 -1 9 -1 9 -1 9 -1 9 -1 9 -1 9 -1 9 -1 9 -1 9 -1 9 -1 9 -1 9 -1 9 -1 9 -1 9 -1 9 -1 9 -1 9 -1 9 -1 9 -1 9 -1 9 -1 9 -1 9 -1 9 -1 9 -1 9 -1 9 -1 9 -1 9 -1 9 -1 9 -1 9 -1 9 -1 9 -1 9 -1 9 -1 9 -1 9 -1 9 -1 9 -1 9 -1 9 -1 9 -1 9 -1 9 -1 9 -1 9 -1 9 -1 9 -1 9 -1 9 -1 9 -1 9 -1 9 -1 9 -1 9 -1 9 -1 9 -1 9 -1 9 -1 9 -1 9 -1 9 -1 9 -1 9 -1 9 -1 9 -1 9 -1 -2
8 -1 -2
6 -1 -2
6 -1 -2
9 -1 9 -1 9 -1 9 -1 9 -1 9 -1 9 -1 9 -1 9 -1 9 -1 9 -1 9 -1 9 -1 9 -1 9 -1 9 -1 9 -1 9 -1 9 -1 9 -1 9 -1 9 -1 9 -1 9 -1 9 -1 9 -1 9 -1 9 -1 9 -1 9 -1 9 -1 9 -1 9 -1 9 -1 9 -1 9 -1 9 -1 9 -1 9 -1 9 -1 9 -1 9 -1 9 -1 9 -1 9 -1 9 -1 9 -1 9 -1 9 -1 9 -1 9 -1 9 -1 9 -1 9 -1 9 -1 9 -1 9 -1 9 -1 9 -1 9 -1 9 -1 9 -1 9 -1 9 -1 9 -1 9 -1 9 -1 -2
9 -1 9 -1 9 -1 9 -1 9 -1 9 -1 9 -1 9 -1 9 -1 9 -1 9 -1 9 -1 9 -1 9 -1 9 -1 9 -1 9 -1 9 -1 9 -1 9 -1 9 -1 9 -1 9 -1 9 -1 9 -1 9 -1 9 -1 9 -1 9 -1 9 -1 9 -1 9 -1 9 -1 9 -1 9 -1 9 -1 9 -1 9 -1 9 -1 9 -1 9 -1 9 -1 9 -1 9 -1 9 -1 9 -1 9 -1 9 -1 9 -1 9 -1 9 -1 9 -1 9 -1 9 -1 9 -1 9 -1 9 -1 9 -1 9 -1 9 -1 9 -1 9 -1 9 -1 9 -1 9 -1 9 -1 9 -1 -2
8 -1 5 -1 9 -1 9 -1 9 -1 9 -1 9 -1 9 -1 9 -1 9 -1 9 -1 9 -1 9 -1 9 -1 9 -1 9 -1 9 -1 9 -1 3 -1 9 -1 9 -1 9 -1 9 -1 9 -1 5 -1 9 -1 9 -1 9 -1 9 -1 9 -1 9 -1 9 -1 9 -1 9 -1 9 -1 7 -1 9 -1 9 -1 9 -1 9 -1 9 -1 9 -1 9 -1 -2
9 -1 9 -1 9 -1 9 -1 9 -1 9 -1 9 -1 9 -1 9 -1 9 -1 9 -1 9 -1 9 -1 9 -1 9 -1 9 -1 9 -1 9 -1 9 -1 9 -1 9 -1 9 -1 9 -1 9 -1 9 -1 9 -1 9 -1 9 -1 9 -1 9 -1 9 -1 9 -1 9 -1 9 -1 9 -1 9 -1 9 -1 9 -1 9 -1 9 -1 9 -1 9 -1 9 -1 9 -1 9 -1 9 -1 9 -1 9 -1 9 -1 9 -1 9 -1 9 -1 9 -1 9 -1 9 -1 9 -1 9 -1 9 -1 9 -1 9 -1 9 -1 9 -1 9 -1 -2
8 -1 8 -1 8 -1 8 -1 8 -1 8 -1 8 -1 8 -1 8 -1 8 -1 8 -1 8 -1 8 -1 8 -1 8 -1 8 -1 8 -1 8 -1 8 -1 8 -1 8 -1 8 -1 8 -1 8 -1 8 -1 8 -1 8 -1 8 -1 8 -1 8 -1 8 -1 8 -1 8 -1 8 -1 8 -1 8 -1 8 -1 8 -1 8 -1 8 -1 8 -1 8 -1 8 -1 8 -1 8 -1 8 -1 8 -1 8 -1 8 -1 8 -1 8 -1 8 -1 8 -1 8 -1 8 -1 8 -1 8 -1 8 -1 8 -1 8 -1 8 -1 8 -1 8 -1 8 -1 8 -1 8 -1 8 -1 8 -1 -2
9 -1 9 -1 9 -1 9 -1 9 -1 9 -1 9 -1 9 -1 9 -1 9 -1 9 -1 9 -1 9 -1 9 -1 9 -1 9 -1 -2
9 -1 9 -1 7 -1 -2
8 -1 8 -1 8 -1 8 -1 8 -1 8 -1 8 -1 8 -1 8 -1 8 -1 8 -1 8 -1 8 -1 8 -1 8 -1 8 -1 8 -1 8 -1 8 -1 8 -1 8 -1 8 -1 8 -1 8 -1 8 -1 8 -1 8 -1 8 -1 8 -1 8 -1 8 -1 8 -1 8 -1 8 -1 8 -1 8 -1 8 -1 8 -1 8 -1 8 -1 8 -1 8 -1 8 -1 8 -1 8 -1 8 -1 8 -1 8 -1 8 -1 8 -1 8 -1 8 -1 8 -1 8 -1 8 -1 8 -1 8 -1 8 -1 8 -1 8 -1 8 -1 8 -1 8 -1 8 -1 8 -1 8 -1 8 -1 -2
9 -1 9 -1 9 -1 9 -1 9 -1 9 -1 9 -1 9 -1 9 -1 9 -1 9 -1 9 -1 9 -1 9 -1 9 -1 9 -1 9 -1 9 -1 9 -1 9 -1 9 -1 9 -1 9 -1 9 -1 9 -1 9 -1 9 -1 9 -1 9 -1 9 -1 9 -1 9 -1 9 -1 9 -1 9 -1 9 -1 9 -1 9 -1 9 -1 9 -1 9 -1 9 -1 9 -1 9 -1 9 -1 9 -1 9 -1 9 -1 9 -1 9 -1 9 -1 9 -1 9 -1 9 -1 9 -1 9 -1 9 -1 9 -1 9 -1 9 -1 9 -1 9 -1 9 -1 9 -1 9 -1 -2
3 -1 5 -1 -2
8 -1 8 -1 8 -1 8 -1 8 -1 8 -1 8 -1 8 -1 6 -1 6 -1 6 -1 8 -1 8 -1 -2
6 -1 -2
8 -1 8 -1 8 -1 -2
8 -1 8 -1 8 -1 8 -1 8 -1 8 -1 8 -1 8 -1 8 -1 8 -1 8 -1 8 -1 8 -1 8 -1 8 -1 8 -1 8 -1 8 -1 8 -1 8 -1 8 -1 8 -1 8 -1 8 -1 8 -1 8 -1 8 -1 8 -1 8 -1 8 -1 8 -1 8 -1 8 -1 8 -1 8 -1 8 -1 8 -1 8 -1 8 -1 8 -1 8 -1 8 -1 8 -1 8 -1 8 -1 8 -1 8 -1 8 -1 8 -1 8 -1 8 -1 8 -1 8 -1 8 -1 8 -1 8 -1 8 -1 8 -1 8 -1 8 -1 8 -1 8 -1 8 -1 8 -1 8 -1 8 -1 8 -1 -2
6 -1 -2
9 -1 9 -1 9 -1 9 -1 9 -1 9 -1 9 -1 9 -1 9 -1 9 -1 9 -1 9 -1 9 -1 9 -1 9 -1 9 -1 9 -1 9 -1 9 -1 9 -1 9 -1 9 -1 9 -1 9 -1 9 -1 9 -1 9 -1 9 -1 9 -1 9 -1 9 -1 9 -1 9 -1 9 -1 9 -1 9 -1 9 -1 9 -1 9 -1 9 -1 9 -1 9 -1 9 -1 9 -1 9 -1 9 -1 9 -1 9 -1 9 -1 9 -1 9 -1 9 -1 9 -1 9 -1 9 -1 9 -1 9 -1 9 -1 9 -1 9 -1 9 -1 9 -1 9 -1 9 -1 9 -1 9 -1 9 -1 9 -1 -2
8 -1 8 -1 -2
8 -1 -2
8 -1 -2
5 -1 -2
9 -1 9 -1 9 -1 9 -1 9 -1 9 -1 9 -1 9 -1 9 -1 9 -1 9 -1 9 -1 9 -1 9 -1 9 -1 9 -1 9 -1 9 -1 9 -1 9 -1 9 -1 9 -1 9 -1 9 -1 9 -1 9 -1 9 -1 9 -1 9 -1 9 -1 9 -1 9 -1 9 -1 9 -1 9 -1 9 -1 9 -1 9 -1 9 -1 9 -1 9 -1 9 -1 9 -1 9 -1 9 -1 9 -1 9 -1 9 -1 9 -1 9 -1 9 -1 9 -1 9 -1 9 -1 9 -1 9 -1 9 -1 9 -1 9 -1 9 -1 9 -1 9 -1 9 -1 9 -1 9 -1 9 -1 9 -1 9 -1 -2
9 -1 9 -1 9 -1 9 -1 9 -1 9 -1 9 -1 9 -1 9 -1 9 -1 9 -1 9 -1 9 -1 9 -1 9 -1 9 -1 9 -1 9 -1 9 -1 9 -1 9 -1 9 -1 9 -1 9 -1 9 -1 7 -1 9 -1 9 -1 9 -1 9 -1 9 -1 9 -1 9 -1 9 -1 9 -1 9 -1 9 -1 9 -1 9 -1 9 -1 9 -1 9 -1 9 -1 9 -1 9 -1 9 -1 9 -1 9 -1 9 -1 9 -1 9 -1 9 -1 9 -1 9 -1 9 -1 9 -1 9 -1 9 -1 9 -1 9 -1 9 -1 9 -1 9 -1 9 -1 9 -1 9 -1 9 -1 9 -1 9 -1 -2
8 -1 8 -1 8 -1 8 -1 8 -1 8 -1 8 -1 8 -1 8 -1 8 -1 8 -1 8 -1 8 -1 8 -1 6 -1 8 -1 8 -1 6 -1 8 -1 8 -1 8 -1 8 -1 8 -1 8 -1 8 -1 8 -1 8 -1 8 -1 8 -1 8 -1 8 -1 8 -1 8 -1 8 -1 8 -1 8 -1 8 -1 8 -1 8 -1 -2
8 -1 8 -1 8 -1 8 -1 8 -1 8 -1 8 -1 8 -1 8 -1 8 -1 8 -1 8 -1 8 -1 8 -1 8 -1 8 -1 8 -1 8 -1 8 -1 8 -1 8 -1 8 -1 8 -1 8 -1 8 -1 8 -1 8 -1 8 -1 8 -1 8 -1 8 -1 8 -1 -2
8 -1 4 -1 8 -1 4 -1 -2
8 -1 -2
9 -1 9 -1 9 -1 9 -1 9 -1 9 -1 9 -1 9 -1 9 -1 9 -1 9 -1 9 -1 9 -1 9 -1 9 -1 9 -1 9 -1 9 -1 9 -1 9 -1 9 -1 9 -1 9 -1 9 -1 9 -1 9 -1 9 -1 9 -1 9 -1 -2
7 -1 -2
9 -1 9 -1 9 -1 9 -1 9 -1 9 -1 9 -1 9 -1 9 -1 9 -1 9 -1 9 -1 9 -1 9 -1 9 -1 9 -1 9 -1 9 -1 9 -1 9 -1 9 -1 9 -1 9 -1 9 -1 9 -1 9 -1 9 -1 9 -1 9 -1 9 -1 9 -1 9 -1 9 -1 9 -1 9 -1 9 -1 9 -1 9 -1 9 -1 9 -1 9 -1 9 -1 9 -1 9 -1 9 -1 9 -1 9 -1 9 -1 9 -1 9 -1 9 -1 9 -1 9 -1 9 -1 9 -1 9 -1 9 -1 9 -1 9 -1 9 -1 9 -1 9 -1 9 -1 9 -1 -2
8 -1 8 -1 8 -1 8 -1 8 -1 6 -1 8 -1 6 -1 8 -1 8 -1 -2
9 -1 9 -1 9 -1 9 -1 9 -1 9 -1 9 -1 9 -1 9 -1 9 -1 5 -1 9 -1 9 -1 9 -1 9 -1 9 -1 9 -1 9 -1 9 -1 9 -1 9 -1 9 -1 9 -1 9 -1 9 -1 9 -1 9 -1 9 -1 9 -1 9 -1 9 -1 9 -1 9 -1 9 -1 9 -1 9 -1 -2
9 -1 9 -1 9 -1 9 -1 9 -1 9 -1 9 -1 9 -1 9 -1 9 -1 9 -1 9 -1 9 -1 9 -1 9 -1 9 -1 9 -1 9 -1 9 -1 9 -1 -2
8 -1 8 -1 8 -1 8 -1 8 -1 8 -1 8 -1 8 -1 8 -1 8 -1 8 -1 8 -1 8 -1 8 -1 8 -1 9 -1 9 -1 7 -1 -2
8 -1 8 -1 -2
9 -1 5 -1 -2
9 -1 9 -1 9 -1 9 -1 9 -1 9 -1 9 -1 9 -1 9 -1 9 -1 9 -1 9 -1 9 -1 9 -1 9 -1 9 -1 9 -1 9 -1 9 -1 9 -1 9 -1 9 -1 9 -1 9 -1 9 -1 9 -1 9 -1 9 -1 9 -1 9 -1 9 -1 9 -1 9 -1 9 -1 9 -1 9 -1 9 -1 9 -1 9 -1 9 -1 9 -1 9 -1 9 -1 9 -1 9 -1 9 -1 9 -1 9 -1 9 -1 9 -1 9 -1 9 -1 9 -1 9 -1 9 -1 9 -1 9 -1 9 -1 9 -1 9 -1 9 -1 9 -1 9 -1 9 -1 9 -1 9 -1 9 -1 -2
9 -1 9 -1 9 -1 9 -1 9 -1 9 -1 9 -1 9 -1 9 -1 9 -1 9 -1 9 -1 9 -1 9 -1 9 -1 9 -1 9 -1 9 -1 9 -1 9 -1 9 -1 9 -1 9 -1 9 -1 9 -1 9 -1 9 -1 9 -1 9 -1 9 -1 9 -1 9 -1 9 -1 9 -1 9 -1 9 -1 9 -1 9 -1 9 -1 9 -1 9 -1 9 -1 9 -1 9 -1 9 -1 9 -1 9 -1 9 -1 9 -1 9 -1 9 -1 9 -1 9 -1 9 -1 9 -1 9 -1 9 -1 9 -1 9 -1 9 -1 9 -1 9 -1 9 -1 -2
6 -1 8 -1 9 -1 9 -1 9 -1 9 -1 9 -1 9 -1 9 -1 9 -1 9 -1 9 -1 9 -1 9 -1 9 -1 9 -1 9 -1 9 -1 9 -1 9 -1 9 -1 9 -1 9 -1 9 -1 9 -1 9 -1 9 -1 9 -1 9 -1 9 -1 9 -1 9 -1 9 -1 9 -1 9 -1 9 -1 9 -1 9 -1 9 -1 9 -1 9 -1 9 -1 9 -1 9 -1 9 -1 9 -1 9 -1 9 -1 9 -1 9 -1 9 -1 9 -1 9 -1 9 -1 9 -1 9 -1 9 -1 9 -1 9 -1 9 -1 9 -1 9 -1 9 -1 -2
9 -1 9 -1 9 -1 9 -1 9 -1 9 -1 9 -1 9 -1 9 -1 9 -1 9 -1 9 -1 9 -1 9 -1 9 -1 9 -1 9 -1 9 -1 9 -1 9 -1 9 -1 9 -1 9 -1 9 -1 9 -1 9 -1 9 -1 9 -1 9 -1 9 -1 9 -1 9 -1 9 -1 9 -1 9 -1 9 -1 9 -1 9 -1 9 -1 9 -1 9 -1 9 -1 9 -1 9 -1 9 -1 9 -1 9 -1 9 -1 9 -1 9 -1 9 -1 9 -1 9 -1 9 -1 9 -1 9 -1 9 -1 9 -1 9 -1 9 -1 9 -1 9 -1 9 -1 9 -1 9 -1 9 -1 9 -1 9 -1 9 -1 9 -1 9 -1 -2
5 -1 -2
8 -1 -2
6 -1 -2
6 -1 -2
5 -1 9 -1 9 -1 9 -1 9 -1 9 -1 9 -1 9 -1 9 -1 9 -1 9 -1 9 -1 9 -1 9 -1 9 -1 9 -1 9 -1 9 -1 9 -1 -2
5 -1 9 -1 -2
8 -1 -2
9 -1 9 -1 9 -1 9 -1 9 -1 9 -1 9 -1 9 -1 9 -1 9 -1 9 -1 9 -1 9 -1 9 -1 9 -1 9 -1 9 -1 9 -1 9 -1 9 -1 9 -1 9 -1 9 -1 9 -1 9 -1 9 -1 9 -1 9 -1 9 -1 9 -1 9 -1 9 -1 9 -1 9 -1 9 -1 9 -1 9 -1 9 -1 9 -1 9 -1 9 -1 9 -1 9 -1 9 -1 9 -1 9 -1 9 -1 9 -1 9 -1 9 -1 9 -1 9 -1 9 -1 9 -1 9 -1 9 -1 9 -1 7 -1 9 -1 9 -1 9 -1 9 -1 9 -1 9 -1 -2
8 -1 -2
8 -1 8 -1 8 -1 8 -1 8 -1 8 -1 8 -1 8 -1 8 -1 8 -1 8 -1 8 -1 8 -1 8 -1 8 -1 8 -1 8 -1 8 -1 8 -1 8 -1 8 -1 8 -1 8 -1 8 -1 8 -1 8 -1 8 -1 8 -1 8 -1 8 -1 8 -1 8 -1 8 -1 8 -1 8 -1 8 -1 8 -1 8 -1 8 -1 8 -1 8 -1 8 -1 8 -1 8 -1 8 -1 8 -1 8 -1 8 -1 8 -1 8 -1 8 -1 8 -1 8 -1 8 -1 8 -1 -2
9 -1 9 -1 9 -1 9 -1 9 -1 9 -1 9 -1 9 -1 9 -1 9 -1 9 -1 9 -1 9 -1 9 -1 9 -1 9 -1 9 -1 9 -1 9 -1 9 -1 9 -1 9 -1 9 -1 9 -1 9 -1 9 -1 9 -1 9 -1 9 -1 9 -1 9 -1 9 -1 9 -1 9 -1 9 -1 9 -1 9 -1 9 -1 9 -1 9 -1 9 -1 9 -1 9 -1 9 -1 9 -1 9 -1 9 -1 9 -1 9 -1 9 -1 9 -1 9 -1 -2
8 -1 -2
8 -1 -2
9 -1 9 -1 9 -1 9 -1 9 -1 9 -1 9 -1 9 -1 9 -1 9 -1 9 -1 9 -1 9 -1 9 -1 9 -1 9 -1 9 -1 9 -1 9 -1 9 -1 9 -1 9 -1 9 -1 9 -1 9 -1 9 -1 9 -1 9 -1 9 -1 9 -1 9 -1 9 -1 9 -1 9 -1 9 -1 9 -1 9 -1 9 -1 9 -1 9 -1 9 -1 9 -1 9 -1 9 -1 9 -1 9 -1 9 -1 9 -1 9 -1 9 -1 9 -1 9 -1 9 -1 9 -1 9 -1 9 -1 9 -1 9 -1 9 -1 9 -1 9 -1 9 -1 9 -1 9 -1 9 -1 9 -1 9 -1 -2
8 -1 8 -1 8 -1 8 -1 8 -1 8 -1 8 -1 8 -1 8 -1 8 -1 8 -1 8 -1 8 -1 8 -1 8 -1 8 -1 8 -1 8 -1 8 -1 8 -1 8 -1 8 -1 8 -1 8 -1 8 -1 8 -1 8 -1 8 -1 8 -1 8 -1 8 -1 8 -1 8 -1 8 -1 8 -1 8 -1 8 -1 8 -1 8 -1 8 -1 8 -1 8 -1 8 -1 8 -1 8 -1 8 -1 8 -1 8 -1 8 -1 8 -1 8 -1 8 -1 8 -1 8 -1 8 -1 8 -1 8 -1 8 -1 8 -1 8 -1 8 -1 8 -1 8 -1 8 -1 8 -1 8 -1 8 -1 8 -1 8 -1 -2
3 -1 -2
9 -1 9 -1 9 -1 9 -1 9 -1 9 -1 9 -1 9 -1 9 -1 9 -1 9 -1 9 -1 9 -1 9 -1 9 -1 9 -1 9 -1 9 -1 9 -1 9 -1 9 -1 9 -1 9 -1 9 -1 9 -1 9 -1 9 -1 9 -1 9 -1 9 -1 9 -1 9 -1 9 -1 9 -1 9 -1 9 -1 9 -1 9 -1 9 -1 9 -1 9 -1 9 -1 9 -1 9 -1 9 -1 9 -1 9 -1 9 -1 9 -1 9 -1 9 -1 9 -1 -2
9 -1 9 -1 9 -1 9 -1 9 -1 9 -1 9 -1 9 -1 9 -1 9 -1 9 -1 9 -1 9 -1 9 -1 9 -1 9 -1 9 -1 9 -1 9 -1 9 -1 9 -1 9 -1 9 -1 9 -1 9 -1 9 -1 9 -1 9 -1 9 -1 9 -1 9 -1 9 -1 9 -1 9 -1 9 -1 9 -1 9 -1 9 -1 9 -1 9 -1 9 -1 9 -1 9 -1 9 -1 9 -1 9 -1 9 -1 9 -1 9 -1 9 -1 9 -1 9 -1 9 -1 9 -1 9 -1 9 -1 9 -1 9 -1 9 -1 9 -1 9 -1 9 -1 9 -1 9 -1 9 -1 9 -1 9 -1 -2
8 -1 8 -1 8 -1 8 -1 8 -1 8 -1 8 -1 8 -1 8 -1 8 -1 8 -1 8 -1 8 -1 8 -1 8 -1 8 -1 8 -1 8 -1 8 -1 8 -1 8 -1 8 -1 8 -1 8 -1 8 -1 8 -1 8 -1 8 -1 8 -1 8 -1 8 -1 8 -1 8 -1 8 -1 8 -1 8 -1 8 -1 8 -1 -2
8 -1 -2
8 -1 8 -1 8 -1 8 -1 8 -1 8 -1 8 -1 8 -1 8 -1 8 -1 8 -1 8 -1 8 -1 8 -1 8 -1 8 -1 8 -1 8 -1 8 -1 8 -1 8 -1 8 -1 8 -1 8 -1 8 -1 8 -1 8 -1 8 -1 8 -1 8 -1 8 -1 8 -1 8 -1 8 -1 8 -1 8 -1 8 -1 8 -1 8 -1 8 -1 8 -1 8 -1 8 -1 8 -1 8 -1 8 -1 8 -1 8 -1 8 -1 8 -1 8 -1 8 -1 8 -1 8 -1 8 -1 8 -1 8 -1 8 -1 8 -1 8 -1 8 -1 8 -1 8 -1 8 -1 8 -1 -2
8 -1 8 -1 8 -1 8 -1 8 -1 8 -1 8 -1 8 -1 8 -1 8 -1 8 -1 8 -1 8 -1 8 -1 8 -1 8 -1 8 -1 8 -1 8 -1 8 -1 8 -1 8 -1 8 -1 8 -1 8 -1 8 -1 8 -1 8 -1 8 -1 8 -1 8 -1 8 -1 8 -1 8 -1 8 -1 8 -1 8 -1 8 -1 8 -1 8 -1 8 -1 8 -1 8 -1 8 -1 8 -1 8 -1 8 -1 8 -1 8 -1 8 -1 8 -1 8 -1 8 -1 8 -1 8 -1 8 -1 8 -1 8 -1 8 -1 8 -1 8 -1 8 -1 8 -1 -2
8 -1 -2
8 -1 8 -1 8 -1 8 -1 8 -1 8 -1 8 -1 8 -1 8 -1 8 -1 8 -1 8 -1 8 -1 8 -1 8 -1 8 -1 8 -1 8 -1 8 -1 8 -1 8 -1 8 -1 8 -1 8 -1 8 -1 8 -1 8 -1 8 -1 8 -1 8 -1 8 -1 8 -1 8 -1 8 -1 8 -1 8 -1 8 -1 8 -1 8 -1 8 -1 8 -1 8 -1 8 -1 8 -1 8 -1 8 -1 8 -1 8 -1 8 -1 8 -1 8 -1 8 -1 8 -1 8 -1 8 -1 8 -1 8 -1 8 -1 8 -1 8 -1 8 -1 8 -1 8 -1 8 -1 8 -1 8 -1 8 -1 8 -1 -2
9 -1 9 -1 9 -1 9 -1 9 -1 9 -1 9 -1 9 -1 9 -1 9 -1 9 -1 9 -1 9 -1 9 -1 9 -1 9 -1 9 -1 9 -1 9 -1 9 -1 9 -1 9 -1 9 -1 9 -1 9 -1 9 -1 9 -1 9 -1 9 -1 9 -1 9 -1 9 -1 9 -1 9 -1 9 -1 9 -1 9 -1 9 -1 9 -1 9 -1 -2
