97 -1 60 -1 60 -1 66 -1 66 -1 66 -1 60 -1 60 -1 60 -1 60 -1 60 -1 60 -1 161 -1 60 -1 66 -1 66 -1 66 -1 66 -1 66 -1 -2
62 -1 60 -1 163 -1 60 -1 60 -1 60 -1 60 -1 60 -1 60 -1 60 -1 60 -1 -2
62 -1 60 -1 137 -1 60 -1 60 -1 60 -1 60 -1 -2
62 -1 60 -1 136 -1 60 -1 60 -1 60 -1 60 -1 60 -1 114 -1 60 -1 60 -1 -2
62 -1 60 -1 113 -1 60 -1 60 -1 60 -1 60 -1 60 -1 -2
62 -1 60 -1 113 -1 60 -1 60 -1 60 -1 -2
62 -1 60 -1 114 -1 60 -1 122 -1 60 -1 -2
62 -1 60 -1 124 -1 60 -1 60 -1 60 -1 236 -1 154 -1 60 -1 60 -1 60 -1 60 -1 60 -1 60 -1 60 -1 60 -1 60 -1 60 -1 60 -1 60 -1 60 -1 60 -1 60 -1 60 -1 60 -1 60 -1 60 -1 60 -1 60 -1 60 -1 60 -1 60 -1 60 -1 60 -1 60 -1 60 -1 60 -1 60 -1 60 -1 60 -1 60 -1 -2
60 -1 60 -1 60 -1 60 -1 161 -1 71 -1 71 -1 -2
62 -1 60 -1 110 -1 60 -1 60 -1 60 -1 60 -1 60 -1 60 -1 60 -1 60 -1 60 -1 60 -1 60 -1 60 -1 60 -1 60 -1 60 -1 60 -1 60 -1 60 -1 60 -1 124 -1 60 -1 86 -1 60 -1 60 -1 60 -1 60 -1 60 -1 60 -1 60 -1 60 -1 60 -1 60 -1 60 -1 60 -1 60 -1 60 -1 60 -1 60 -1 60 -1 60 -1 126 -1 126 -1 126 -1 124 -1 133 -1 60 -1 124 -1 124 -1 124 -1 60 -1 124 -1 124 -1 124 -1 124 -1 60 -1 -2
62 -1 60 -1 156 -1 60 -1 60 -1 236 -1 198 -1 60 -1 60 -1 60 -1 175 -1 60 -1 60 -1 175 -1 60 -1 60 -1 175 -1 60 -1 60 -1 177 -1 60 -1 60 -1 60 -1 161 -1 164 -1 60 -1 60 -1 60 -1 60 -1 -2
62 -1 60 -1 145 -1 117 -1 97 -1 60 -1 60 -1 60 -1 60 -1 60 -1 60 -1 60 -1 60 -1 60 -1 60 -1 60 -1 60 -1 60 -1 -2
62 -1 60 -1 129 -1 60 -1 60 -1 -2
62 -1 60 -1 137 -1 60 -1 60 -1 60 -1 60 -1 -2
60 -1 60 -1 60 -1 60 -1 60 -1 60 -1 60 -1 60 -1 60 -1 152 -1 71 -1 60 -1 60 -1 60 -1 60 -1 60 -1 60 -1 -2
62 -1 60 -1 112 -1 60 -1 114 -1 60 -1 60 -1 -2
62 -1 60 -1 113 -1 60 -1 60 -1 60 -1 -2
62 -1 60 -1 126 -1 60 -1 60 -1 60 -1 60 -1 60 -1 60 -1 60 -1 60 -1 -2
60 -1 60 -1 60 -1 60 -1 66 -1 66 -1 60 -1 60 -1 60 -1 60 -1 60 -1 60 -1 60 -1 60 -1 60 -1 71 -1 60 -1 60 -1 60 -1 60 -1 60 -1 60 -1 60 -1 60 -1 60 -1 66 -1 66 -1 60 -1 60 -1 60 -1 60 -1 60 -1 60 -1 60 -1 60 -1 60 -1 60 -1 89 -1 60 -1 60 -1 60 -1 60 -1 60 -1 60 -1 60 -1 134 -1 60 -1 134 -1 60 -1 60 -1 60 -1 60 -1 66 -1 66 -1 66 -1 66 -1 60 -1 60 -1 60 -1 60 -1 60 -1 60 -1 -2
62 -1 60 -1 110 -1 60 -1 114 -1 60 -1 60 -1 -2
62 -1 60 -1 114 -1 60 -1 60 -1 -2
60 -1 60 -1 60 -1 60 -1 60 -1 60 -1 134 -1 60 -1 60 -1 -2
60 -1 60 -1 60 -1 60 -1 60 -1 60 -1 60 -1 60 -1 89 -1 60 -1 60 -1 60 -1 60 -1 60 -1 60 -1 134 -1 60 -1 60 -1 80 -1 60 -1 66 -1 66 -1 66 -1 66 -1 66 -1 60 -1 60 -1 60 -1 -2
60 -1 60 -1 178 -1 60 -1 60 -1 -2
60 -1 60 -1 60 -1 60 -1 60 -1 60 -1 60 -1 60 -1 60 -1 60 -1 60 -1 60 -1 80 -1 60 -1 60 -1 60 -1 60 -1 60 -1 60 -1 60 -1 60 -1 60 -1 60 -1 169 -1 60 -1 60 -1 60 -1 60 -1 60 -1 60 -1 60 -1 60 -1 60 -1 60 -1 60 -1 60 -1 -2
178 -1 60 -1 60 -1 60 -1 60 -1 60 -1 60 -1 60 -1 60 -1 60 -1 60 -1 60 -1 60 -1 60 -1 -2
60 -1 60 -1 60 -1 60 -1 60 -1 60 -1 60 -1 60 -1 60 -1 60 -1 60 -1 60 -1 60 -1 60 -1 60 -1 60 -1 60 -1 60 -1 60 -1 60 -1 60 -1 123 -1 60 -1 60 -1 60 -1 121 -1 121 -1 121 -1 121 -1 121 -1 121 -1 121 -1 122 -1 136 -1 60 -1 60 -1 60 -1 60 -1 60 -1 60 -1 60 -1 60 -1 60 -1 119 -1 122 -1 120 -1 121 -1 121 -1 121 -1 127 -1 131 -1 60 -1 131 -1 60 -1 131 -1 60 -1 131 -1 60 -1 131 -1 60 -1 131 -1 60 -1 131 -1 60 -1 131 -1 60 -1 131 -1 60 -1 131 -1 60 -1 131 -1 60 -1 131 -1 60 -1 131 -1 60 -1 131 -1 60 -1 131 -1 60 -1 131 -1 -2
131 -1 60 -1 131 -1 60 -1 131 -1 60 -1 131 -1 60 -1 131 -1 60 -1 131 -1 60 -1 131 -1 60 -1 131 -1 60 -1 131 -1 60 -1 131 -1 60 -1 131 -1 60 -1 131 -1 60 -1 131 -1 60 -1 131 -1 60 -1 131 -1 60 -1 60 -1 131 -1 60 -1 131 -1 60 -1 131 -1 60 -1 131 -1 60 -1 131 -1 60 -1 131 -1 60 -1 131 -1 60 -1 131 -1 60 -1 130 -1 60 -1 131 -1 60 -1 131 -1 60 -1 131 -1 60 -1 131 -1 60 -1 131 -1 60 -1 131 -1 60 -1 131 -1 131 -1 60 -1 131 -1 60 -1 131 -1 60 -1 131 -1 60 -1 131 -1 60 -1 131 -1 60 -1 131 -1 60 -1 131 -1 60 -1 131 -1 60 -1 131 -1 60 -1 131 -1 60 -1 60 -1 131 -1 60 -1 131 -1 60 -1 126 -1 60 -1 60 -1 60 -1 60 -1 60 -1 60 -1 60 -1 60 -1 60 -1 -2
62 -1 60 -1 114 -1 60 -1 60 -1 -2
62 -1 60 -1 130 -1 96 -1 60 -1 60 -1 60 -1 60 -1 133 -1 60 -1 60 -1 60 -1 60 -1 -2
62 -1 60 -1 119 -1 60 -1 60 -1 -2
62 -1 60 -1 142 -1 60 -1 60 -1 60 -1 60 -1 60 -1 60 -1 60 -1 60 -1 60 -1 -2
62 -1 60 -1 131 -1 60 -1 60 -1 -2
62 -1 60 -1 122 -1 60 -1 60 -1 60 -1 60 -1 60 -1 60 -1 60 -1 60 -1 60 -1 60 -1 60 -1 60 -1 60 -1 60 -1 60 -1 60 -1 60 -1 60 -1 60 -1 60 -1 60 -1 60 -1 60 -1 60 -1 60 -1 60 -1 60 -1 60 -1 60 -1 60 -1 60 -1 60 -1 66 -1 74 -1 74 -1 74 -1 74 -1 74 -1 74 -1 66 -1 66 -1 66 -1 60 -1 118 -1 60 -1 60 -1 66 -1 66 -1 66 -1 66 -1 60 -1 60 -1 60 -1 60 -1 60 -1 60 -1 60 -1 60 -1 60 -1 60 -1 66 -1 66 -1 66 -1 -2
60 -1 60 -1 60 -1 60 -1 60 -1 60 -1 60 -1 60 -1 60 -1 60 -1 60 -1 60 -1 60 -1 60 -1 60 -1 112 -1 60 -1 60 -1 60 -1 60 -1 60 -1 60 -1 60 -1 -2
60 -1 60 -1 60 -1 60 -1 126 -1 60 -1 60 -1 60 -1 60 -1 60 -1 60 -1 60 -1 60 -1 60 -1 60 -1 60 -1 60 -1 60 -1 60 -1 60 -1 60 -1 60 -1 60 -1 60 -1 60 -1 60 -1 60 -1 60 -1 60 -1 60 -1 60 -1 60 -1 60 -1 60 -1 60 -1 138 -1 60 -1 60 -1 60 -1 60 -1 60 -1 60 -1 60 -1 60 -1 60 -1 124 -1 60 -1 125 -1 60 -1 -2
62 -1 60 -1 137 -1 60 -1 138 -1 60 -1 -2
150 -1 60 -1 150 -1 60 -1 150 -1 60 -1 150 -1 60 -1 150 -1 60 -1 150 -1 60 -1 150 -1 150 -1 60 -1 150 -1 60 -1 150 -1 60 -1 150 -1 60 -1 150 -1 60 -1 150 -1 60 -1 150 -1 60 -1 150 -1 60 -1 150 -1 60 -1 150 -1 60 -1 150 -1 60 -1 150 -1 66 -1 60 -1 150 -1 60 -1 150 -1 60 -1 150 -1 60 -1 150 -1 60 -1 150 -1 60 -1 150 -1 150 -1 60 -1 150 -1 60 -1 150 -1 60 -1 150 -1 60 -1 150 -1 60 -1 150 -1 60 -1 150 -1 60 -1 150 -1 60 -1 150 -1 60 -1 150 -1 -2
60 -1 60 -1 150 -1 60 -1 150 -1 60 -1 150 -1 60 -1 150 -1 60 -1 123 -1 60 -1 60 -1 150 -1 60 -1 150 -1 60 -1 150 -1 60 -1 150 -1 60 -1 150 -1 60 -1 150 -1 60 -1 150 -1 60 -1 150 -1 60 -1 150 -1 60 -1 150 -1 60 -1 150 -1 60 -1 150 -1 60 -1 150 -1 60 -1 150 -1 60 -1 150 -1 60 -1 150 -1 60 -1 150 -1 150 -1 60 -1 150 -1 60 -1 150 -1 60 -1 150 -1 60 -1 150 -1 -2
150 -1 60 -1 150 -1 60 -1 150 -1 60 -1 150 -1 60 -1 150 -1 60 -1 150 -1 60 -1 150 -1 60 -1 150 -1 60 -1 150 -1 60 -1 150 -1 60 -1 150 -1 60 -1 -2
62 -1 60 -1 168 -1 60 -1 60 -1 144 -1 60 -1 144 -1 60 -1 153 -1 60 -1 130 -1 60 -1 130 -1 60 -1 150 -1 60 -1 145 -1 60 -1 153 -1 60 -1 136 -1 60 -1 60 -1 136 -1 60 -1 141 -1 60 -1 141 -1 60 -1 145 -1 60 -1 145 -1 145 -1 60 -1 145 -1 60 -1 139 -1 60 -1 145 -1 60 -1 142 -1 60 -1 141 -1 60 -1 -2
62 -1 60 -1 153 -1 60 -1 60 -1 -2
62 -1 60 -1 114 -1 60 -1 60 -1 -2
62 -1 60 -1 139 -1 60 -1 60 -1 -2
62 -1 60 -1 136 -1 60 -1 60 -1 60 -1 60 -1 60 -1 60 -1 60 -1 60 -1 60 -1 60 -1 60 -1 60 -1 60 -1 60 -1 -2
62 -1 60 -1 122 -1 60 -1 60 -1 60 -1 60 -1 60 -1 120 -1 60 -1 60 -1 60 -1 60 -1 -2
62 -1 60 -1 117 -1 60 -1 60 -1 60 -1 60 -1 60 -1 60 -1 60 -1 60 -1 60 -1 60 -1 -2
62 -1 60 -1 133 -1 60 -1 60 -1 60 -1 133 -1 60 -1 60 -1 60 -1 60 -1 60 -1 60 -1 60 -1 125 -1 60 -1 60 -1 -2
62 -1 60 -1 143 -1 60 -1 60 -1 60 -1 60 -1 -2
60 -1 60 -1 60 -1 60 -1 60 -1 60 -1 60 -1 66 -1 66 -1 66 -1 66 -1 66 -1 66 -1 66 -1 66 -1 66 -1 66 -1 66 -1 60 -1 60 -1 60 -1 60 -1 60 -1 60 -1 60 -1 60 -1 60 -1 60 -1 60 -1 60 -1 60 -1 60 -1 60 -1 60 -1 60 -1 60 -1 60 -1 60 -1 60 -1 114 -1 60 -1 112 -1 60 -1 60 -1 60 -1 60 -1 60 -1 60 -1 60 -1 60 -1 60 -1 60 -1 60 -1 60 -1 60 -1 60 -1 60 -1 60 -1 60 -1 60 -1 60 -1 60 -1 60 -1 60 -1 60 -1 60 -1 60 -1 60 -1 60 -1 60 -1 60 -1 60 -1 60 -1 60 -1 60 -1 60 -1 60 -1 60 -1 60 -1 60 -1 60 -1 60 -1 60 -1 60 -1 60 -1 60 -1 60 -1 60 -1 60 -1 60 -1 60 -1 60 -1 60 -1 60 -1 60 -1 60 -1 60 -1 60 -1 60 -1 60 -1 60 -1 60 -1 60 -1 60 -1 60 -1 60 -1 60 -1 60 -1 60 -1 60 -1 60 -1 60 -1 60 -1 60 -1 60 -1 60 -1 60 -1 60 -1 60 -1 60 -1 60 -1 60 -1 60 -1 60 -1 60 -1 60 -1 60 -1 60 -1 60 -1 60 -1 60 -1 60 -1 60 -1 60 -1 60 -1 60 -1 60 -1 60 -1 60 -1 60 -1 60 -1 60 -1 60 -1 60 -1 60 -1 60 -1 60 -1 60 -1 60 -1 60 -1 60 -1 60 -1 60 -1 60 -1 60 -1 60 -1 60 -1 60 -1 60 -1 60 -1 60 -1 60 -1 60 -1 60 -1 60 -1 60 -1 60 -1 60 -1 114 -1 60 -1 111 -1 60 -1 60 -1 60 -1 60 -1 60 -1 60 -1 60 -1 60 -1 60 -1 60 -1 60 -1 60 -1 60 -1 60 -1 60 -1 60 -1 60 -1 60 -1 60 -1 60 -1 60 -1 60 -1 60 -1 60 -1 60 -1 60 -1 60 -1 60 -1 60 -1 60 -1 60 -1 60 -1 60 -1 60 -1 60 -1 60 -1 60 -1 60 -1 60 -1 60 -1 60 -1 60 -1 112 -1 60 -1 60 -1 60 -1 60 -1 117 -1 60 -1 60 -1 60 -1 60 -1 60 -1 60 -1 60 -1 60 -1 60 -1 60 -1 60 -1 -2
60 -1 60 -1 60 -1 60 -1 60 -1 -2
62 -1 60 -1 135 -1 60 -1 60 -1 60 -1 -2
62 -1 60 -1 111 -1 60 -1 60 -1 60 -1 -2
62 -1 62 -1 62 -1 62 -1 62 -1 62 -1 62 -1 -2
72 -1 72 -1 130 -1 130 -1 62 -1 -2
72 -1 72 -1 130 -1 130 -1 62 -1 62 -1 62 -1 -2
62 -1 62 -1 62 -1 62 -1 62 -1 62 -1 62 -1 62 -1 62 -1 -2
79 -1 62 -1 62 -1 62 -1 62 -1 62 -1 62 -1 62 -1 62 -1 62 -1 62 -1 62 -1 -2
79 -1 62 -1 62 -1 62 -1 62 -1 62 -1 62 -1 62 -1 62 -1 62 -1 62 -1 62 -1 62 -1 62 -1 62 -1 62 -1 -2
79 -1 62 -1 62 -1 62 -1 62 -1 62 -1 62 -1 62 -1 62 -1 62 -1 62 -1 62 -1 62 -1 62 -1 -2
362 -1 132 -1 62 -1 96 -1 62 -1 -2
62 -1 62 -1 178 -1 62 -1 62 -1 62 -1 -2
62 -1 62 -1 62 -1 62 -1 62 -1 62 -1 62 -1 142 -1 -2
62 -1 62 -1 62 -1 62 -1 62 -1 62 -1 62 -1 142 -1 -2
62 -1 62 -1 62 -1 62 -1 62 -1 62 -1 62 -1 62 -1 142 -1 -2
62 -1 62 -1 62 -1 62 -1 62 -1 62 -1 62 -1 142 -1 62 -1 88 -1 -2
62 -1 62 -1 62 -1 62 -1 62 -1 62 -1 62 -1 62 -1 62 -1 62 -1 62 -1 62 -1 62 -1 62 -1 62 -1 62 -1 62 -1 62 -1 62 -1 62 -1 62 -1 62 -1 62 -1 62 -1 142 -1 88 -1 -2
62 -1 62 -1 62 -1 62 -1 62 -1 62 -1 62 -1 62 -1 142 -1 88 -1 62 -1 62 -1 62 -1 62 -1 62 -1 62 -1 62 -1 62 -1 62 -1 -2
62 -1 88 -1 79 -1 62 -1 62 -1 62 -1 62 -1 62 -1 62 -1 62 -1 62 -1 62 -1 62 -1 62 -1 62 -1 62 -1 62 -1 62 -1 62 -1 160 -1 62 -1 62 -1 62 -1 62 -1 62 -1 62 -1 -2
62 -1 62 -1 62 -1 62 -1 62 -1 62 -1 62 -1 62 -1 62 -1 62 -1 62 -1 62 -1 62 -1 62 -1 62 -1 62 -1 62 -1 62 -1 62 -1 62 -1 62 -1 62 -1 62 -1 62 -1 62 -1 97 -1 62 -1 62 -1 62 -1 62 -1 62 -1 62 -1 62 -1 62 -1 62 -1 62 -1 62 -1 62 -1 62 -1 62 -1 142 -1 62 -1 62 -1 142 -1 62 -1 62 -1 62 -1 62 -1 62 -1 62 -1 62 -1 62 -1 62 -1 62 -1 62 -1 62 -1 62 -1 62 -1 62 -1 62 -1 62 -1 62 -1 62 -1 -2
62 -1 62 -1 62 -1 62 -1 62 -1 62 -1 62 -1 62 -1 62 -1 62 -1 62 -1 97 -1 62 -1 62 -1 62 -1 62 -1 62 -1 62 -1 62 -1 142 -1 -2
62 -1 62 -1 62 -1 62 -1 62 -1 62 -1 62 -1 97 -1 62 -1 62 -1 62 -1 62 -1 62 -1 62 -1 62 -1 62 -1 142 -1 -2
62 -1 62 -1 62 -1 62 -1 62 -1 62 -1 62 -1 62 -1 62 -1 62 -1 62 -1 62 -1 62 -1 62 -1 62 -1 62 -1 62 -1 62 -1 62 -1 62 -1 62 -1 62 -1 62 -1 88 -1 62 -1 62 -1 62 -1 62 -1 62 -1 62 -1 62 -1 62 -1 62 -1 62 -1 62 -1 62 -1 62 -1 62 -1 62 -1 62 -1 62 -1 62 -1 62 -1 62 -1 62 -1 62 -1 62 -1 62 -1 62 -1 62 -1 62 -1 62 -1 62 -1 62 -1 62 -1 62 -1 62 -1 62 -1 62 -1 62 -1 62 -1 62 -1 62 -1 62 -1 62 -1 62 -1 62 -1 62 -1 62 -1 62 -1 169 -1 62 -1 62 -1 62 -1 62 -1 79 -1 62 -1 62 -1 62 -1 62 -1 62 -1 62 -1 62 -1 62 -1 62 -1 62 -1 62 -1 -2
62 -1 62 -1 62 -1 62 -1 62 -1 62 -1 62 -1 62 -1 97 -1 62 -1 62 -1 62 -1 62 -1 62 -1 62 -1 62 -1 142 -1 -2
62 -1 62 -1 62 -1 62 -1 62 -1 62 -1 62 -1 88 -1 62 -1 62 -1 62 -1 62 -1 62 -1 62 -1 62 -1 160 -1 79 -1 62 -1 62 -1 62 -1 62 -1 62 -1 62 -1 62 -1 -2
62 -1 62 -1 62 -1 62 -1 62 -1 62 -1 62 -1 62 -1 62 -1 62 -1 62 -1 62 -1 62 -1 62 -1 62 -1 62 -1 62 -1 62 -1 62 -1 62 -1 62 -1 62 -1 62 -1 62 -1 62 -1 62 -1 62 -1 62 -1 62 -1 62 -1 62 -1 62 -1 62 -1 62 -1 62 -1 62 -1 62 -1 62 -1 62 -1 62 -1 62 -1 62 -1 88 -1 62 -1 62 -1 62 -1 62 -1 62 -1 62 -1 62 -1 62 -1 62 -1 62 -1 62 -1 62 -1 62 -1 62 -1 62 -1 62 -1 62 -1 62 -1 62 -1 62 -1 62 -1 62 -1 62 -1 62 -1 68 -1 68 -1 68 -1 68 -1 68 -1 68 -1 68 -1 68 -1 68 -1 68 -1 62 -1 62 -1 62 -1 160 -1 79 -1 62 -1 62 -1 62 -1 62 -1 62 -1 62 -1 62 -1 62 -1 62 -1 62 -1 62 -1 62 -1 62 -1 62 -1 62 -1 62 -1 62 -1 62 -1 62 -1 62 -1 62 -1 62 -1 62 -1 62 -1 62 -1 62 -1 62 -1 62 -1 62 -1 62 -1 62 -1 62 -1 -2
62 -1 62 -1 62 -1 62 -1 62 -1 62 -1 62 -1 62 -1 62 -1 62 -1 62 -1 62 -1 62 -1 62 -1 62 -1 62 -1 62 -1 62 -1 79 -1 62 -1 62 -1 62 -1 62 -1 62 -1 62 -1 62 -1 62 -1 62 -1 62 -1 62 -1 62 -1 62 -1 62 -1 62 -1 62 -1 62 -1 97 -1 62 -1 62 -1 62 -1 62 -1 62 -1 142 -1 62 -1 62 -1 142 -1 62 -1 62 -1 62 -1 62 -1 62 -1 62 -1 62 -1 62 -1 62 -1 62 -1 62 -1 -2
88 -1 62 -1 62 -1 62 -1 62 -1 62 -1 62 -1 62 -1 62 -1 62 -1 79 -1 79 -1 62 -1 62 -1 62 -1 62 -1 62 -1 62 -1 62 -1 62 -1 62 -1 62 -1 62 -1 62 -1 62 -1 169 -1 62 -1 62 -1 62 -1 62 -1 62 -1 62 -1 62 -1 62 -1 -2
62 -1 62 -1 62 -1 62 -1 62 -1 62 -1 62 -1 62 -1 62 -1 62 -1 62 -1 62 -1 79 -1 62 -1 62 -1 62 -1 62 -1 62 -1 62 -1 62 -1 62 -1 62 -1 62 -1 62 -1 62 -1 97 -1 62 -1 62 -1 62 -1 62 -1 62 -1 62 -1 62 -1 62 -1 62 -1 142 -1 62 -1 -2
211 -1 238 -1 62 -1 72 -1 383 -1 245 -1 62 -1 72 -1 336 -1 62 -1 362 -1 130 -1 62 -1 62 -1 -2
68 -1 68 -1 68 -1 62 -1 62 -1 68 -1 68 -1 68 -1 68 -1 68 -1 68 -1 68 -1 68 -1 62 -1 62 -1 62 -1 79 -1 62 -1 62 -1 62 -1 68 -1 68 -1 62 -1 62 -1 62 -1 62 -1 62 -1 -2
