62 -1 60 -1 607 -1 60 -1 60 -1 -2
62 -1 60 -1 605 -1 60 -1 60 -1 -2
62 -1 60 -1 607 -1 60 -1 60 -1 -2
62 -1 60 -1 605 -1 60 -1 60 -1 -2
62 -1 60 -1 605 -1 60 -1 60 -1 -2
62 -1 60 -1 605 -1 60 -1 60 -1 -2
62 -1 60 -1 605 -1 60 -1 60 -1 -2
62 -1 60 -1 605 -1 60 -1 60 -1 -2
62 -1 60 -1 605 -1 60 -1 60 -1 -2
62 -1 60 -1 1228 -1 60 -1 60 -1 -2
62 -1 60 -1 605 -1 60 -1 60 -1 -2
62 -1 60 -1 605 -1 60 -1 60 -1 -2
62 -1 60 -1 605 -1 60 -1 60 -1 -2
62 -1 60 -1 1228 -1 60 -1 60 -1 -2
62 -1 60 -1 605 -1 60 -1 60 -1 -2
62 -1 60 -1 605 -1 60 -1 60 -1 -2
62 -1 60 -1 710 -1 60 -1 60 -1 -2
62 -1 60 -1 607 -1 60 -1 60 -1 -2
62 -1 60 -1 710 -1 60 -1 60 -1 -2
62 -1 60 -1 605 -1 60 -1 60 -1 -2
62 -1 60 -1 605 -1 60 -1 60 -1 -2
62 -1 60 -1 605 -1 60 -1 60 -1 -2
62 -1 60 -1 605 -1 60 -1 60 -1 -2
62 -1 60 -1 605 -1 60 -1 60 -1 -2
62 -1 60 -1 607 -1 60 -1 60 -1 -2
62 -1 60 -1 605 -1 60 -1 60 -1 -2
62 -1 60 -1 607 -1 60 -1 60 -1 -2
62 -1 60 -1 605 -1 60 -1 60 -1 -2
62 -1 60 -1 1068 -1 60 -1 60 -1 -2
62 -1 60 -1 607 -1 60 -1 60 -1 -2
62 -1 60 -1 605 -1 60 -1 60 -1 -2
62 -1 60 -1 607 -1 60 -1 60 -1 -2
62 -1 60 -1 607 -1 60 -1 60 -1 -2
62 -1 60 -1 605 -1 60 -1 60 -1 -2
