62 -1 60 -1 439 -1 60 -1 60 -1 -2
62 -1 60 -1 439 -1 60 -1 60 -1 -2
62 -1 60 -1 1190 -1 60 -1 60 -1 -2
62 -1 60 -1 439 -1 60 -1 60 -1 -2
62 -1 60 -1 439 -1 60 -1 60 -1 -2
62 -1 60 -1 439 -1 60 -1 60 -1 -2
62 -1 60 -1 439 -1 60 -1 60 -1 -2
62 -1 60 -1 439 -1 60 -1 60 -1 -2
62 -1 60 -1 439 -1 60 -1 60 -1 -2
62 -1 60 -1 439 -1 60 -1 60 -1 -2
62 -1 60 -1 439 -1 60 -1 60 -1 -2
62 -1 60 -1 439 -1 60 -1 60 -1 -2
62 -1 60 -1 439 -1 60 -1 60 -1 -2
62 -1 60 -1 439 -1 60 -1 60 -1 -2
62 -1 60 -1 439 -1 60 -1 60 -1 -2
62 -1 60 -1 439 -1 60 -1 60 -1 -2
62 -1 60 -1 439 -1 60 -1 60 -1 -2
62 -1 60 -1 439 -1 60 -1 60 -1 -2
62 -1 60 -1 439 -1 60 -1 60 -1 -2
62 -1 60 -1 439 -1 60 -1 60 -1 -2
62 -1 60 -1 439 -1 60 -1 60 -1 -2
62 -1 60 -1 439 -1 60 -1 60 -1 -2
62 -1 60 -1 439 -1 60 -1 60 -1 -2
62 -1 60 -1 439 -1 60 -1 60 -1 -2
62 -1 60 -1 439 -1 60 -1 60 -1 -2
62 -1 60 -1 439 -1 60 -1 60 -1 -2
62 -1 60 -1 439 -1 60 -1 60 -1 -2
62 -1 60 -1 439 -1 60 -1 60 -1 -2
62 -1 60 -1 439 -1 60 -1 60 -1 -2
