60 -1 65 -1 71 -1 60 -1 60 -1 60 -1 60 -1 65 -1 60 -1 67 -1 60 -1 -2
60 -1 65 -1 60 -1 60 -1 60 -1 60 -1 60 -1 68 -1 65 -1 66 -1 -2
60 -1 60 -1 66 -1 60 -1 60 -1 60 -1 60 -1 -2
71 -1 60 -1 66 -1 66 -1 60 -1 60 -1 60 -1 -2
60 -1 60 -1 60 -1 65 -1 60 -1 72 -1 71 -1 60 -1 65 -1 60 -1 -2
60 -1 60 -1 65 -1 60 -1 77 -1 60 -1 60 -1 60 -1 60 -1 60 -1 -2
60 -1 67 -1 60 -1 60 -1 60 -1 60 -1 66 -1 -2
65 -1 60 -1 66 -1 60 -1 60 -1 60 -1 60 -1 65 -1 -2
60 -1 60 -1 60 -1 60 -1 60 -1 60 -1 60 -1 60 -1 67 -1 60 -1 60 -1 -2
60 -1 60 -1 60 -1 65 -1 60 -1 60 -1 60 -1 60 -1 60 -1 60 -1 60 -1 -2
60 -1 60 -1 65 -1 60 -1 60 -1 -2
60 -1 60 -1 60 -1 60 -1 60 -1 71 -1 60 -1 66 -1 60 -1 65 -1 -2
66 -1 66 -1 60 -1 60 -1 65 -1 60 -1 60 -1 -2
60 -1 60 -1 67 -1 60 -1 60 -1 60 -1 60 -1 60 -1 65 -1 66 -1 -2
60 -1 60 -1 60 -1 60 -1 60 -1 60 -1 60 -1 60 -1 66 -1 60 -1 60 -1 65 -1 66 -1 60 -1 -2
60 -1 60 -1 60 -1 60 -1 60 -1 -2
65 -1 60 -1 60 -1 60 -1 60 -1 60 -1 60 -1 66 -1 60 -1 60 -1 60 -1 60 -1 60 -1 60 -1 65 -1 60 -1 -2
60 -1 65 -1 60 -1 60 -1 60 -1 66 -1 60 -1 -2
60 -1 60 -1 60 -1 60 -1 60 -1 60 -1 67 -1 60 -1 60 -1 71 -1 60 -1 65 -1 60 -1 60 -1 -2
60 -1 68 -1 60 -1 60 -1 60 -1 60 -1 60 -1 66 -1 60 -1 60 -1 60 -1 66 -1 67 -1 65 -1 60 -1 60 -1 88 -1 -2
60 -1 60 -1 60 -1 60 -1 66 -1 60 -1 65 -1 71 -1 60 -1 60 -1 60 -1 60 -1 60 -1 66 -1 60 -1 60 -1 68 -1 -2
65 -1 60 -1 66 -1 60 -1 60 -1 60 -1 66 -1 60 -1 60 -1 60 -1 60 -1 60 -1 -2
60 -1 60 -1 60 -1 60 -1 60 -1 60 -1 60 -1 -2
60 -1 60 -1 60 -1 68 -1 60 -1 60 -1 60 -1 60 -1 60 -1 60 -1 60 -1 60 -1 -2
82 -1 65 -1 60 -1 60 -1 65 -1 60 -1 60 -1 -2
60 -1 60 -1 60 -1 60 -1 60 -1 60 -1 67 -1 66 -1 60 -1 60 -1 -2
60 -1 60 -1 83 -1 60 -1 60 -1 60 -1 60 -1 60 -1 60 -1 60 -1 -2
60 -1 60 -1 60 -1 60 -1 60 -1 60 -1 60 -1 60 -1 60 -1 -2
66 -1 60 -1 60 -1 60 -1 60 -1 60 -1 60 -1 87 -1 -2
60 -1 66 -1 60 -1 60 -1 65 -1 60 -1 60 -1 68 -1 65 -1 60 -1 60 -1 60 -1 -2
60 -1 66 -1 60 -1 66 -1 77 -1 66 -1 66 -1 60 -1 68 -1 -2
88 -1 60 -1 65 -1 60 -1 60 -1 60 -1 60 -1 -2
60 -1 60 -1 60 -1 65 -1 60 -1 60 -1 60 -1 60 -1 66 -1 60 -1 60 -1 60 -1 65 -1 -2
60 -1 60 -1 60 -1 65 -1 60 -1 68 -1 60 -1 60 -1 60 -1 -2
60 -1 60 -1 60 -1 60 -1 60 -1 -2
60 -1 65 -1 60 -1 60 -1 60 -1 60 -1 60 -1 65 -1 60 -1 60 -1 60 -1 -2
62 -1 60 -1 60 -1 68 -1 60 -1 65 -1 60 -1 60 -1 60 -1 65 -1 60 -1 60 -1 60 -1 60 -1 -2
66 -1 60 -1 60 -1 60 -1 60 -1 60 -1 60 -1 65 -1 68 -1 60 -1 60 -1 60 -1 -2
60 -1 60 -1 65 -1 60 -1 60 -1 60 -1 60 -1 60 -1 60 -1 60 -1 60 -1 -2
66 -1 82 -1 60 -1 60 -1 89 -1 60 -1 60 -1 60 -1 65 -1 60 -1 60 -1 -2
60 -1 60 -1 60 -1 60 -1 60 -1 60 -1 82 -1 71 -1 -2
60 -1 66 -1 60 -1 60 -1 60 -1 67 -1 65 -1 -2
60 -1 60 -1 60 -1 60 -1 60 -1 60 -1 -2
60 -1 60 -1 60 -1 60 -1 66 -1 60 -1 66 -1 60 -1 60 -1 -2
60 -1 60 -1 60 -1 60 -1 65 -1 60 -1 66 -1 60 -1 60 -1 66 -1 60 -1 60 -1 -2
66 -1 60 -1 60 -1 65 -1 60 -1 60 -1 60 -1 60 -1 60 -1 60 -1 60 -1 60 -1 60 -1 60 -1 60 -1 60 -1 60 -1 -2
