62 -1 60 -1 394 -1 250 -1 60 -1 60 -1 -2
62 -1 60 -1 399 -1 60 -1 60 -1 60 -1 -2
62 -1 60 -1 394 -1 249 -1 394 -1 250 -1 60 -1 60 -1 60 -1 -2
62 -1 60 -1 249 -1 60 -1 60 -1 -2
62 -1 60 -1 394 -1 250 -1 60 -1 60 -1 -2
62 -1 60 -1 394 -1 250 -1 60 -1 60 -1 -2
62 -1 60 -1 394 -1 250 -1 60 -1 60 -1 -2
62 -1 60 -1 394 -1 250 -1 60 -1 60 -1 -2
62 -1 60 -1 394 -1 249 -1 60 -1 60 -1 -2
62 -1 60 -1 394 -1 249 -1 394 -1 249 -1 60 -1 60 -1 -2
62 -1 60 -1 394 -1 250 -1 60 -1 60 -1 -2
62 -1 60 -1 394 -1 60 -1 60 -1 60 -1 -2
62 -1 60 -1 394 -1 250 -1 60 -1 60 -1 60 -1 -2
62 -1 60 -1 210 -1 60 -1 60 -1 -2
62 -1 60 -1 394 -1 268 -1 60 -1 60 -1 -2
62 -1 60 -1 394 -1 249 -1 60 -1 60 -1 60 -1 -2
