73 -1 76 -1 93 -1 71 -1 72 -1 60 -1 74 -1 66 -1 -2
60 -1 71 -1 96 -1 60 -1 73 -1 96 -1 -2
73 -1 91 -1 71 -1 60 -1 84 -1 -2
86 -1 87 -1 86 -1 70 -1 95 -1 95 -1 60 -1 68 -1 -2
60 -1 72 -1 96 -1 90 -1 67 -1 60 -1 -2
83 -1 65 -1 73 -1 60 -1 72 -1 -2
70 -1 70 -1 60 -1 60 -1 94 -1 -2
69 -1 60 -1 71 -1 67 -1 60 -1 -2
87 -1 68 -1 60 -1 75 -1 71 -1 -2
85 -1 60 -1 89 -1 66 -1 96 -1 94 -1 60 -1 -2
85 -1 73 -1 75 -1 60 -1 84 -1 -2
60 -1 60 -1 93 -1 60 -1 83 -1 -2
73 -1 65 -1 90 -1 85 -1 60 -1 81 -1 -2
60 -1 82 -1 69 -1 67 -1 95 -1 89 -1 72 -1 -2
72 -1 60 -1 73 -1 69 -1 93 -1 76 -1 81 -1 -2
73 -1 76 -1 96 -1 82 -1 74 -1 77 -1 60 -1 89 -1 80 -1 84 -1 83 -1 73 -1 -2
60 -1 69 -1 71 -1 74 -1 84 -1 95 -1 -2
87 -1 60 -1 90 -1 73 -1 73 -1 87 -1 87 -1 89 -1 74 -1 -2
72 -1 85 -1 74 -1 77 -1 86 -1 -2
69 -1 85 -1 60 -1 96 -1 73 -1 70 -1 -2
69 -1 69 -1 76 -1 60 -1 87 -1 83 -1 -2
66 -1 73 -1 60 -1 90 -1 70 -1 69 -1 -2
93 -1 68 -1 68 -1 60 -1 71 -1 73 -1 -2
70 -1 70 -1 60 -1 73 -1 73 -1 65 -1 -2
75 -1 73 -1 71 -1 70 -1 60 -1 -2
74 -1 68 -1 90 -1 60 -1 60 -1 -2
