70 -1 70 -1 70 -1 70 -1 70 -1 70 -1 70 -1 70 -1 70 -1 -2
70 -1 70 -1 70 -1 70 -1 70 -1 70 -1 70 -1 70 -1 70 -1 -2
70 -1 70 -1 70 -1 70 -1 70 -1 70 -1 70 -1 70 -1 -2
70 -1 70 -1 70 -1 70 -1 70 -1 70 -1 70 -1 -2
70 -1 70 -1 70 -1 70 -1 70 -1 70 -1 70 -1 70 -1 -2
70 -1 70 -1 70 -1 70 -1 70 -1 70 -1 70 -1 70 -1 -2
70 -1 70 -1 70 -1 70 -1 70 -1 70 -1 70 -1 70 -1 -2
70 -1 70 -1 70 -1 70 -1 70 -1 70 -1 -2
70 -1 70 -1 70 -1 70 -1 70 -1 70 -1 70 -1 -2
70 -1 70 -1 70 -1 70 -1 70 -1 70 -1 70 -1 -2
70 -1 70 -1 70 -1 70 -1 70 -1 70 -1 70 -1 70 -1 -2
70 -1 70 -1 70 -1 70 -1 70 -1 70 -1 70 -1 70 -1 70 -1 -2
70 -1 70 -1 70 -1 70 -1 70 -1 70 -1 70 -1 70 -1 70 -1 -2
70 -1 70 -1 70 -1 70 -1 70 -1 70 -1 70 -1 70 -1 -2
70 -1 70 -1 70 -1 70 -1 70 -1 70 -1 70 -1 70 -1 -2
70 -1 70 -1 70 -1 70 -1 70 -1 70 -1 70 -1 70 -1 -2
70 -1 70 -1 70 -1 70 -1 70 -1 70 -1 70 -1 -2
70 -1 70 -1 70 -1 70 -1 70 -1 70 -1 70 -1 -2
70 -1 70 -1 70 -1 70 -1 70 -1 70 -1 70 -1 -2
70 -1 70 -1 70 -1 70 -1 70 -1 70 -1 70 -1 70 -1 -2
70 -1 70 -1 70 -1 70 -1 70 -1 70 -1 70 -1 -2
70 -1 70 -1 70 -1 70 -1 70 -1 70 -1 70 -1 70 -1 -2
70 -1 70 -1 70 -1 70 -1 70 -1 70 -1 70 -1 -2
70 -1 70 -1 70 -1 70 -1 70 -1 70 -1 70 -1 -2
70 -1 70 -1 70 -1 70 -1 70 -1 70 -1 70 -1 70 -1 70 -1 -2
70 -1 70 -1 70 -1 70 -1 70 -1 70 -1 70 -1 70 -1 70 -1 70 -1 70 -1 70 -1 70 -1 70 -1 70 -1 70 -1 70 -1 70 -1 70 -1 70 -1 70 -1 70 -1 70 -1 70 -1 70 -1 70 -1 70 -1 70 -1 70 -1 70 -1 -2
70 -1 70 -1 70 -1 70 -1 70 -1 70 -1 70 -1 -2
70 -1 70 -1 70 -1 70 -1 70 -1 70 -1 70 -1 70 -1 -2
70 -1 70 -1 70 -1 70 -1 70 -1 70 -1 70 -1 70 -1 70 -1 -2
70 -1 70 -1 70 -1 70 -1 70 -1 70 -1 70 -1 70 -1 70 -1 -2
