62 -1 60 -1 180 -1 60 -1 437 -1 60 -1 -2
62 -1 60 -1 180 -1 60 -1 437 -1 60 -1 -2
62 -1 60 -1 180 -1 60 -1 437 -1 60 -1 60 -1 60 -1 -2
62 -1 60 -1 180 -1 60 -1 437 -1 437 -1 -2
62 -1 60 -1 180 -1 60 -1 437 -1 60 -1 60 -1 60 -1 -2
62 -1 60 -1 180 -1 60 -1 492 -1 60 -1 -2
62 -1 60 -1 180 -1 60 -1 437 -1 60 -1 60 -1 60 -1 -2
62 -1 60 -1 180 -1 60 -1 437 -1 437 -1 60 -1 60 -1 60 -1 -2
62 -1 60 -1 180 -1 60 -1 437 -1 437 -1 437 -1 60 -1 -2
62 -1 60 -1 180 -1 60 -1 437 -1 60 -1 60 -1 -2
62 -1 60 -1 180 -1 60 -1 437 -1 60 -1 60 -1 60 -1 -2
62 -1 60 -1 180 -1 60 -1 437 -1 60 -1 -2
62 -1 60 -1 180 -1 60 -1 437 -1 60 -1 -2
62 -1 60 -1 180 -1 60 -1 437 -1 60 -1 -2
62 -1 60 -1 180 -1 60 -1 437 -1 60 -1 -2
