62 -1 245 -1 60 -1 60 -1 60 -1 -2
62 -1 245 -1 60 -1 60 -1 60 -1 -2
60 -1 60 -1 62 -1 60 -1 245 -1 60 -1 60 -1 60 -1 -2
62 -1 60 -1 245 -1 60 -1 60 -1 60 -1 -2
62 -1 245 -1 60 -1 60 -1 60 -1 -2
62 -1 245 -1 60 -1 60 -1 60 -1 -2
62 -1 245 -1 60 -1 60 -1 60 -1 -2
62 -1 245 -1 60 -1 60 -1 60 -1 -2
62 -1 245 -1 60 -1 60 -1 60 -1 -2
62 -1 245 -1 60 -1 60 -1 60 -1 -2
62 -1 245 -1 60 -1 60 -1 60 -1 -2
62 -1 245 -1 60 -1 60 -1 60 -1 -2
62 -1 245 -1 60 -1 60 -1 60 -1 -2
62 -1 245 -1 60 -1 60 -1 60 -1 -2
62 -1 245 -1 60 -1 60 -1 60 -1 -2
62 -1 245 -1 60 -1 60 -1 60 -1 -2
62 -1 245 -1 60 -1 60 -1 60 -1 -2
