62 -1 60 -1 510 -1 534 -1 60 -1 -2
62 -1 60 -1 507 -1 97 -1 60 -1 -2
62 -1 60 -1 507 -1 97 -1 60 -1 -2
62 -1 60 -1 508 -1 97 -1 60 -1 60 -1 60 -1 -2
62 -1 60 -1 512 -1 1128 -1 60 -1 60 -1 60 -1 -2
62 -1 60 -1 507 -1 97 -1 60 -1 60 -1 60 -1 -2
62 -1 60 -1 508 -1 97 -1 60 -1 508 -1 97 -1 60 -1 60 -1 60 -1 -2
62 -1 60 -1 508 -1 97 -1 60 -1 60 -1 60 -1 -2
62 -1 60 -1 507 -1 97 -1 60 -1 60 -1 60 -1 -2
62 -1 60 -1 507 -1 97 -1 60 -1 -2
62 -1 60 -1 511 -1 543 -1 60 -1 60 -1 60 -1 -2
62 -1 60 -1 509 -1 434 -1 60 -1 60 -1 60 -1 -2
62 -1 60 -1 505 -1 97 -1 60 -1 60 -1 -2
