62 -1 60 -1 689 -1 60 -1 60 -1 -2
62 -1 60 -1 686 -1 60 -1 60 -1 -2
62 -1 60 -1 689 -1 60 -1 60 -1 -2
62 -1 60 -1 689 -1 60 -1 60 -1 -2
62 -1 60 -1 685 -1 60 -1 60 -1 -2
62 -1 60 -1 686 -1 60 -1 60 -1 -2
62 -1 60 -1 686 -1 60 -1 60 -1 -2
62 -1 60 -1 686 -1 60 -1 60 -1 -2
62 -1 60 -1 686 -1 60 -1 60 -1 -2
62 -1 60 -1 686 -1 60 -1 60 -1 -2
62 -1 60 -1 689 -1 60 -1 60 -1 -2
62 -1 60 -1 686 -1 60 -1 60 -1 -2
62 -1 60 -1 689 -1 60 -1 60 -1 -2
62 -1 60 -1 686 -1 60 -1 60 -1 -2
62 -1 60 -1 689 -1 60 -1 60 -1 -2
62 -1 60 -1 686 -1 60 -1 60 -1 -2
62 -1 60 -1 686 -1 60 -1 60 -1 -2
62 -1 60 -1 686 -1 60 -1 60 -1 -2
62 -1 60 -1 686 -1 60 -1 60 -1 -2
62 -1 60 -1 686 -1 60 -1 60 -1 -2
62 -1 60 -1 686 -1 60 -1 60 -1 -2
62 -1 60 -1 686 -1 60 -1 60 -1 -2
62 -1 60 -1 689 -1 60 -1 60 -1 -2
62 -1 60 -1 686 -1 60 -1 60 -1 -2
62 -1 60 -1 686 -1 60 -1 60 -1 -2
62 -1 60 -1 686 -1 60 -1 60 -1 -2
62 -1 60 -1 666 -1 60 -1 60 -1 -2
62 -1 60 -1 689 -1 60 -1 60 -1 -2
62 -1 60 -1 689 -1 60 -1 60 -1 -2
62 -1 60 -1 686 -1 60 -1 60 -1 -2
62 -1 60 -1 686 -1 60 -1 60 -1 -2
62 -1 60 -1 673 -1 60 -1 60 -1 -2
62 -1 60 -1 689 -1 60 -1 60 -1 -2
62 -1 60 -1 686 -1 60 -1 60 -1 -2
62 -1 60 -1 665 -1 60 -1 60 -1 -2
62 -1 60 -1 693 -1 60 -1 60 -1 -2
62 -1 60 -1 669 -1 60 -1 60 -1 -2
62 -1 60 -1 686 -1 60 -1 60 -1 -2
62 -1 60 -1 689 -1 60 -1 60 -1 -2
62 -1 60 -1 689 -1 60 -1 60 -1 -2
62 -1 60 -1 689 -1 60 -1 60 -1 -2
62 -1 60 -1 689 -1 60 -1 60 -1 -2
62 -1 60 -1 686 -1 60 -1 60 -1 -2
62 -1 60 -1 686 -1 60 -1 60 -1 -2
62 -1 60 -1 686 -1 60 -1 60 -1 -2
62 -1 60 -1 689 -1 60 -1 60 -1 -2
62 -1 60 -1 689 -1 60 -1 60 -1 -2
62 -1 60 -1 686 -1 60 -1 60 -1 -2
62 -1 60 -1 686 -1 60 -1 60 -1 -2
62 -1 60 -1 662 -1 60 -1 60 -1 -2
62 -1 60 -1 689 -1 60 -1 60 -1 -2
62 -1 60 -1 689 -1 60 -1 60 -1 -2
62 -1 60 -1 686 -1 60 -1 60 -1 -2
62 -1 60 -1 686 -1 60 -1 60 -1 -2
62 -1 60 -1 689 -1 60 -1 60 -1 -2
62 -1 60 -1 689 -1 60 -1 60 -1 -2
62 -1 60 -1 689 -1 60 -1 60 -1 -2
62 -1 60 -1 689 -1 60 -1 60 -1 -2
62 -1 60 -1 686 -1 60 -1 60 -1 -2
62 -1 60 -1 686 -1 60 -1 60 -1 -2
62 -1 60 -1 686 -1 60 -1 60 -1 -2
62 -1 60 -1 689 -1 60 -1 60 -1 -2
62 -1 60 -1 689 -1 60 -1 60 -1 -2
62 -1 60 -1 685 -1 60 -1 60 -1 -2
62 -1 60 -1 689 -1 60 -1 60 -1 -2
62 -1 60 -1 689 -1 60 -1 60 -1 -2
62 -1 60 -1 686 -1 60 -1 60 -1 -2
62 -1 60 -1 689 -1 60 -1 60 -1 -2
62 -1 60 -1 686 -1 60 -1 60 -1 -2
62 -1 60 -1 689 -1 60 -1 60 -1 -2
62 -1 60 -1 673 -1 60 -1 60 -1 -2
62 -1 60 -1 666 -1 60 -1 60 -1 -2
62 -1 60 -1 686 -1 60 -1 60 -1 -2
62 -1 60 -1 689 -1 60 -1 60 -1 -2
62 -1 60 -1 689 -1 60 -1 60 -1 -2
62 -1 60 -1 686 -1 60 -1 60 -1 -2
62 -1 60 -1 689 -1 60 -1 60 -1 -2
62 -1 60 -1 689 -1 60 -1 60 -1 -2
62 -1 60 -1 689 -1 60 -1 60 -1 -2
62 -1 60 -1 689 -1 60 -1 60 -1 -2
62 -1 60 -1 689 -1 60 -1 60 -1 -2
62 -1 60 -1 686 -1 60 -1 60 -1 -2
62 -1 60 -1 689 -1 60 -1 60 -1 -2
