60 -1 60 -1 310 -1 972 -1 60 -1 60 -1 60 -1 -2
60 -1 60 -1 60 -1 395 -1 60 -1 60 -1 60 -1 -2
60 -1 60 -1 311 -1 1294 -1 60 -1 60 -1 60 -1 60 -1 -2
60 -1 60 -1 444 -1 60 -1 60 -1 60 -1 60 -1 -2
60 -1 60 -1 311 -1 1332 -1 60 -1 60 -1 60 -1 60 -1 -2
60 -1 60 -1 311 -1 1294 -1 60 -1 60 -1 60 -1 60 -1 -2
60 -1 60 -1 395 -1 60 -1 60 -1 60 -1 60 -1 -2
60 -1 60 -1 60 -1 311 -1 1470 -1 338 -1 60 -1 60 -1 60 -1 60 -1 -2
60 -1 60 -1 60 -1 395 -1 60 -1 60 -1 60 -1 60 -1 -2
60 -1 60 -1 60 -1 311 -1 1470 -1 128 -1 60 -1 60 -1 60 -1 60 -1 -2
60 -1 60 -1 395 -1 553 -1 60 -1 60 -1 60 -1 60 -1 -2
60 -1 60 -1 311 -1 1230 -1 60 -1 60 -1 60 -1 60 -1 -2
60 -1 60 -1 310 -1 972 -1 60 -1 60 -1 60 -1 60 -1 -2
60 -1 60 -1 60 -1 311 -1 1470 -1 606 -1 60 -1 60 -1 60 -1 60 -1 -2
60 -1 60 -1 395 -1 60 -1 60 -1 60 -1 60 -1 -2
60 -1 60 -1 311 -1 1470 -1 128 -1 60 -1 60 -1 60 -1 60 -1 -2
60 -1 60 -1 60 -1 311 -1 1230 -1 60 -1 60 -1 60 -1 60 -1 -2
60 -1 60 -1 395 -1 60 -1 60 -1 60 -1 60 -1 -2
60 -1 60 -1 444 -1 60 -1 60 -1 60 -1 60 -1 -2
